summary_axis,value,row_count
boundary_use_class,continuation_valid,252784
boundary_use_class,episode_terminal_useful,45936
