library_size_case_id,policy_id,history_length,launch_role,outer_case_index,outer_case_type,environment_block_id,episode_id,primitive_step_index,start_state_family,route_required_entry_class,selected_primitive_id,selected_primitive_variant_id,selected_memory_shield_status,selected_memory_shield_accepted,selected_memory_shield_baseline_variant_id,selected_memory_shield_memory_variant_id,selected_memory_shield_score_margin,selected_memory_shield_memory_correction_delta,selected_memory_near_tie_base_score_margin,selected_memory_near_tie_base_score_gap_to_best,selected_memory_near_tie_factor,selected_raw_memory_score_component,selected_effective_memory_score_component,selected_memory_shield_base_score_gap_to_baseline,selected_memory_shield_memory_opportunity_ratio,selected_memory_shield_candidate_path_confidence,selected_memory_shield_candidate_path_uncertainty,selected_memory_shield_exploration_score_component,selected_memory_shield_path_exit_margin_delta_m,selected_flow_map_grid_resolution_m,selected_flow_map_query_radius_m,selected_flow_map_reachable_attraction_m,selected_flow_map_reachable_attraction_confidence,selected_flow_map_reachable_attraction_query_count,selected_flow_map_reachable_attraction_observation_count,selected_flow_map_candidate_path_uncertainty,selected_flow_map_memory_guided_exploration_uncertainty,memory_opportunity_policy,memory_policy_version
heavy_cluster,no_memory_baseline,0,final_heldout,7,r10_l7_full_domain_randomisation_arena_wide_training,r10_l7_full_domain_randomisation_arena_wide_training,r10_heavy_cluster_no_memory_baseline_final_0007,0,launch_gate,launch_gate,safe_exit_or_recovery_handoff,primvar_safe_exit_or_recovery_handoff_transition_object_d17d451ad8d8,not_active_no_candidate_path_memory,True,primvar_safe_exit_or_recovery_handoff_transition_object_d17d451ad8d8,primvar_safe_exit_or_recovery_handoff_transition_object_d17d451ad8d8,0.0,0.0,0.03,0.0,0.0,0.0,0.0,0.0,0.0,0.0,0.5192927236475235,0.0,0.0,0.1,0.2,0.0,0.0,0,0,1.0,0.5192927236475235,decision_level_baseline_vs_candidate_path_memory_gap_audit,outer_loop_spatial_flow_belief_safe_explore_exploit_memory_v2_2
heavy_cluster,no_memory_baseline,0,final_heldout,7,r10_l7_full_domain_randomisation_arena_wide_training,r10_l7_full_domain_randomisation_arena_wide_training,r10_heavy_cluster_no_memory_baseline_final_0007,1,inflight_nominal,inflight_stable,lift_dwell_arc,primvar_lift_dwell_arc_transition_object_f5212e7a8993,not_active_no_candidate_path_memory,True,primvar_lift_dwell_arc_transition_object_f5212e7a8993,primvar_lift_dwell_arc_transition_object_f5212e7a8993,0.0,0.0,0.03,0.0,0.0,0.0,0.0,0.0,0.0,0.0,0.54978360463812,0.0,0.0,0.1,0.2,0.0,0.0,0,0,1.0,0.54978360463812,decision_level_baseline_vs_candidate_path_memory_gap_audit,outer_loop_spatial_flow_belief_safe_explore_exploit_memory_v2_2
heavy_cluster,no_memory_baseline,0,final_heldout,7,r10_l7_full_domain_randomisation_arena_wide_training,r10_l7_full_domain_randomisation_arena_wide_training,r10_heavy_cluster_no_memory_baseline_final_0007,2,inflight_nominal,inflight_stable,lift_dwell_arc,primvar_lift_dwell_arc_transition_object_f5212e7a8993,not_active_no_candidate_path_memory,True,primvar_lift_dwell_arc_transition_object_f5212e7a8993,primvar_lift_dwell_arc_transition_object_f5212e7a8993,0.0,0.0,0.03,0.0,0.0,0.0,0.0,0.0,0.0,0.0,0.5724822580623349,0.0,0.0,0.1,0.2,0.0,0.0,0,0,1.0,0.5724822580623349,decision_level_baseline_vs_candidate_path_memory_gap_audit,outer_loop_spatial_flow_belief_safe_explore_exploit_memory_v2_2
heavy_cluster,no_memory_baseline,0,final_heldout,7,r10_l7_full_domain_randomisation_arena_wide_training,r10_l7_full_domain_randomisation_arena_wide_training,r10_heavy_cluster_no_memory_baseline_final_0007,3,inflight_nominal,inflight_stable,lift_dwell_arc,primvar_lift_dwell_arc_transition_object_f5212e7a8993,not_active_no_candidate_path_memory,True,primvar_lift_dwell_arc_transition_object_f5212e7a8993,primvar_lift_dwell_arc_transition_object_f5212e7a8993,0.0,0.0,0.03,0.0,0.0,0.0,0.0,0.0,0.0,0.0,0.5993675434562011,0.0,0.0,0.1,0.2,0.0,0.0,0,0,1.0,0.5993675434562011,decision_level_baseline_vs_candidate_path_memory_gap_audit,outer_loop_spatial_flow_belief_safe_explore_exploit_memory_v2_2
heavy_cluster,no_memory_baseline,0,final_heldout,7,r10_l7_full_domain_randomisation_arena_wide_training,r10_l7_full_domain_randomisation_arena_wide_training,r10_heavy_cluster_no_memory_baseline_final_0007,4,inflight_nominal,inflight_stable,lift_dwell_arc,primvar_lift_dwell_arc_transition_object_f5212e7a8993,not_active_no_candidate_path_memory,True,primvar_lift_dwell_arc_transition_object_f5212e7a8993,primvar_lift_dwell_arc_transition_object_f5212e7a8993,0.0,0.0,0.03,0.0,0.0,0.0,0.0,0.0,0.0,0.0,0.6307342167446015,0.0,0.0,0.1,0.2,0.0,0.0,0,0,1.0,0.6307342167446015,decision_level_baseline_vs_candidate_path_memory_gap_audit,outer_loop_spatial_flow_belief_safe_explore_exploit_memory_v2_2
heavy_cluster,no_memory_baseline,0,final_heldout,7,r10_l7_full_domain_randomisation_arena_wide_training,r10_l7_full_domain_randomisation_arena_wide_training,r10_heavy_cluster_no_memory_baseline_final_0007,5,inflight_nominal,inflight_stable,lift_dwell_arc,primvar_lift_dwell_arc_transition_object_f5212e7a8993,not_active_no_candidate_path_memory,True,primvar_lift_dwell_arc_transition_object_f5212e7a8993,primvar_lift_dwell_arc_transition_object_f5212e7a8993,0.0,0.0,0.03,0.0,0.0,0.0,0.0,0.0,0.0,0.0,0.6677026617481004,0.0,0.0,0.1,0.2,0.0,0.0,0,0,1.0,0.6677026617481004,decision_level_baseline_vs_candidate_path_memory_gap_audit,outer_loop_spatial_flow_belief_safe_explore_exploit_memory_v2_2
heavy_cluster,no_memory_baseline,0,final_heldout,7,r10_l7_full_domain_randomisation_arena_wide_training,r10_l7_full_domain_randomisation_arena_wide_training,r10_heavy_cluster_no_memory_baseline_final_0007,6,inflight_nominal,inflight_stable,lift_dwell_arc,primvar_lift_dwell_arc_transition_object_f5212e7a8993,not_active_no_candidate_path_memory,True,primvar_lift_dwell_arc_transition_object_f5212e7a8993,primvar_lift_dwell_arc_transition_object_f5212e7a8993,0.0,0.0,0.03,0.0,0.0,0.0,0.0,0.0,0.0,0.0,0.7121896563430364,0.0,0.0,0.1,0.2,0.0,0.0,0,0,1.0,0.7121896563430364,decision_level_baseline_vs_candidate_path_memory_gap_audit,outer_loop_spatial_flow_belief_safe_explore_exploit_memory_v2_2
heavy_cluster,no_memory_baseline,0,final_heldout,7,r10_l7_full_domain_randomisation_arena_wide_training,r10_l7_full_domain_randomisation_arena_wide_training,r10_heavy_cluster_no_memory_baseline_final_0007,7,inflight_nominal,inflight_stable,lift_dwell_arc,primvar_lift_dwell_arc_transition_object_f5212e7a8993,not_active_no_candidate_path_memory,True,primvar_lift_dwell_arc_transition_object_f5212e7a8993,primvar_lift_dwell_arc_transition_object_f5212e7a8993,0.0,0.0,0.03,0.0,0.0,0.0,0.0,0.0,0.0,0.0,0.7670170554557298,0.0,0.0,0.1,0.2,0.0,0.0,0,0,1.0,0.7670170554557298,decision_level_baseline_vs_candidate_path_memory_gap_audit,outer_loop_spatial_flow_belief_safe_explore_exploit_memory_v2_2
heavy_cluster,no_memory_baseline,0,final_heldout,7,r10_l7_full_domain_randomisation_arena_wide_training,r10_l7_full_domain_randomisation_arena_wide_training,r10_heavy_cluster_no_memory_baseline_final_0007,8,inflight_nominal,inflight_stable,recovery,primvar_recovery_transition_object_4268876749b8,not_active_no_candidate_path_memory,True,primvar_recovery_transition_object_4268876749b8,primvar_recovery_transition_object_4268876749b8,0.0,0.0,0.03,0.0,0.0,0.0,0.0,0.0,0.0,0.0,0.8413578208879636,0.0,0.0,0.1,0.2,0.0,0.0,0,0,1.0,0.8413578208879636,decision_level_baseline_vs_candidate_path_memory_gap_audit,outer_loop_spatial_flow_belief_safe_explore_exploit_memory_v2_2
heavy_cluster,no_memory_baseline,0,final_heldout,7,r10_l7_full_domain_randomisation_arena_wide_training,r10_l7_full_domain_randomisation_arena_wide_training,r10_heavy_cluster_no_memory_baseline_final_0007,9,inflight_recovery_edge,recoverable_degraded,safe_exit_or_recovery_handoff,primvar_safe_exit_or_recovery_handoff_transition_object_a195686788f5,not_active_no_candidate_path_memory,True,primvar_safe_exit_or_recovery_handoff_transition_object_a195686788f5,primvar_safe_exit_or_recovery_handoff_transition_object_a195686788f5,0.0,0.0,0.03,0.0,0.0,0.0,0.0,0.0,0.0,0.0,0.5951089791554747,0.0,0.0,0.1,0.2,0.0,0.0,0,0,1.0,0.5951089791554747,decision_level_baseline_vs_candidate_path_memory_gap_audit,outer_loop_spatial_flow_belief_safe_explore_exploit_memory_v2_2
heavy_cluster,no_memory_baseline,0,final_heldout,2,r10_l7_full_domain_randomisation_arena_wide_training,r10_l7_full_domain_randomisation_arena_wide_training,r10_heavy_cluster_no_memory_baseline_final_0002,0,launch_gate,launch_gate,mild_turn_left,primvar_mild_turn_left_transition_object_c5942d118f74,not_active_no_candidate_path_memory,True,primvar_mild_turn_left_transition_object_c5942d118f74,primvar_mild_turn_left_transition_object_c5942d118f74,0.0,0.0,0.03,0.0,0.0,0.0,0.0,0.0,0.0,0.0,0.6274905671197689,0.0,0.0,0.1,0.2,0.0,0.0,0,0,1.0,0.6274905671197689,decision_level_baseline_vs_candidate_path_memory_gap_audit,outer_loop_spatial_flow_belief_safe_explore_exploit_memory_v2_2
heavy_cluster,no_memory_baseline,0,final_heldout,2,r10_l7_full_domain_randomisation_arena_wide_training,r10_l7_full_domain_randomisation_arena_wide_training,r10_heavy_cluster_no_memory_baseline_final_0002,1,inflight_nominal,inflight_stable,mild_turn_left,primvar_mild_turn_left_transition_object_c0027154e9bd,not_active_no_candidate_path_memory,True,primvar_mild_turn_left_transition_object_c0027154e9bd,primvar_mild_turn_left_transition_object_c0027154e9bd,0.0,0.0,0.03,0.0,0.0,0.0,0.0,0.0,0.0,0.0,0.6696940102215148,0.0,0.0,0.1,0.2,0.0,0.0,0,0,1.0,0.6696940102215148,decision_level_baseline_vs_candidate_path_memory_gap_audit,outer_loop_spatial_flow_belief_safe_explore_exploit_memory_v2_2
heavy_cluster,no_memory_baseline,0,final_heldout,2,r10_l7_full_domain_randomisation_arena_wide_training,r10_l7_full_domain_randomisation_arena_wide_training,r10_heavy_cluster_no_memory_baseline_final_0002,2,inflight_recovery_edge,recoverable_degraded,safe_exit_or_recovery_handoff,primvar_safe_exit_or_recovery_handoff_transition_object_a195686788f5,not_active_no_candidate_path_memory,True,primvar_safe_exit_or_recovery_handoff_transition_object_a195686788f5,primvar_safe_exit_or_recovery_handoff_transition_object_a195686788f5,0.0,0.0,0.03,0.0,0.0,0.0,0.0,0.0,0.0,0.0,0.4173937493217637,0.0,0.0,0.1,0.2,0.0,0.0,0,0,1.0,0.4173937493217637,decision_level_baseline_vs_candidate_path_memory_gap_audit,outer_loop_spatial_flow_belief_safe_explore_exploit_memory_v2_2
heavy_cluster,no_memory_baseline,0,final_heldout,2,r10_l7_full_domain_randomisation_arena_wide_training,r10_l7_full_domain_randomisation_arena_wide_training,r10_heavy_cluster_no_memory_baseline_final_0002,3,inflight_recovery_edge,recoverable_degraded,safe_exit_or_recovery_handoff,primvar_safe_exit_or_recovery_handoff_transition_object_a195686788f5,not_active_no_candidate_path_memory,True,primvar_safe_exit_or_recovery_handoff_transition_object_a195686788f5,primvar_safe_exit_or_recovery_handoff_transition_object_a195686788f5,0.0,0.0,0.03,0.0,0.0,0.0,0.0,0.0,0.0,0.0,0.4409542716239859,0.0,0.0,0.1,0.2,0.0,0.0,0,0,1.0,0.4409542716239859,decision_level_baseline_vs_candidate_path_memory_gap_audit,outer_loop_spatial_flow_belief_safe_explore_exploit_memory_v2_2
heavy_cluster,no_memory_baseline,0,final_heldout,2,r10_l7_full_domain_randomisation_arena_wide_training,r10_l7_full_domain_randomisation_arena_wide_training,r10_heavy_cluster_no_memory_baseline_final_0002,4,inflight_recovery_edge,recoverable_degraded,safe_exit_or_recovery_handoff,primvar_safe_exit_or_recovery_handoff_transition_object_a195686788f5,not_active_no_candidate_path_memory,True,primvar_safe_exit_or_recovery_handoff_transition_object_a195686788f5,primvar_safe_exit_or_recovery_handoff_transition_object_a195686788f5,0.0,0.0,0.03,0.0,0.0,0.0,0.0,0.0,0.0,0.0,0.4679245372853654,0.0,0.0,0.1,0.2,0.0,0.0,0,0,1.0,0.4679245372853654,decision_level_baseline_vs_candidate_path_memory_gap_audit,outer_loop_spatial_flow_belief_safe_explore_exploit_memory_v2_2
heavy_cluster,no_memory_baseline,0,final_heldout,2,r10_l7_full_domain_randomisation_arena_wide_training,r10_l7_full_domain_randomisation_arena_wide_training,r10_heavy_cluster_no_memory_baseline_final_0002,5,inflight_recovery_edge,recoverable_degraded,safe_exit_or_recovery_handoff,primvar_safe_exit_or_recovery_handoff_transition_object_a195686788f5,not_active_no_candidate_path_memory,True,primvar_safe_exit_or_recovery_handoff_transition_object_a195686788f5,primvar_safe_exit_or_recovery_handoff_transition_object_a195686788f5,0.0,0.0,0.03,0.0,0.0,0.0,0.0,0.0,0.0,0.0,0.5001802233809014,0.0,0.0,0.1,0.2,0.0,0.0,0,0,1.0,0.5001802233809014,decision_level_baseline_vs_candidate_path_memory_gap_audit,outer_loop_spatial_flow_belief_safe_explore_exploit_memory_v2_2
heavy_cluster,no_memory_baseline,0,final_heldout,2,r10_l7_full_domain_randomisation_arena_wide_training,r10_l7_full_domain_randomisation_arena_wide_training,r10_heavy_cluster_no_memory_baseline_final_0002,6,inflight_recovery_edge,recoverable_degraded,safe_exit_or_recovery_handoff,primvar_safe_exit_or_recovery_handoff_transition_object_a195686788f5,not_active_no_candidate_path_memory,True,primvar_safe_exit_or_recovery_handoff_transition_object_a195686788f5,primvar_safe_exit_or_recovery_handoff_transition_object_a195686788f5,0.0,0.0,0.03,0.0,0.0,0.0,0.0,0.0,0.0,0.0,0.542340067879161,0.0,0.0,0.1,0.2,0.0,0.0,0,0,1.0,0.542340067879161,decision_level_baseline_vs_candidate_path_memory_gap_audit,outer_loop_spatial_flow_belief_safe_explore_exploit_memory_v2_2
heavy_cluster,no_memory_baseline,0,final_heldout,2,r10_l7_full_domain_randomisation_arena_wide_training,r10_l7_full_domain_randomisation_arena_wide_training,r10_heavy_cluster_no_memory_baseline_final_0002,7,inflight_recovery_edge,recoverable_degraded,safe_exit_or_recovery_handoff,primvar_safe_exit_or_recovery_handoff_transition_object_a195686788f5,not_active_no_candidate_path_memory,True,primvar_safe_exit_or_recovery_handoff_transition_object_a195686788f5,primvar_safe_exit_or_recovery_handoff_transition_object_a195686788f5,0.0,0.0,0.03,0.0,0.0,0.0,0.0,0.0,0.0,0.0,0.6010247582073647,0.0,0.0,0.1,0.2,0.0,0.0,0,0,1.0,0.6010247582073647,decision_level_baseline_vs_candidate_path_memory_gap_audit,outer_loop_spatial_flow_belief_safe_explore_exploit_memory_v2_2
heavy_cluster,no_memory_baseline,0,final_heldout,2,r10_l7_full_domain_randomisation_arena_wide_training,r10_l7_full_domain_randomisation_arena_wide_training,r10_heavy_cluster_no_memory_baseline_final_0002,8,inflight_boundary_near,boundary_near,safe_exit_or_recovery_handoff,primvar_safe_exit_or_recovery_handoff_transition_object_ac25a091328a,not_active_no_candidate_path_memory,True,primvar_safe_exit_or_recovery_handoff_transition_object_ac25a091328a,primvar_safe_exit_or_recovery_handoff_transition_object_ac25a091328a,0.0,0.0,0.03,0.0,0.0,0.0,0.0,0.0,0.0,0.0,1.0,0.0,0.0,0.1,0.2,0.0,0.0,0,0,1.0,1.0,decision_level_baseline_vs_candidate_path_memory_gap_audit,outer_loop_spatial_flow_belief_safe_explore_exploit_memory_v2_2
heavy_cluster,no_memory_baseline,0,final_heldout,2,r10_l7_full_domain_randomisation_arena_wide_training,r10_l7_full_domain_randomisation_arena_wide_training,r10_heavy_cluster_no_memory_baseline_final_0002,9,inflight_boundary_near,boundary_near,safe_exit_or_recovery_handoff,primvar_safe_exit_or_recovery_handoff_transition_object_ac25a091328a,not_active_no_candidate_path_memory,True,primvar_safe_exit_or_recovery_handoff_transition_object_ac25a091328a,primvar_safe_exit_or_recovery_handoff_transition_object_ac25a091328a,0.0,0.0,0.03,0.0,0.0,0.0,0.0,0.0,0.0,0.0,1.0,0.0,0.0,0.1,0.2,0.0,0.0,0,0,1.0,1.0,decision_level_baseline_vs_candidate_path_memory_gap_audit,outer_loop_spatial_flow_belief_safe_explore_exploit_memory_v2_2
heavy_cluster,no_memory_baseline,0,final_heldout,2,r10_l7_full_domain_randomisation_arena_wide_training,r10_l7_full_domain_randomisation_arena_wide_training,r10_heavy_cluster_no_memory_baseline_final_0002,10,inflight_boundary_near,boundary_near,safe_exit_or_recovery_handoff,primvar_safe_exit_or_recovery_handoff_transition_object_ac25a091328a,not_active_no_candidate_path_memory,True,primvar_safe_exit_or_recovery_handoff_transition_object_ac25a091328a,primvar_safe_exit_or_recovery_handoff_transition_object_ac25a091328a,0.0,0.0,0.03,0.0,0.0,0.0,0.0,0.0,0.0,0.0,1.0,0.0,0.0,0.1,0.2,0.0,0.0,0,0,1.0,1.0,decision_level_baseline_vs_candidate_path_memory_gap_audit,outer_loop_spatial_flow_belief_safe_explore_exploit_memory_v2_2
heavy_cluster,no_memory_baseline,0,final_heldout,2,r10_l7_full_domain_randomisation_arena_wide_training,r10_l7_full_domain_randomisation_arena_wide_training,r10_heavy_cluster_no_memory_baseline_final_0002,11,inflight_boundary_near,boundary_near,lift_dwell_arc,primvar_lift_dwell_arc_transition_object_2a54829d66c4,not_active_no_candidate_path_memory,True,primvar_lift_dwell_arc_transition_object_2a54829d66c4,primvar_lift_dwell_arc_transition_object_2a54829d66c4,0.0,0.0,0.03,0.0,0.0,0.0,0.0,0.0,0.0,0.0,1.0,0.0,0.0,0.1,0.2,0.0,0.0,0,0,1.0,1.0,decision_level_baseline_vs_candidate_path_memory_gap_audit,outer_loop_spatial_flow_belief_safe_explore_exploit_memory_v2_2
heavy_cluster,no_memory_baseline,0,final_heldout,2,r10_l7_full_domain_randomisation_arena_wide_training,r10_l7_full_domain_randomisation_arena_wide_training,r10_heavy_cluster_no_memory_baseline_final_0002,12,inflight_boundary_near,boundary_near,lift_dwell_arc,primvar_lift_dwell_arc_transition_object_2a54829d66c4,not_active_no_candidate_path_memory,True,primvar_lift_dwell_arc_transition_object_2a54829d66c4,primvar_lift_dwell_arc_transition_object_2a54829d66c4,0.0,0.0,0.03,0.0,0.0,0.0,0.0,0.0,0.0,0.0,0.7687037993429544,0.0,0.0,0.1,0.2,0.0,0.0,0,0,1.0,0.7687037993429544,decision_level_baseline_vs_candidate_path_memory_gap_audit,outer_loop_spatial_flow_belief_safe_explore_exploit_memory_v2_2
heavy_cluster,no_memory_baseline,0,final_heldout,3,r10_l7_full_domain_randomisation_arena_wide_training,r10_l7_full_domain_randomisation_arena_wide_training,r10_heavy_cluster_no_memory_baseline_final_0003,0,launch_gate,launch_gate,mild_turn_right,primvar_mild_turn_right_transition_object_37acc62dccb1,not_active_no_candidate_path_memory,True,primvar_mild_turn_right_transition_object_37acc62dccb1,primvar_mild_turn_right_transition_object_37acc62dccb1,0.0,0.0,0.03,0.0,0.0,0.0,0.0,0.0,0.0,0.0,0.7141719289799526,0.0,0.0,0.1,0.2,0.0,0.0,0,0,1.0,0.7141719289799526,decision_level_baseline_vs_candidate_path_memory_gap_audit,outer_loop_spatial_flow_belief_safe_explore_exploit_memory_v2_2
heavy_cluster,no_memory_baseline,0,final_heldout,3,r10_l7_full_domain_randomisation_arena_wide_training,r10_l7_full_domain_randomisation_arena_wide_training,r10_heavy_cluster_no_memory_baseline_final_0003,1,inflight_boundary_near,boundary_near,recovery,primvar_recovery_transition_object_2a5c20ec4293,not_active_no_candidate_path_memory,True,primvar_recovery_transition_object_2a5c20ec4293,primvar_recovery_transition_object_2a5c20ec4293,0.0,0.0,0.03,0.0,0.0,0.0,0.0,0.0,0.0,0.0,0.7816587384438132,0.0,0.0,0.1,0.2,0.0,0.0,0,0,1.0,0.7816587384438132,decision_level_baseline_vs_candidate_path_memory_gap_audit,outer_loop_spatial_flow_belief_safe_explore_exploit_memory_v2_2
heavy_cluster,no_memory_baseline,0,final_heldout,3,r10_l7_full_domain_randomisation_arena_wide_training,r10_l7_full_domain_randomisation_arena_wide_training,r10_heavy_cluster_no_memory_baseline_final_0003,2,inflight_boundary_near,boundary_near,recovery,primvar_recovery_transition_object_2a5c20ec4293,not_active_no_candidate_path_memory,True,primvar_recovery_transition_object_2a5c20ec4293,primvar_recovery_transition_object_2a5c20ec4293,0.0,0.0,0.03,0.0,0.0,0.0,0.0,0.0,0.0,0.0,0.8761321714721584,0.0,0.0,0.1,0.2,0.0,0.0,0,0,1.0,0.8761321714721584,decision_level_baseline_vs_candidate_path_memory_gap_audit,outer_loop_spatial_flow_belief_safe_explore_exploit_memory_v2_2
heavy_cluster,no_memory_baseline,0,final_heldout,3,r10_l7_full_domain_randomisation_arena_wide_training,r10_l7_full_domain_randomisation_arena_wide_training,r10_heavy_cluster_no_memory_baseline_final_0003,3,inflight_boundary_near,boundary_near,lift_entry,primvar_lift_entry_transition_object_299a4397174a,not_active_no_candidate_path_memory,True,primvar_lift_entry_transition_object_299a4397174a,primvar_lift_entry_transition_object_299a4397174a,0.0,0.0,0.03,0.0,0.0,0.0,0.0,0.0,0.0,0.0,1.0,0.0,0.0,0.1,0.2,0.0,0.0,0,0,1.0,1.0,decision_level_baseline_vs_candidate_path_memory_gap_audit,outer_loop_spatial_flow_belief_safe_explore_exploit_memory_v2_2
heavy_cluster,no_memory_baseline,0,final_heldout,3,r10_l7_full_domain_randomisation_arena_wide_training,r10_l7_full_domain_randomisation_arena_wide_training,r10_heavy_cluster_no_memory_baseline_final_0003,4,inflight_boundary_near,boundary_near,lift_entry,primvar_lift_entry_transition_object_299a4397174a,not_active_no_candidate_path_memory,True,primvar_lift_entry_transition_object_299a4397174a,primvar_lift_entry_transition_object_299a4397174a,0.0,0.0,0.03,0.0,0.0,0.0,0.0,0.0,0.0,0.0,1.0,0.0,0.0,0.1,0.2,0.0,0.0,0,0,1.0,1.0,decision_level_baseline_vs_candidate_path_memory_gap_audit,outer_loop_spatial_flow_belief_safe_explore_exploit_memory_v2_2
heavy_cluster,no_memory_baseline,0,final_heldout,3,r10_l7_full_domain_randomisation_arena_wide_training,r10_l7_full_domain_randomisation_arena_wide_training,r10_heavy_cluster_no_memory_baseline_final_0003,5,inflight_boundary_near,boundary_near,lift_entry,primvar_lift_entry_transition_object_299a4397174a,not_active_no_candidate_path_memory,True,primvar_lift_entry_transition_object_299a4397174a,primvar_lift_entry_transition_object_299a4397174a,0.0,0.0,0.03,0.0,0.0,0.0,0.0,0.0,0.0,0.0,1.0,0.0,0.0,0.1,0.2,0.0,0.0,0,0,1.0,1.0,decision_level_baseline_vs_candidate_path_memory_gap_audit,outer_loop_spatial_flow_belief_safe_explore_exploit_memory_v2_2
heavy_cluster,no_memory_baseline,0,final_heldout,3,r10_l7_full_domain_randomisation_arena_wide_training,r10_l7_full_domain_randomisation_arena_wide_training,r10_heavy_cluster_no_memory_baseline_final_0003,6,inflight_boundary_near,boundary_near,lift_entry,primvar_lift_entry_transition_object_299a4397174a,not_active_no_candidate_path_memory,True,primvar_lift_entry_transition_object_299a4397174a,primvar_lift_entry_transition_object_299a4397174a,0.0,0.0,0.03,0.0,0.0,0.0,0.0,0.0,0.0,0.0,1.0,0.0,0.0,0.1,0.2,0.0,0.0,0,0,1.0,1.0,decision_level_baseline_vs_candidate_path_memory_gap_audit,outer_loop_spatial_flow_belief_safe_explore_exploit_memory_v2_2
heavy_cluster,no_memory_baseline,0,final_heldout,3,r10_l7_full_domain_randomisation_arena_wide_training,r10_l7_full_domain_randomisation_arena_wide_training,r10_heavy_cluster_no_memory_baseline_final_0003,7,inflight_boundary_near,boundary_near,lift_entry,primvar_lift_entry_transition_object_299a4397174a,not_active_no_candidate_path_memory,True,primvar_lift_entry_transition_object_299a4397174a,primvar_lift_entry_transition_object_299a4397174a,0.0,0.0,0.03,0.0,0.0,0.0,0.0,0.0,0.0,0.0,1.0,0.0,0.0,0.1,0.2,0.0,0.0,0,0,1.0,1.0,decision_level_baseline_vs_candidate_path_memory_gap_audit,outer_loop_spatial_flow_belief_safe_explore_exploit_memory_v2_2
heavy_cluster,no_memory_baseline,0,final_heldout,5,r10_l7_full_domain_randomisation_arena_wide_training,r10_l7_full_domain_randomisation_arena_wide_training,r10_heavy_cluster_no_memory_baseline_final_0005,0,launch_gate,launch_gate,mild_turn_right,primvar_mild_turn_right_transition_object_37acc62dccb1,not_active_no_candidate_path_memory,True,primvar_mild_turn_right_transition_object_37acc62dccb1,primvar_mild_turn_right_transition_object_37acc62dccb1,0.0,0.0,0.03,0.0,0.0,0.0,0.0,0.0,0.0,0.0,0.7045320332766253,0.0,0.0,0.1,0.2,0.0,0.0,0,0,1.0,0.7045320332766253,decision_level_baseline_vs_candidate_path_memory_gap_audit,outer_loop_spatial_flow_belief_safe_explore_exploit_memory_v2_2
heavy_cluster,no_memory_baseline,0,final_heldout,5,r10_l7_full_domain_randomisation_arena_wide_training,r10_l7_full_domain_randomisation_arena_wide_training,r10_heavy_cluster_no_memory_baseline_final_0005,1,inflight_boundary_near,boundary_near,recovery,primvar_recovery_transition_object_2a5c20ec4293,not_active_no_candidate_path_memory,True,primvar_recovery_transition_object_2a5c20ec4293,primvar_recovery_transition_object_2a5c20ec4293,0.0,0.0,0.03,0.0,0.0,0.0,0.0,0.0,0.0,0.0,0.7612876397236292,0.0,0.0,0.1,0.2,0.0,0.0,0,0,1.0,0.7612876397236292,decision_level_baseline_vs_candidate_path_memory_gap_audit,outer_loop_spatial_flow_belief_safe_explore_exploit_memory_v2_2
heavy_cluster,no_memory_baseline,0,final_heldout,5,r10_l7_full_domain_randomisation_arena_wide_training,r10_l7_full_domain_randomisation_arena_wide_training,r10_heavy_cluster_no_memory_baseline_final_0005,2,inflight_boundary_near,boundary_near,recovery,primvar_recovery_transition_object_2a5c20ec4293,not_active_no_candidate_path_memory,True,primvar_recovery_transition_object_2a5c20ec4293,primvar_recovery_transition_object_2a5c20ec4293,0.0,0.0,0.03,0.0,0.0,0.0,0.0,0.0,0.0,0.0,0.8454331771206343,0.0,0.0,0.1,0.2,0.0,0.0,0,0,1.0,0.8454331771206343,decision_level_baseline_vs_candidate_path_memory_gap_audit,outer_loop_spatial_flow_belief_safe_explore_exploit_memory_v2_2
heavy_cluster,no_memory_baseline,0,final_heldout,5,r10_l7_full_domain_randomisation_arena_wide_training,r10_l7_full_domain_randomisation_arena_wide_training,r10_heavy_cluster_no_memory_baseline_final_0005,3,inflight_boundary_near,boundary_near,recovery,primvar_recovery_transition_object_2a5c20ec4293,not_active_no_candidate_path_memory,True,primvar_recovery_transition_object_2a5c20ec4293,primvar_recovery_transition_object_2a5c20ec4293,0.0,0.0,0.03,0.0,0.0,0.0,0.0,0.0,0.0,0.0,0.962738660774827,0.0,0.0,0.1,0.2,0.0,0.0,0,0,1.0,0.962738660774827,decision_level_baseline_vs_candidate_path_memory_gap_audit,outer_loop_spatial_flow_belief_safe_explore_exploit_memory_v2_2
heavy_cluster,no_memory_baseline,0,final_heldout,5,r10_l7_full_domain_randomisation_arena_wide_training,r10_l7_full_domain_randomisation_arena_wide_training,r10_heavy_cluster_no_memory_baseline_final_0005,4,inflight_boundary_near,boundary_near,lift_entry,primvar_lift_entry_transition_object_299a4397174a,not_active_no_candidate_path_memory,True,primvar_lift_entry_transition_object_299a4397174a,primvar_lift_entry_transition_object_299a4397174a,0.0,0.0,0.03,0.0,0.0,0.0,0.0,0.0,0.0,0.0,1.0,0.0,0.0,0.1,0.2,0.0,0.0,0,0,1.0,1.0,decision_level_baseline_vs_candidate_path_memory_gap_audit,outer_loop_spatial_flow_belief_safe_explore_exploit_memory_v2_2
heavy_cluster,no_memory_baseline,0,final_heldout,5,r10_l7_full_domain_randomisation_arena_wide_training,r10_l7_full_domain_randomisation_arena_wide_training,r10_heavy_cluster_no_memory_baseline_final_0005,5,inflight_boundary_near,boundary_near,mild_turn_left,primvar_mild_turn_left_transition_object_fee0dc32131a,not_active_no_candidate_path_memory,True,primvar_mild_turn_left_transition_object_fee0dc32131a,primvar_mild_turn_left_transition_object_fee0dc32131a,0.0,0.0,0.03,0.0,0.0,0.0,0.0,0.0,0.0,0.0,1.0,0.0,0.0,0.1,0.2,0.0,0.0,0,0,1.0,1.0,decision_level_baseline_vs_candidate_path_memory_gap_audit,outer_loop_spatial_flow_belief_safe_explore_exploit_memory_v2_2
heavy_cluster,no_memory_baseline,0,final_heldout,5,r10_l7_full_domain_randomisation_arena_wide_training,r10_l7_full_domain_randomisation_arena_wide_training,r10_heavy_cluster_no_memory_baseline_final_0005,6,inflight_boundary_near,boundary_near,mild_turn_left,primvar_mild_turn_left_transition_object_fee0dc32131a,not_active_no_candidate_path_memory,True,primvar_mild_turn_left_transition_object_fee0dc32131a,primvar_mild_turn_left_transition_object_fee0dc32131a,0.0,0.0,0.03,0.0,0.0,0.0,0.0,0.0,0.0,0.0,1.0,0.0,0.0,0.1,0.2,0.0,0.0,0,0,1.0,1.0,decision_level_baseline_vs_candidate_path_memory_gap_audit,outer_loop_spatial_flow_belief_safe_explore_exploit_memory_v2_2
heavy_cluster,no_memory_baseline,0,final_heldout,5,r10_l7_full_domain_randomisation_arena_wide_training,r10_l7_full_domain_randomisation_arena_wide_training,r10_heavy_cluster_no_memory_baseline_final_0005,7,inflight_boundary_near,boundary_near,mild_turn_left,primvar_mild_turn_left_transition_object_fee0dc32131a,not_active_no_candidate_path_memory,True,primvar_mild_turn_left_transition_object_fee0dc32131a,primvar_mild_turn_left_transition_object_fee0dc32131a,0.0,0.0,0.03,0.0,0.0,0.0,0.0,0.0,0.0,0.0,1.0,0.0,0.0,0.1,0.2,0.0,0.0,0,0,1.0,1.0,decision_level_baseline_vs_candidate_path_memory_gap_audit,outer_loop_spatial_flow_belief_safe_explore_exploit_memory_v2_2
heavy_cluster,no_memory_baseline,0,final_heldout,5,r10_l7_full_domain_randomisation_arena_wide_training,r10_l7_full_domain_randomisation_arena_wide_training,r10_heavy_cluster_no_memory_baseline_final_0005,8,inflight_boundary_near,boundary_near,mild_turn_left,primvar_mild_turn_left_transition_object_fee0dc32131a,not_active_no_candidate_path_memory,True,primvar_mild_turn_left_transition_object_fee0dc32131a,primvar_mild_turn_left_transition_object_fee0dc32131a,0.0,0.0,0.03,0.0,0.0,0.0,0.0,0.0,0.0,0.0,1.0,0.0,0.0,0.1,0.2,0.0,0.0,0,0,1.0,1.0,decision_level_baseline_vs_candidate_path_memory_gap_audit,outer_loop_spatial_flow_belief_safe_explore_exploit_memory_v2_2
heavy_cluster,no_memory_baseline,0,final_heldout,4,r10_l7_full_domain_randomisation_arena_wide_training,r10_l7_full_domain_randomisation_arena_wide_training,r10_heavy_cluster_no_memory_baseline_final_0004,0,launch_gate,launch_gate,lift_dwell_arc,primvar_lift_dwell_arc_transition_object_acd234c56224,not_active_no_candidate_path_memory,True,primvar_lift_dwell_arc_transition_object_acd234c56224,primvar_lift_dwell_arc_transition_object_acd234c56224,0.0,0.0,0.03,0.0,0.0,0.0,0.0,0.0,0.0,0.0,0.639322889020487,0.0,0.0,0.1,0.2,0.0,0.0,0,0,1.0,0.639322889020487,decision_level_baseline_vs_candidate_path_memory_gap_audit,outer_loop_spatial_flow_belief_safe_explore_exploit_memory_v2_2
heavy_cluster,no_memory_baseline,0,final_heldout,4,r10_l7_full_domain_randomisation_arena_wide_training,r10_l7_full_domain_randomisation_arena_wide_training,r10_heavy_cluster_no_memory_baseline_final_0004,1,inflight_nominal,inflight_stable,lift_entry,primvar_lift_entry_transition_object_a65393bbc7f9,not_active_no_candidate_path_memory,True,primvar_lift_entry_transition_object_a65393bbc7f9,primvar_lift_entry_transition_object_a65393bbc7f9,0.0,0.0,0.03,0.0,0.0,0.0,0.0,0.0,0.0,0.0,0.5895029554483182,0.0,0.0,0.1,0.2,0.0,0.0,0,0,1.0,0.5895029554483182,decision_level_baseline_vs_candidate_path_memory_gap_audit,outer_loop_spatial_flow_belief_safe_explore_exploit_memory_v2_2
heavy_cluster,no_memory_baseline,0,final_heldout,4,r10_l7_full_domain_randomisation_arena_wide_training,r10_l7_full_domain_randomisation_arena_wide_training,r10_heavy_cluster_no_memory_baseline_final_0004,2,inflight_recovery_edge,recoverable_degraded,safe_exit_or_recovery_handoff,primvar_safe_exit_or_recovery_handoff_transition_object_a195686788f5,not_active_no_candidate_path_memory,True,primvar_safe_exit_or_recovery_handoff_transition_object_a195686788f5,primvar_safe_exit_or_recovery_handoff_transition_object_a195686788f5,0.0,0.0,0.03,0.0,0.0,0.0,0.0,0.0,0.0,0.0,0.4193597774610609,0.0,0.0,0.1,0.2,0.0,0.0,0,0,1.0,0.4193597774610609,decision_level_baseline_vs_candidate_path_memory_gap_audit,outer_loop_spatial_flow_belief_safe_explore_exploit_memory_v2_2
heavy_cluster,no_memory_baseline,0,final_heldout,4,r10_l7_full_domain_randomisation_arena_wide_training,r10_l7_full_domain_randomisation_arena_wide_training,r10_heavy_cluster_no_memory_baseline_final_0004,3,inflight_recovery_edge,recoverable_degraded,safe_exit_or_recovery_handoff,primvar_safe_exit_or_recovery_handoff_transition_object_a195686788f5,not_active_no_candidate_path_memory,True,primvar_safe_exit_or_recovery_handoff_transition_object_a195686788f5,primvar_safe_exit_or_recovery_handoff_transition_object_a195686788f5,0.0,0.0,0.03,0.0,0.0,0.0,0.0,0.0,0.0,0.0,0.4392139078809784,0.0,0.0,0.1,0.2,0.0,0.0,0,0,1.0,0.4392139078809784,decision_level_baseline_vs_candidate_path_memory_gap_audit,outer_loop_spatial_flow_belief_safe_explore_exploit_memory_v2_2
heavy_cluster,no_memory_baseline,0,final_heldout,4,r10_l7_full_domain_randomisation_arena_wide_training,r10_l7_full_domain_randomisation_arena_wide_training,r10_heavy_cluster_no_memory_baseline_final_0004,4,inflight_boundary_near,boundary_near,lift_dwell_arc,primvar_lift_dwell_arc_transition_object_2a54829d66c4,not_active_no_candidate_path_memory,True,primvar_lift_dwell_arc_transition_object_2a54829d66c4,primvar_lift_dwell_arc_transition_object_2a54829d66c4,0.0,0.0,0.03,0.0,0.0,0.0,0.0,0.0,0.0,0.0,0.7398190344788683,0.0,0.0,0.1,0.2,0.0,0.0,0,0,1.0,0.7398190344788683,decision_level_baseline_vs_candidate_path_memory_gap_audit,outer_loop_spatial_flow_belief_safe_explore_exploit_memory_v2_2
heavy_cluster,no_memory_baseline,0,final_heldout,4,r10_l7_full_domain_randomisation_arena_wide_training,r10_l7_full_domain_randomisation_arena_wide_training,r10_heavy_cluster_no_memory_baseline_final_0004,5,inflight_boundary_near,boundary_near,lift_dwell_arc,primvar_lift_dwell_arc_transition_object_2a54829d66c4,not_active_no_candidate_path_memory,True,primvar_lift_dwell_arc_transition_object_2a54829d66c4,primvar_lift_dwell_arc_transition_object_2a54829d66c4,0.0,0.0,0.03,0.0,0.0,0.0,0.0,0.0,0.0,0.0,0.8091014514006035,0.0,0.0,0.1,0.2,0.0,0.0,0,0,1.0,0.8091014514006035,decision_level_baseline_vs_candidate_path_memory_gap_audit,outer_loop_spatial_flow_belief_safe_explore_exploit_memory_v2_2
heavy_cluster,no_memory_baseline,0,final_heldout,4,r10_l7_full_domain_randomisation_arena_wide_training,r10_l7_full_domain_randomisation_arena_wide_training,r10_heavy_cluster_no_memory_baseline_final_0004,6,inflight_boundary_near,boundary_near,mild_turn_right,primvar_mild_turn_right_transition_object_01b5cdd5409c,not_active_no_candidate_path_memory,True,primvar_mild_turn_right_transition_object_01b5cdd5409c,primvar_mild_turn_right_transition_object_01b5cdd5409c,0.0,0.0,0.03,0.0,0.0,0.0,0.0,0.0,0.0,0.0,1.0,0.0,0.0,0.1,0.2,0.0,0.0,0,0,1.0,1.0,decision_level_baseline_vs_candidate_path_memory_gap_audit,outer_loop_spatial_flow_belief_safe_explore_exploit_memory_v2_2
heavy_cluster,no_memory_baseline,0,final_heldout,4,r10_l7_full_domain_randomisation_arena_wide_training,r10_l7_full_domain_randomisation_arena_wide_training,r10_heavy_cluster_no_memory_baseline_final_0004,7,inflight_boundary_near,boundary_near,lift_dwell_arc,primvar_lift_dwell_arc_transition_object_2a54829d66c4,not_active_no_candidate_path_memory,True,primvar_lift_dwell_arc_transition_object_2a54829d66c4,primvar_lift_dwell_arc_transition_object_2a54829d66c4,0.0,0.0,0.03,0.0,0.0,0.0,0.0,0.0,0.0,0.0,1.0,0.0,0.0,0.1,0.2,0.0,0.0,0,0,1.0,1.0,decision_level_baseline_vs_candidate_path_memory_gap_audit,outer_loop_spatial_flow_belief_safe_explore_exploit_memory_v2_2
heavy_cluster,no_memory_baseline,0,final_heldout,4,r10_l7_full_domain_randomisation_arena_wide_training,r10_l7_full_domain_randomisation_arena_wide_training,r10_heavy_cluster_no_memory_baseline_final_0004,8,inflight_boundary_near,boundary_near,mild_turn_right,primvar_mild_turn_right_transition_object_01b5cdd5409c,not_active_no_candidate_path_memory,True,primvar_mild_turn_right_transition_object_01b5cdd5409c,primvar_mild_turn_right_transition_object_01b5cdd5409c,0.0,0.0,0.03,0.0,0.0,0.0,0.0,0.0,0.0,0.0,1.0,0.0,0.0,0.1,0.2,0.0,0.0,0,0,1.0,1.0,decision_level_baseline_vs_candidate_path_memory_gap_audit,outer_loop_spatial_flow_belief_safe_explore_exploit_memory_v2_2
heavy_cluster,no_memory_baseline,0,final_heldout,4,r10_l7_full_domain_randomisation_arena_wide_training,r10_l7_full_domain_randomisation_arena_wide_training,r10_heavy_cluster_no_memory_baseline_final_0004,9,inflight_boundary_near,boundary_near,mild_turn_left,primvar_mild_turn_left_transition_object_fee0dc32131a,not_active_no_candidate_path_memory,True,primvar_mild_turn_left_transition_object_fee0dc32131a,primvar_mild_turn_left_transition_object_fee0dc32131a,0.0,0.0,0.03,0.0,0.0,0.0,0.0,0.0,0.0,0.0,1.0,0.0,0.0,0.1,0.2,0.0,0.0,0,0,1.0,1.0,decision_level_baseline_vs_candidate_path_memory_gap_audit,outer_loop_spatial_flow_belief_safe_explore_exploit_memory_v2_2
heavy_cluster,no_memory_baseline,0,final_heldout,4,r10_l7_full_domain_randomisation_arena_wide_training,r10_l7_full_domain_randomisation_arena_wide_training,r10_heavy_cluster_no_memory_baseline_final_0004,10,inflight_boundary_near,boundary_near,mild_turn_right,primvar_mild_turn_right_transition_object_01b5cdd5409c,not_active_no_candidate_path_memory,True,primvar_mild_turn_right_transition_object_01b5cdd5409c,primvar_mild_turn_right_transition_object_01b5cdd5409c,0.0,0.0,0.03,0.0,0.0,0.0,0.0,0.0,0.0,0.0,1.0,0.0,0.0,0.1,0.2,0.0,0.0,0,0,1.0,1.0,decision_level_baseline_vs_candidate_path_memory_gap_audit,outer_loop_spatial_flow_belief_safe_explore_exploit_memory_v2_2
heavy_cluster,no_memory_baseline,0,final_heldout,4,r10_l7_full_domain_randomisation_arena_wide_training,r10_l7_full_domain_randomisation_arena_wide_training,r10_heavy_cluster_no_memory_baseline_final_0004,11,inflight_boundary_near,boundary_near,mild_turn_left,primvar_mild_turn_left_transition_object_fee0dc32131a,not_active_no_candidate_path_memory,True,primvar_mild_turn_left_transition_object_fee0dc32131a,primvar_mild_turn_left_transition_object_fee0dc32131a,0.0,0.0,0.03,0.0,0.0,0.0,0.0,0.0,0.0,0.0,0.5672308727849116,0.0,0.0,0.1,0.2,0.0,0.0,0,0,1.0,0.5672308727849116,decision_level_baseline_vs_candidate_path_memory_gap_audit,outer_loop_spatial_flow_belief_safe_explore_exploit_memory_v2_2
heavy_cluster,no_memory_baseline,0,final_heldout,8,r10_l7_full_domain_randomisation_arena_wide_training,r10_l7_full_domain_randomisation_arena_wide_training,r10_heavy_cluster_no_memory_baseline_final_0008,0,launch_gate,launch_gate,safe_exit_or_recovery_handoff,primvar_safe_exit_or_recovery_handoff_transition_object_d17d451ad8d8,not_active_no_candidate_path_memory,True,primvar_safe_exit_or_recovery_handoff_transition_object_d17d451ad8d8,primvar_safe_exit_or_recovery_handoff_transition_object_d17d451ad8d8,0.0,0.0,0.03,0.0,0.0,0.0,0.0,0.0,0.0,0.0,0.530179781928334,0.0,0.0,0.1,0.2,0.0,0.0,0,0,1.0,0.530179781928334,decision_level_baseline_vs_candidate_path_memory_gap_audit,outer_loop_spatial_flow_belief_safe_explore_exploit_memory_v2_2
heavy_cluster,no_memory_baseline,0,final_heldout,8,r10_l7_full_domain_randomisation_arena_wide_training,r10_l7_full_domain_randomisation_arena_wide_training,r10_heavy_cluster_no_memory_baseline_final_0008,1,inflight_nominal,inflight_stable,recovery,primvar_recovery_transition_object_4268876749b8,not_active_no_candidate_path_memory,True,primvar_recovery_transition_object_4268876749b8,primvar_recovery_transition_object_4268876749b8,0.0,0.0,0.03,0.0,0.0,0.0,0.0,0.0,0.0,0.0,0.5511246185248406,0.0,0.0,0.1,0.2,0.0,0.0,0,0,1.0,0.5511246185248406,decision_level_baseline_vs_candidate_path_memory_gap_audit,outer_loop_spatial_flow_belief_safe_explore_exploit_memory_v2_2
heavy_cluster,no_memory_baseline,0,final_heldout,8,r10_l7_full_domain_randomisation_arena_wide_training,r10_l7_full_domain_randomisation_arena_wide_training,r10_heavy_cluster_no_memory_baseline_final_0008,2,inflight_recovery_edge,recoverable_degraded,safe_exit_or_recovery_handoff,primvar_safe_exit_or_recovery_handoff_transition_object_a195686788f5,not_active_no_candidate_path_memory,True,primvar_safe_exit_or_recovery_handoff_transition_object_a195686788f5,primvar_safe_exit_or_recovery_handoff_transition_object_a195686788f5,0.0,0.0,0.03,0.0,0.0,0.0,0.0,0.0,0.0,0.0,0.4142588191803016,0.0,0.0,0.1,0.2,0.0,0.0,0,0,1.0,0.4142588191803016,decision_level_baseline_vs_candidate_path_memory_gap_audit,outer_loop_spatial_flow_belief_safe_explore_exploit_memory_v2_2
heavy_cluster,no_memory_baseline,0,final_heldout,8,r10_l7_full_domain_randomisation_arena_wide_training,r10_l7_full_domain_randomisation_arena_wide_training,r10_heavy_cluster_no_memory_baseline_final_0008,3,inflight_recovery_edge,recoverable_degraded,safe_exit_or_recovery_handoff,primvar_safe_exit_or_recovery_handoff_transition_object_a195686788f5,not_active_no_candidate_path_memory,True,primvar_safe_exit_or_recovery_handoff_transition_object_a195686788f5,primvar_safe_exit_or_recovery_handoff_transition_object_a195686788f5,0.0,0.0,0.03,0.0,0.0,0.0,0.0,0.0,0.0,0.0,0.4314860815016751,0.0,0.0,0.1,0.2,0.0,0.0,0,0,1.0,0.4314860815016751,decision_level_baseline_vs_candidate_path_memory_gap_audit,outer_loop_spatial_flow_belief_safe_explore_exploit_memory_v2_2
heavy_cluster,no_memory_baseline,0,final_heldout,8,r10_l7_full_domain_randomisation_arena_wide_training,r10_l7_full_domain_randomisation_arena_wide_training,r10_heavy_cluster_no_memory_baseline_final_0008,4,inflight_recovery_edge,recoverable_degraded,safe_exit_or_recovery_handoff,primvar_safe_exit_or_recovery_handoff_transition_object_a195686788f5,not_active_no_candidate_path_memory,True,primvar_safe_exit_or_recovery_handoff_transition_object_a195686788f5,primvar_safe_exit_or_recovery_handoff_transition_object_a195686788f5,0.0,0.0,0.03,0.0,0.0,0.0,0.0,0.0,0.0,0.0,0.4518949985853553,0.0,0.0,0.1,0.2,0.0,0.0,0,0,1.0,0.4518949985853553,decision_level_baseline_vs_candidate_path_memory_gap_audit,outer_loop_spatial_flow_belief_safe_explore_exploit_memory_v2_2
heavy_cluster,no_memory_baseline,0,final_heldout,8,r10_l7_full_domain_randomisation_arena_wide_training,r10_l7_full_domain_randomisation_arena_wide_training,r10_heavy_cluster_no_memory_baseline_final_0008,5,inflight_recovery_edge,recoverable_degraded,safe_exit_or_recovery_handoff,primvar_safe_exit_or_recovery_handoff_transition_object_a195686788f5,not_active_no_candidate_path_memory,True,primvar_safe_exit_or_recovery_handoff_transition_object_a195686788f5,primvar_safe_exit_or_recovery_handoff_transition_object_a195686788f5,0.0,0.0,0.03,0.0,0.0,0.0,0.0,0.0,0.0,0.0,0.4758846910335331,0.0,0.0,0.1,0.2,0.0,0.0,0,0,1.0,0.4758846910335331,decision_level_baseline_vs_candidate_path_memory_gap_audit,outer_loop_spatial_flow_belief_safe_explore_exploit_memory_v2_2
heavy_cluster,no_memory_baseline,0,final_heldout,8,r10_l7_full_domain_randomisation_arena_wide_training,r10_l7_full_domain_randomisation_arena_wide_training,r10_heavy_cluster_no_memory_baseline_final_0008,6,inflight_nominal,inflight_stable,recovery,primvar_recovery_transition_object_4268876749b8,not_active_no_candidate_path_memory,True,primvar_recovery_transition_object_4268876749b8,primvar_recovery_transition_object_4268876749b8,0.0,0.0,0.03,0.0,0.0,0.0,0.0,0.0,0.0,0.0,0.7603284935529094,0.0,0.0,0.1,0.2,0.0,0.0,0,0,1.0,0.7603284935529094,decision_level_baseline_vs_candidate_path_memory_gap_audit,outer_loop_spatial_flow_belief_safe_explore_exploit_memory_v2_2
heavy_cluster,no_memory_baseline,0,final_heldout,8,r10_l7_full_domain_randomisation_arena_wide_training,r10_l7_full_domain_randomisation_arena_wide_training,r10_heavy_cluster_no_memory_baseline_final_0008,7,inflight_recovery_edge,recoverable_degraded,safe_exit_or_recovery_handoff,primvar_safe_exit_or_recovery_handoff_transition_object_a195686788f5,not_active_no_candidate_path_memory,True,primvar_safe_exit_or_recovery_handoff_transition_object_a195686788f5,primvar_safe_exit_or_recovery_handoff_transition_object_a195686788f5,0.0,0.0,0.03,0.0,0.0,0.0,0.0,0.0,0.0,0.0,0.5430927169312492,0.0,0.0,0.1,0.2,0.0,0.0,0,0,1.0,0.5430927169312492,decision_level_baseline_vs_candidate_path_memory_gap_audit,outer_loop_spatial_flow_belief_safe_explore_exploit_memory_v2_2
heavy_cluster,no_memory_baseline,0,final_heldout,8,r10_l7_full_domain_randomisation_arena_wide_training,r10_l7_full_domain_randomisation_arena_wide_training,r10_heavy_cluster_no_memory_baseline_final_0008,8,inflight_nominal,inflight_stable,recovery,primvar_recovery_transition_object_4268876749b8,not_active_no_candidate_path_memory,True,primvar_recovery_transition_object_4268876749b8,primvar_recovery_transition_object_4268876749b8,0.0,0.0,0.03,0.0,0.0,0.0,0.0,0.0,0.0,0.0,0.9426039027602778,0.0,0.0,0.1,0.2,0.0,0.0,0,0,1.0,0.9426039027602778,decision_level_baseline_vs_candidate_path_memory_gap_audit,outer_loop_spatial_flow_belief_safe_explore_exploit_memory_v2_2
heavy_cluster,no_memory_baseline,0,final_heldout,8,r10_l7_full_domain_randomisation_arena_wide_training,r10_l7_full_domain_randomisation_arena_wide_training,r10_heavy_cluster_no_memory_baseline_final_0008,9,inflight_boundary_near,boundary_near,safe_exit_or_recovery_handoff,primvar_safe_exit_or_recovery_handoff_transition_object_ac25a091328a,not_active_no_candidate_path_memory,True,primvar_safe_exit_or_recovery_handoff_transition_object_ac25a091328a,primvar_safe_exit_or_recovery_handoff_transition_object_ac25a091328a,0.0,0.0,0.03,0.0,0.0,0.0,0.0,0.0,0.0,0.0,1.0,0.0,0.0,0.1,0.2,0.0,0.0,0,0,1.0,1.0,decision_level_baseline_vs_candidate_path_memory_gap_audit,outer_loop_spatial_flow_belief_safe_explore_exploit_memory_v2_2
heavy_cluster,no_memory_baseline,0,final_heldout,8,r10_l7_full_domain_randomisation_arena_wide_training,r10_l7_full_domain_randomisation_arena_wide_training,r10_heavy_cluster_no_memory_baseline_final_0008,10,inflight_boundary_near,boundary_near,energy_retaining_bank,primvar_energy_retaining_bank_transition_object_a0ebd6810f1f,not_active_no_candidate_path_memory,True,primvar_energy_retaining_bank_transition_object_a0ebd6810f1f,primvar_energy_retaining_bank_transition_object_a0ebd6810f1f,0.0,0.0,0.03,0.0,0.0,0.0,0.0,0.0,0.0,0.0,1.0,0.0,0.0,0.1,0.2,0.0,0.0,0,0,1.0,1.0,decision_level_baseline_vs_candidate_path_memory_gap_audit,outer_loop_spatial_flow_belief_safe_explore_exploit_memory_v2_2
heavy_cluster,no_memory_baseline,0,final_heldout,8,r10_l7_full_domain_randomisation_arena_wide_training,r10_l7_full_domain_randomisation_arena_wide_training,r10_heavy_cluster_no_memory_baseline_final_0008,11,inflight_boundary_near,boundary_near,lift_dwell_arc,primvar_lift_dwell_arc_transition_object_2a54829d66c4,not_active_no_candidate_path_memory,True,primvar_lift_dwell_arc_transition_object_2a54829d66c4,primvar_lift_dwell_arc_transition_object_2a54829d66c4,0.0,0.0,0.03,0.0,0.0,0.0,0.0,0.0,0.0,0.0,1.0,0.0,0.0,0.1,0.2,0.0,0.0,0,0,1.0,1.0,decision_level_baseline_vs_candidate_path_memory_gap_audit,outer_loop_spatial_flow_belief_safe_explore_exploit_memory_v2_2
heavy_cluster,no_memory_baseline,0,final_heldout,1,r10_l7_full_domain_randomisation_arena_wide_training,r10_l7_full_domain_randomisation_arena_wide_training,r10_heavy_cluster_no_memory_baseline_final_0001,0,launch_gate,launch_gate,mild_turn_left,primvar_mild_turn_left_transition_object_c5942d118f74,not_active_no_candidate_path_memory,True,primvar_mild_turn_left_transition_object_c5942d118f74,primvar_mild_turn_left_transition_object_c5942d118f74,0.0,0.0,0.03,0.0,0.0,0.0,0.0,0.0,0.0,0.0,0.6302218748792076,0.0,0.0,0.1,0.2,0.0,0.0,0,0,1.0,0.6302218748792076,decision_level_baseline_vs_candidate_path_memory_gap_audit,outer_loop_spatial_flow_belief_safe_explore_exploit_memory_v2_2
heavy_cluster,no_memory_baseline,0,final_heldout,1,r10_l7_full_domain_randomisation_arena_wide_training,r10_l7_full_domain_randomisation_arena_wide_training,r10_heavy_cluster_no_memory_baseline_final_0001,1,inflight_nominal,inflight_stable,lift_entry,primvar_lift_entry_transition_object_a65393bbc7f9,not_active_no_candidate_path_memory,True,primvar_lift_entry_transition_object_a65393bbc7f9,primvar_lift_entry_transition_object_a65393bbc7f9,0.0,0.0,0.03,0.0,0.0,0.0,0.0,0.0,0.0,0.0,0.5873911443476845,0.0,0.0,0.1,0.2,0.0,0.0,0,0,1.0,0.5873911443476845,decision_level_baseline_vs_candidate_path_memory_gap_audit,outer_loop_spatial_flow_belief_safe_explore_exploit_memory_v2_2
heavy_cluster,no_memory_baseline,0,final_heldout,1,r10_l7_full_domain_randomisation_arena_wide_training,r10_l7_full_domain_randomisation_arena_wide_training,r10_heavy_cluster_no_memory_baseline_final_0001,2,inflight_nominal,inflight_stable,lift_entry,primvar_lift_entry_transition_object_a65393bbc7f9,not_active_no_candidate_path_memory,True,primvar_lift_entry_transition_object_a65393bbc7f9,primvar_lift_entry_transition_object_a65393bbc7f9,0.0,0.0,0.03,0.0,0.0,0.0,0.0,0.0,0.0,0.0,0.6224284108632709,0.0,0.0,0.1,0.2,0.0,0.0,0,0,1.0,0.6224284108632709,decision_level_baseline_vs_candidate_path_memory_gap_audit,outer_loop_spatial_flow_belief_safe_explore_exploit_memory_v2_2
heavy_cluster,no_memory_baseline,0,final_heldout,1,r10_l7_full_domain_randomisation_arena_wide_training,r10_l7_full_domain_randomisation_arena_wide_training,r10_heavy_cluster_no_memory_baseline_final_0001,3,inflight_nominal,inflight_stable,lift_entry,primvar_lift_entry_transition_object_a65393bbc7f9,not_active_no_candidate_path_memory,True,primvar_lift_entry_transition_object_a65393bbc7f9,primvar_lift_entry_transition_object_a65393bbc7f9,0.0,0.0,0.03,0.0,0.0,0.0,0.0,0.0,0.0,0.0,0.6673272563850141,0.0,0.0,0.1,0.2,0.0,0.0,0,0,1.0,0.6673272563850141,decision_level_baseline_vs_candidate_path_memory_gap_audit,outer_loop_spatial_flow_belief_safe_explore_exploit_memory_v2_2
heavy_cluster,no_memory_baseline,0,final_heldout,1,r10_l7_full_domain_randomisation_arena_wide_training,r10_l7_full_domain_randomisation_arena_wide_training,r10_heavy_cluster_no_memory_baseline_final_0001,4,inflight_nominal,inflight_stable,lift_entry,primvar_lift_entry_transition_object_a65393bbc7f9,not_active_no_candidate_path_memory,True,primvar_lift_entry_transition_object_a65393bbc7f9,primvar_lift_entry_transition_object_a65393bbc7f9,0.0,0.0,0.03,0.0,0.0,0.0,0.0,0.0,0.0,0.0,0.7239163022572083,0.0,0.0,0.1,0.2,0.0,0.0,0,0,1.0,0.7239163022572083,decision_level_baseline_vs_candidate_path_memory_gap_audit,outer_loop_spatial_flow_belief_safe_explore_exploit_memory_v2_2
heavy_cluster,no_memory_baseline,0,final_heldout,1,r10_l7_full_domain_randomisation_arena_wide_training,r10_l7_full_domain_randomisation_arena_wide_training,r10_heavy_cluster_no_memory_baseline_final_0001,5,inflight_nominal,inflight_stable,lift_entry,primvar_lift_entry_transition_object_a65393bbc7f9,not_active_no_candidate_path_memory,True,primvar_lift_entry_transition_object_a65393bbc7f9,primvar_lift_entry_transition_object_a65393bbc7f9,0.0,0.0,0.03,0.0,0.0,0.0,0.0,0.0,0.0,0.0,0.7964951112470134,0.0,0.0,0.1,0.2,0.0,0.0,0,0,1.0,0.7964951112470134,decision_level_baseline_vs_candidate_path_memory_gap_audit,outer_loop_spatial_flow_belief_safe_explore_exploit_memory_v2_2
heavy_cluster,no_memory_baseline,0,final_heldout,1,r10_l7_full_domain_randomisation_arena_wide_training,r10_l7_full_domain_randomisation_arena_wide_training,r10_heavy_cluster_no_memory_baseline_final_0001,6,inflight_nominal,inflight_stable,lift_entry,primvar_lift_entry_transition_object_a65393bbc7f9,not_active_no_candidate_path_memory,True,primvar_lift_entry_transition_object_a65393bbc7f9,primvar_lift_entry_transition_object_a65393bbc7f9,0.0,0.0,0.03,0.0,0.0,0.0,0.0,0.0,0.0,0.0,0.8946458871620826,0.0,0.0,0.1,0.2,0.0,0.0,0,0,1.0,0.8946458871620826,decision_level_baseline_vs_candidate_path_memory_gap_audit,outer_loop_spatial_flow_belief_safe_explore_exploit_memory_v2_2
heavy_cluster,no_memory_baseline,0,final_heldout,1,r10_l7_full_domain_randomisation_arena_wide_training,r10_l7_full_domain_randomisation_arena_wide_training,r10_heavy_cluster_no_memory_baseline_final_0001,7,inflight_nominal,inflight_stable,lift_entry,primvar_lift_entry_transition_object_a65393bbc7f9,not_active_no_candidate_path_memory,True,primvar_lift_entry_transition_object_a65393bbc7f9,primvar_lift_entry_transition_object_a65393bbc7f9,0.0,0.0,0.03,0.0,0.0,0.0,0.0,0.0,0.0,0.0,1.0,0.0,0.0,0.1,0.2,0.0,0.0,0,0,1.0,1.0,decision_level_baseline_vs_candidate_path_memory_gap_audit,outer_loop_spatial_flow_belief_safe_explore_exploit_memory_v2_2
heavy_cluster,no_memory_baseline,0,final_heldout,1,r10_l7_full_domain_randomisation_arena_wide_training,r10_l7_full_domain_randomisation_arena_wide_training,r10_heavy_cluster_no_memory_baseline_final_0001,8,inflight_boundary_near,boundary_near,lift_dwell_arc,primvar_lift_dwell_arc_transition_object_2a54829d66c4,not_active_no_candidate_path_memory,True,primvar_lift_dwell_arc_transition_object_2a54829d66c4,primvar_lift_dwell_arc_transition_object_2a54829d66c4,0.0,0.0,0.03,0.0,0.0,0.0,0.0,0.0,0.0,0.0,1.0,0.0,0.0,0.1,0.2,0.0,0.0,0,0,1.0,1.0,decision_level_baseline_vs_candidate_path_memory_gap_audit,outer_loop_spatial_flow_belief_safe_explore_exploit_memory_v2_2
heavy_cluster,no_memory_baseline,0,final_heldout,1,r10_l7_full_domain_randomisation_arena_wide_training,r10_l7_full_domain_randomisation_arena_wide_training,r10_heavy_cluster_no_memory_baseline_final_0001,9,inflight_boundary_near,boundary_near,lift_dwell_arc,primvar_lift_dwell_arc_transition_object_2a54829d66c4,not_active_no_candidate_path_memory,True,primvar_lift_dwell_arc_transition_object_2a54829d66c4,primvar_lift_dwell_arc_transition_object_2a54829d66c4,0.0,0.0,0.03,0.0,0.0,0.0,0.0,0.0,0.0,0.0,1.0,0.0,0.0,0.1,0.2,0.0,0.0,0,0,1.0,1.0,decision_level_baseline_vs_candidate_path_memory_gap_audit,outer_loop_spatial_flow_belief_safe_explore_exploit_memory_v2_2
heavy_cluster,no_memory_baseline,0,final_heldout,1,r10_l7_full_domain_randomisation_arena_wide_training,r10_l7_full_domain_randomisation_arena_wide_training,r10_heavy_cluster_no_memory_baseline_final_0001,10,inflight_boundary_near,boundary_near,lift_dwell_arc,primvar_lift_dwell_arc_transition_object_2a54829d66c4,not_active_no_candidate_path_memory,True,primvar_lift_dwell_arc_transition_object_2a54829d66c4,primvar_lift_dwell_arc_transition_object_2a54829d66c4,0.0,0.0,0.03,0.0,0.0,0.0,0.0,0.0,0.0,0.0,1.0,0.0,0.0,0.1,0.2,0.0,0.0,0,0,1.0,1.0,decision_level_baseline_vs_candidate_path_memory_gap_audit,outer_loop_spatial_flow_belief_safe_explore_exploit_memory_v2_2
heavy_cluster,no_memory_baseline,0,final_heldout,1,r10_l7_full_domain_randomisation_arena_wide_training,r10_l7_full_domain_randomisation_arena_wide_training,r10_heavy_cluster_no_memory_baseline_final_0001,11,inflight_boundary_near,boundary_near,lift_dwell_arc,primvar_lift_dwell_arc_transition_object_2a54829d66c4,not_active_no_candidate_path_memory,True,primvar_lift_dwell_arc_transition_object_2a54829d66c4,primvar_lift_dwell_arc_transition_object_2a54829d66c4,0.0,0.0,0.03,0.0,0.0,0.0,0.0,0.0,0.0,0.0,1.0,0.0,0.0,0.1,0.2,0.0,0.0,0,0,1.0,1.0,decision_level_baseline_vs_candidate_path_memory_gap_audit,outer_loop_spatial_flow_belief_safe_explore_exploit_memory_v2_2
heavy_cluster,no_memory_baseline,0,final_heldout,9,r10_l7_full_domain_randomisation_arena_wide_training,r10_l7_full_domain_randomisation_arena_wide_training,r10_heavy_cluster_no_memory_baseline_final_0009,0,launch_gate,launch_gate,energy_retaining_bank,primvar_energy_retaining_bank_transition_object_6ec7c5c41896,not_active_no_candidate_path_memory,True,primvar_energy_retaining_bank_transition_object_6ec7c5c41896,primvar_energy_retaining_bank_transition_object_6ec7c5c41896,0.0,0.0,0.03,0.0,0.0,0.0,0.0,0.0,0.0,0.0,0.667579624316996,0.0,0.0,0.1,0.2,0.0,0.0,0,0,1.0,0.667579624316996,decision_level_baseline_vs_candidate_path_memory_gap_audit,outer_loop_spatial_flow_belief_safe_explore_exploit_memory_v2_2
heavy_cluster,no_memory_baseline,0,final_heldout,9,r10_l7_full_domain_randomisation_arena_wide_training,r10_l7_full_domain_randomisation_arena_wide_training,r10_heavy_cluster_no_memory_baseline_final_0009,1,inflight_boundary_near,boundary_near,mild_turn_right,primvar_mild_turn_right_transition_object_01b5cdd5409c,not_active_no_candidate_path_memory,True,primvar_mild_turn_right_transition_object_01b5cdd5409c,primvar_mild_turn_right_transition_object_01b5cdd5409c,0.0,0.0,0.03,0.0,0.0,0.0,0.0,0.0,0.0,0.0,0.7189753293632557,0.0,0.0,0.1,0.2,0.0,0.0,0,0,1.0,0.7189753293632557,decision_level_baseline_vs_candidate_path_memory_gap_audit,outer_loop_spatial_flow_belief_safe_explore_exploit_memory_v2_2
heavy_cluster,no_memory_baseline,0,final_heldout,9,r10_l7_full_domain_randomisation_arena_wide_training,r10_l7_full_domain_randomisation_arena_wide_training,r10_heavy_cluster_no_memory_baseline_final_0009,2,inflight_boundary_near,boundary_near,mild_turn_right,primvar_mild_turn_right_transition_object_01b5cdd5409c,not_active_no_candidate_path_memory,True,primvar_mild_turn_right_transition_object_01b5cdd5409c,primvar_mild_turn_right_transition_object_01b5cdd5409c,0.0,0.0,0.03,0.0,0.0,0.0,0.0,0.0,0.0,0.0,0.7887565391655931,0.0,0.0,0.1,0.2,0.0,0.0,0,0,1.0,0.7887565391655931,decision_level_baseline_vs_candidate_path_memory_gap_audit,outer_loop_spatial_flow_belief_safe_explore_exploit_memory_v2_2
heavy_cluster,no_memory_baseline,0,final_heldout,9,r10_l7_full_domain_randomisation_arena_wide_training,r10_l7_full_domain_randomisation_arena_wide_training,r10_heavy_cluster_no_memory_baseline_final_0009,3,inflight_boundary_near,boundary_near,mild_turn_right,primvar_mild_turn_right_transition_object_01b5cdd5409c,not_active_no_candidate_path_memory,True,primvar_mild_turn_right_transition_object_01b5cdd5409c,primvar_mild_turn_right_transition_object_01b5cdd5409c,0.0,0.0,0.03,0.0,0.0,0.0,0.0,0.0,0.0,0.0,0.8807942383497872,0.0,0.0,0.1,0.2,0.0,0.0,0,0,1.0,0.8807942383497872,decision_level_baseline_vs_candidate_path_memory_gap_audit,outer_loop_spatial_flow_belief_safe_explore_exploit_memory_v2_2
heavy_cluster,no_memory_baseline,0,final_heldout,9,r10_l7_full_domain_randomisation_arena_wide_training,r10_l7_full_domain_randomisation_arena_wide_training,r10_heavy_cluster_no_memory_baseline_final_0009,4,inflight_boundary_near,boundary_near,lift_entry,primvar_lift_entry_transition_object_299a4397174a,not_active_no_candidate_path_memory,True,primvar_lift_entry_transition_object_299a4397174a,primvar_lift_entry_transition_object_299a4397174a,0.0,0.0,0.03,0.0,0.0,0.0,0.0,0.0,0.0,0.0,1.0,0.0,0.0,0.1,0.2,0.0,0.0,0,0,1.0,1.0,decision_level_baseline_vs_candidate_path_memory_gap_audit,outer_loop_spatial_flow_belief_safe_explore_exploit_memory_v2_2
heavy_cluster,no_memory_baseline,0,final_heldout,9,r10_l7_full_domain_randomisation_arena_wide_training,r10_l7_full_domain_randomisation_arena_wide_training,r10_heavy_cluster_no_memory_baseline_final_0009,5,inflight_boundary_near,boundary_near,lift_entry,primvar_lift_entry_transition_object_299a4397174a,not_active_no_candidate_path_memory,True,primvar_lift_entry_transition_object_299a4397174a,primvar_lift_entry_transition_object_299a4397174a,0.0,0.0,0.03,0.0,0.0,0.0,0.0,0.0,0.0,0.0,1.0,0.0,0.0,0.1,0.2,0.0,0.0,0,0,1.0,1.0,decision_level_baseline_vs_candidate_path_memory_gap_audit,outer_loop_spatial_flow_belief_safe_explore_exploit_memory_v2_2
heavy_cluster,no_memory_baseline,0,final_heldout,9,r10_l7_full_domain_randomisation_arena_wide_training,r10_l7_full_domain_randomisation_arena_wide_training,r10_heavy_cluster_no_memory_baseline_final_0009,6,inflight_boundary_near,boundary_near,lift_entry,primvar_lift_entry_transition_object_299a4397174a,not_active_no_candidate_path_memory,True,primvar_lift_entry_transition_object_299a4397174a,primvar_lift_entry_transition_object_299a4397174a,0.0,0.0,0.03,0.0,0.0,0.0,0.0,0.0,0.0,0.0,1.0,0.0,0.0,0.1,0.2,0.0,0.0,0,0,1.0,1.0,decision_level_baseline_vs_candidate_path_memory_gap_audit,outer_loop_spatial_flow_belief_safe_explore_exploit_memory_v2_2
heavy_cluster,no_memory_baseline,0,final_heldout,9,r10_l7_full_domain_randomisation_arena_wide_training,r10_l7_full_domain_randomisation_arena_wide_training,r10_heavy_cluster_no_memory_baseline_final_0009,7,inflight_boundary_near,boundary_near,lift_entry,primvar_lift_entry_transition_object_299a4397174a,not_active_no_candidate_path_memory,True,primvar_lift_entry_transition_object_299a4397174a,primvar_lift_entry_transition_object_299a4397174a,0.0,0.0,0.03,0.0,0.0,0.0,0.0,0.0,0.0,0.0,1.0,0.0,0.0,0.1,0.2,0.0,0.0,0,0,1.0,1.0,decision_level_baseline_vs_candidate_path_memory_gap_audit,outer_loop_spatial_flow_belief_safe_explore_exploit_memory_v2_2
heavy_cluster,no_memory_baseline,0,final_heldout,9,r10_l7_full_domain_randomisation_arena_wide_training,r10_l7_full_domain_randomisation_arena_wide_training,r10_heavy_cluster_no_memory_baseline_final_0009,8,inflight_boundary_near,boundary_near,lift_entry,primvar_lift_entry_transition_object_299a4397174a,not_active_no_candidate_path_memory,True,primvar_lift_entry_transition_object_299a4397174a,primvar_lift_entry_transition_object_299a4397174a,0.0,0.0,0.03,0.0,0.0,0.0,0.0,0.0,0.0,0.0,1.0,0.0,0.0,0.1,0.2,0.0,0.0,0,0,1.0,1.0,decision_level_baseline_vs_candidate_path_memory_gap_audit,outer_loop_spatial_flow_belief_safe_explore_exploit_memory_v2_2
heavy_cluster,no_memory_baseline,0,final_heldout,0,r10_l7_full_domain_randomisation_arena_wide_training,r10_l7_full_domain_randomisation_arena_wide_training,r10_heavy_cluster_no_memory_baseline_final_0000,0,launch_gate,launch_gate,mild_turn_right,primvar_mild_turn_right_transition_object_37acc62dccb1,not_active_no_candidate_path_memory,True,primvar_mild_turn_right_transition_object_37acc62dccb1,primvar_mild_turn_right_transition_object_37acc62dccb1,0.0,0.0,0.03,0.0,0.0,0.0,0.0,0.0,0.0,0.0,0.704650107987083,0.0,0.0,0.1,0.2,0.0,0.0,0,0,1.0,0.704650107987083,decision_level_baseline_vs_candidate_path_memory_gap_audit,outer_loop_spatial_flow_belief_safe_explore_exploit_memory_v2_2
heavy_cluster,no_memory_baseline,0,final_heldout,0,r10_l7_full_domain_randomisation_arena_wide_training,r10_l7_full_domain_randomisation_arena_wide_training,r10_heavy_cluster_no_memory_baseline_final_0000,1,inflight_boundary_near,boundary_near,recovery,primvar_recovery_transition_object_2a5c20ec4293,not_active_no_candidate_path_memory,True,primvar_recovery_transition_object_2a5c20ec4293,primvar_recovery_transition_object_2a5c20ec4293,0.0,0.0,0.03,0.0,0.0,0.0,0.0,0.0,0.0,0.0,0.7546560991718532,0.0,0.0,0.1,0.2,0.0,0.0,0,0,1.0,0.7546560991718532,decision_level_baseline_vs_candidate_path_memory_gap_audit,outer_loop_spatial_flow_belief_safe_explore_exploit_memory_v2_2
heavy_cluster,no_memory_baseline,0,final_heldout,0,r10_l7_full_domain_randomisation_arena_wide_training,r10_l7_full_domain_randomisation_arena_wide_training,r10_heavy_cluster_no_memory_baseline_final_0000,2,inflight_boundary_near,boundary_near,recovery,primvar_recovery_transition_object_2a5c20ec4293,not_active_no_candidate_path_memory,True,primvar_recovery_transition_object_2a5c20ec4293,primvar_recovery_transition_object_2a5c20ec4293,0.0,0.0,0.03,0.0,0.0,0.0,0.0,0.0,0.0,0.0,0.8286551763683588,0.0,0.0,0.1,0.2,0.0,0.0,0,0,1.0,0.8286551763683588,decision_level_baseline_vs_candidate_path_memory_gap_audit,outer_loop_spatial_flow_belief_safe_explore_exploit_memory_v2_2
heavy_cluster,no_memory_baseline,0,final_heldout,0,r10_l7_full_domain_randomisation_arena_wide_training,r10_l7_full_domain_randomisation_arena_wide_training,r10_heavy_cluster_no_memory_baseline_final_0000,3,inflight_boundary_near,boundary_near,recovery,primvar_recovery_transition_object_2a5c20ec4293,not_active_no_candidate_path_memory,True,primvar_recovery_transition_object_2a5c20ec4293,primvar_recovery_transition_object_2a5c20ec4293,0.0,0.0,0.03,0.0,0.0,0.0,0.0,0.0,0.0,0.0,0.9336404115059492,0.0,0.0,0.1,0.2,0.0,0.0,0,0,1.0,0.9336404115059492,decision_level_baseline_vs_candidate_path_memory_gap_audit,outer_loop_spatial_flow_belief_safe_explore_exploit_memory_v2_2
heavy_cluster,no_memory_baseline,0,final_heldout,0,r10_l7_full_domain_randomisation_arena_wide_training,r10_l7_full_domain_randomisation_arena_wide_training,r10_heavy_cluster_no_memory_baseline_final_0000,4,inflight_boundary_near,boundary_near,mild_turn_left,primvar_mild_turn_left_transition_object_fee0dc32131a,not_active_no_candidate_path_memory,True,primvar_mild_turn_left_transition_object_fee0dc32131a,primvar_mild_turn_left_transition_object_fee0dc32131a,0.0,0.0,0.03,0.0,0.0,0.0,0.0,0.0,0.0,0.0,1.0,0.0,0.0,0.1,0.2,0.0,0.0,0,0,1.0,1.0,decision_level_baseline_vs_candidate_path_memory_gap_audit,outer_loop_spatial_flow_belief_safe_explore_exploit_memory_v2_2
heavy_cluster,no_memory_baseline,0,final_heldout,0,r10_l7_full_domain_randomisation_arena_wide_training,r10_l7_full_domain_randomisation_arena_wide_training,r10_heavy_cluster_no_memory_baseline_final_0000,5,inflight_boundary_near,boundary_near,mild_turn_left,primvar_mild_turn_left_transition_object_fee0dc32131a,not_active_no_candidate_path_memory,True,primvar_mild_turn_left_transition_object_fee0dc32131a,primvar_mild_turn_left_transition_object_fee0dc32131a,0.0,0.0,0.03,0.0,0.0,0.0,0.0,0.0,0.0,0.0,1.0,0.0,0.0,0.1,0.2,0.0,0.0,0,0,1.0,1.0,decision_level_baseline_vs_candidate_path_memory_gap_audit,outer_loop_spatial_flow_belief_safe_explore_exploit_memory_v2_2
heavy_cluster,no_memory_baseline,0,final_heldout,0,r10_l7_full_domain_randomisation_arena_wide_training,r10_l7_full_domain_randomisation_arena_wide_training,r10_heavy_cluster_no_memory_baseline_final_0000,6,inflight_boundary_near,boundary_near,mild_turn_left,primvar_mild_turn_left_transition_object_fee0dc32131a,not_active_no_candidate_path_memory,True,primvar_mild_turn_left_transition_object_fee0dc32131a,primvar_mild_turn_left_transition_object_fee0dc32131a,0.0,0.0,0.03,0.0,0.0,0.0,0.0,0.0,0.0,0.0,1.0,0.0,0.0,0.1,0.2,0.0,0.0,0,0,1.0,1.0,decision_level_baseline_vs_candidate_path_memory_gap_audit,outer_loop_spatial_flow_belief_safe_explore_exploit_memory_v2_2
heavy_cluster,no_memory_baseline,0,final_heldout,0,r10_l7_full_domain_randomisation_arena_wide_training,r10_l7_full_domain_randomisation_arena_wide_training,r10_heavy_cluster_no_memory_baseline_final_0000,7,inflight_boundary_near,boundary_near,lift_entry,primvar_lift_entry_transition_object_299a4397174a,not_active_no_candidate_path_memory,True,primvar_lift_entry_transition_object_299a4397174a,primvar_lift_entry_transition_object_299a4397174a,0.0,0.0,0.03,0.0,0.0,0.0,0.0,0.0,0.0,0.0,1.0,0.0,0.0,0.1,0.2,0.0,0.0,0,0,1.0,1.0,decision_level_baseline_vs_candidate_path_memory_gap_audit,outer_loop_spatial_flow_belief_safe_explore_exploit_memory_v2_2
heavy_cluster,no_memory_baseline,0,final_heldout,0,r10_l7_full_domain_randomisation_arena_wide_training,r10_l7_full_domain_randomisation_arena_wide_training,r10_heavy_cluster_no_memory_baseline_final_0000,8,inflight_boundary_near,boundary_near,lift_entry,primvar_lift_entry_transition_object_299a4397174a,not_active_no_candidate_path_memory,True,primvar_lift_entry_transition_object_299a4397174a,primvar_lift_entry_transition_object_299a4397174a,0.0,0.0,0.03,0.0,0.0,0.0,0.0,0.0,0.0,0.0,1.0,0.0,0.0,0.1,0.2,0.0,0.0,0,0,1.0,1.0,decision_level_baseline_vs_candidate_path_memory_gap_audit,outer_loop_spatial_flow_belief_safe_explore_exploit_memory_v2_2
heavy_cluster,spatial_flow_belief_memory_h3,3,final_heldout,0,r10_l7_full_domain_randomisation_arena_wide_training,r10_l7_full_domain_randomisation_arena_wide_training,r10_heavy_cluster_spatial_flow_belief_memory_h3_final_0000,0,launch_gate,launch_gate,mild_turn_right,primvar_mild_turn_right_transition_object_37acc62dccb1,baseline_and_memory_winner_match,True,primvar_mild_turn_right_transition_object_37acc62dccb1,primvar_mild_turn_right_transition_object_37acc62dccb1,0.0,0.0,0.03,0.0,1.0,8.781535883939373e-05,8.781535883939373e-05,0.0,0.0,0.0294461590900634,0.683900868804465,0.0136780173760893,0.0,0.1,0.2,6.50761800637313e-08,5.894787111927226e-05,7,1,0.9705538409099366,0.683900868804465,decision_level_baseline_vs_candidate_path_memory_gap_audit,outer_loop_spatial_flow_belief_safe_explore_exploit_memory_v2_2
heavy_cluster,spatial_flow_belief_memory_h3,3,final_heldout,0,r10_l7_full_domain_randomisation_arena_wide_training,r10_l7_full_domain_randomisation_arena_wide_training,r10_heavy_cluster_spatial_flow_belief_memory_h3_final_0000,1,inflight_boundary_near,boundary_near,recovery,primvar_recovery_transition_object_2a5c20ec4293,baseline_and_memory_winner_match,True,primvar_recovery_transition_object_2a5c20ec4293,primvar_recovery_transition_object_2a5c20ec4293,0.0,0.0,0.03,0.0,1.0,0.0001494107260138,0.0001494107260138,0.0,0.0,0.0993898211017852,0.6796509644817916,0.0135930192896358,0.0,0.1,0.2,0.0,0.0,7,0,0.9006101788982148,0.6796509644817916,decision_level_baseline_vs_candidate_path_memory_gap_audit,outer_loop_spatial_flow_belief_safe_explore_exploit_memory_v2_2
heavy_cluster,spatial_flow_belief_memory_h3,3,final_heldout,0,r10_l7_full_domain_randomisation_arena_wide_training,r10_l7_full_domain_randomisation_arena_wide_training,r10_heavy_cluster_spatial_flow_belief_memory_h3_final_0000,2,inflight_boundary_near,boundary_near,recovery,primvar_recovery_transition_object_2a5c20ec4293,baseline_and_memory_winner_match,True,primvar_recovery_transition_object_2a5c20ec4293,primvar_recovery_transition_object_2a5c20ec4293,0.0,0.0,0.03,0.0,1.0,-3.3568542647355315e-05,-3.3568542647355315e-05,0.0,0.0,0.0645411544302647,0.7751728146609304,0.0155034562932186,0.0,0.1,0.2,0.0,0.0,7,0,0.9354588455697352,0.7751728146609304,decision_level_baseline_vs_candidate_path_memory_gap_audit,outer_loop_spatial_flow_belief_safe_explore_exploit_memory_v2_2
heavy_cluster,spatial_flow_belief_memory_h3,3,final_heldout,0,r10_l7_full_domain_randomisation_arena_wide_training,r10_l7_full_domain_randomisation_arena_wide_training,r10_heavy_cluster_spatial_flow_belief_memory_h3_final_0000,3,inflight_boundary_near,boundary_near,recovery,primvar_recovery_transition_object_2a5c20ec4293,baseline_and_memory_winner_match,True,primvar_recovery_transition_object_2a5c20ec4293,primvar_recovery_transition_object_2a5c20ec4293,0.0,0.0,0.03,0.0,1.0,-2.255465219991315e-05,-2.255465219991315e-05,0.0,0.0,0.0452568116668165,0.8913868232378952,0.0178277364647579,0.0,0.1,0.2,0.0,0.0,0,0,0.9547431883331834,0.8913868232378952,decision_level_baseline_vs_candidate_path_memory_gap_audit,outer_loop_spatial_flow_belief_safe_explore_exploit_memory_v2_2
heavy_cluster,spatial_flow_belief_memory_h3,3,final_heldout,0,r10_l7_full_domain_randomisation_arena_wide_training,r10_l7_full_domain_randomisation_arena_wide_training,r10_heavy_cluster_spatial_flow_belief_memory_h3_final_0000,4,inflight_boundary_near,boundary_near,mild_turn_left,primvar_mild_turn_left_transition_object_fee0dc32131a,rejected_exploration_cross_family_without_memory_confidence,False,primvar_mild_turn_left_transition_object_fee0dc32131a,primvar_mild_turn_right_transition_object_01b5cdd5409c,6.151755040928464e-06,7.734116316271411e-07,0.03,0.0,1.0,-2.1892717368521275e-05,-2.1892717368521275e-05,0.0,773.4116316271411,0.0378823412645127,0.9621176587354872,0.0192423531747097,0.0,0.1,0.2,0.0,0.0,0,0,0.961848741565014,0.961848741565014,decision_level_baseline_vs_candidate_path_memory_gap_audit,outer_loop_spatial_flow_belief_safe_explore_exploit_memory_v2_2
heavy_cluster,spatial_flow_belief_memory_h3,3,final_heldout,0,r10_l7_full_domain_randomisation_arena_wide_training,r10_l7_full_domain_randomisation_arena_wide_training,r10_heavy_cluster_spatial_flow_belief_memory_h3_final_0000,5,inflight_boundary_near,boundary_near,mild_turn_left,primvar_mild_turn_left_transition_object_fee0dc32131a,rejected_exploration_cross_family_without_memory_confidence,False,primvar_mild_turn_left_transition_object_fee0dc32131a,primvar_mild_turn_right_transition_object_01b5cdd5409c,4.376945482276184e-06,9.699083360903415e-07,0.03,0.0,1.0,-2.871610553878412e-05,-2.871610553878412e-05,0.0,969.9083360903414,0.0322715966538227,0.9677284033461772,0.0193545680669235,0.0,0.1,0.2,0.0,0.0,0,0,0.9675580514888668,0.9675580514888668,decision_level_baseline_vs_candidate_path_memory_gap_audit,outer_loop_spatial_flow_belief_safe_explore_exploit_memory_v2_2
heavy_cluster,spatial_flow_belief_memory_h3,3,final_heldout,0,r10_l7_full_domain_randomisation_arena_wide_training,r10_l7_full_domain_randomisation_arena_wide_training,r10_heavy_cluster_spatial_flow_belief_memory_h3_final_0000,6,inflight_boundary_near,boundary_near,mild_turn_left,primvar_mild_turn_left_transition_object_fee0dc32131a,baseline_and_memory_winner_match,True,primvar_mild_turn_left_transition_object_fee0dc32131a,primvar_mild_turn_left_transition_object_fee0dc32131a,0.0,0.0,0.03,0.0,1.0,-4.90933226013901e-05,-4.90933226013901e-05,0.0,0.0,0.0343113351205581,0.9656886648794418,0.0193137732975888,0.0,0.1,0.2,0.0,0.0,0,0,0.9656886648794418,0.9656886648794418,decision_level_baseline_vs_candidate_path_memory_gap_audit,outer_loop_spatial_flow_belief_safe_explore_exploit_memory_v2_2
heavy_cluster,spatial_flow_belief_memory_h3,3,final_heldout,0,r10_l7_full_domain_randomisation_arena_wide_training,r10_l7_full_domain_randomisation_arena_wide_training,r10_heavy_cluster_spatial_flow_belief_memory_h3_final_0000,7,inflight_boundary_near,boundary_near,lift_entry,primvar_lift_entry_transition_object_299a4397174a,baseline_and_memory_winner_match,True,primvar_lift_entry_transition_object_299a4397174a,primvar_lift_entry_transition_object_299a4397174a,0.0,0.0,0.03,0.0,1.0,-6.00596469386705e-05,-6.00596469386705e-05,0.0,0.0,0.0309553964454012,0.9690446035545988,0.0193808920710919,0.0,0.1,0.2,0.0,0.0,0,0,0.9690446035545988,0.9690446035545988,decision_level_baseline_vs_candidate_path_memory_gap_audit,outer_loop_spatial_flow_belief_safe_explore_exploit_memory_v2_2
heavy_cluster,spatial_flow_belief_memory_h3,3,final_heldout,0,r10_l7_full_domain_randomisation_arena_wide_training,r10_l7_full_domain_randomisation_arena_wide_training,r10_heavy_cluster_spatial_flow_belief_memory_h3_final_0000,8,inflight_boundary_near,boundary_near,lift_entry,primvar_lift_entry_transition_object_299a4397174a,baseline_and_memory_winner_match,True,primvar_lift_entry_transition_object_299a4397174a,primvar_lift_entry_transition_object_299a4397174a,0.0,0.0,0.03,0.0,1.0,-8.44157018227154e-05,-8.44157018227154e-05,0.0,0.0,0.0394598467195362,0.9605401532804636,0.0192108030656092,0.0,0.1,0.2,0.0,0.0,0,0,0.9605401532804636,0.9605401532804636,decision_level_baseline_vs_candidate_path_memory_gap_audit,outer_loop_spatial_flow_belief_safe_explore_exploit_memory_v2_2
heavy_cluster,spatial_flow_belief_memory_h3,3,final_heldout,1,r10_l7_full_domain_randomisation_arena_wide_training,r10_l7_full_domain_randomisation_arena_wide_training,r10_heavy_cluster_spatial_flow_belief_memory_h3_final_0001,0,launch_gate,launch_gate,mild_turn_left,primvar_mild_turn_left_transition_object_c5942d118f74,baseline_and_memory_winner_match,True,primvar_mild_turn_left_transition_object_c5942d118f74,primvar_mild_turn_left_transition_object_c5942d118f74,0.0,0.0,0.03,0.0,1.0,0.0,0.0,0.0,0.0,0.0,0.6302218748792076,0.0126044374975841,0.0,0.1,0.2,0.0,0.0,7,0,1.0,0.6302218748792076,decision_level_baseline_vs_candidate_path_memory_gap_audit,outer_loop_spatial_flow_belief_safe_explore_exploit_memory_v2_2
heavy_cluster,spatial_flow_belief_memory_h3,3,final_heldout,1,r10_l7_full_domain_randomisation_arena_wide_training,r10_l7_full_domain_randomisation_arena_wide_training,r10_heavy_cluster_spatial_flow_belief_memory_h3_final_0001,1,inflight_nominal,inflight_stable,lift_entry,primvar_lift_entry_transition_object_a65393bbc7f9,baseline_and_memory_winner_match,True,primvar_lift_entry_transition_object_a65393bbc7f9,primvar_lift_entry_transition_object_a65393bbc7f9,0.0,0.0,0.03,0.0,1.0,3.449586208637001e-05,3.449586208637001e-05,0.0,0.0,0.0296212839100493,0.569991864494713,0.0113998372898942,0.0,0.1,0.2,0.0,0.0,7,0,0.9703787160899506,0.569991864494713,decision_level_baseline_vs_candidate_path_memory_gap_audit,outer_loop_spatial_flow_belief_safe_explore_exploit_memory_v2_2
heavy_cluster,spatial_flow_belief_memory_h3,3,final_heldout,1,r10_l7_full_domain_randomisation_arena_wide_training,r10_l7_full_domain_randomisation_arena_wide_training,r10_heavy_cluster_spatial_flow_belief_memory_h3_final_0001,2,inflight_nominal,inflight_stable,lift_entry,primvar_lift_entry_transition_object_a65393bbc7f9,baseline_and_memory_winner_match,True,primvar_lift_entry_transition_object_a65393bbc7f9,primvar_lift_entry_transition_object_a65393bbc7f9,0.0,0.0,0.03,0.0,1.0,-5.20734667637246e-05,-5.20734667637246e-05,0.0,0.0,0.0404190845063526,0.5972704243254335,0.0119454084865086,0.0,0.1,0.2,0.0,0.0,7,0,0.9595809154936472,0.5972704243254335,decision_level_baseline_vs_candidate_path_memory_gap_audit,outer_loop_spatial_flow_belief_safe_explore_exploit_memory_v2_2
heavy_cluster,spatial_flow_belief_memory_h3,3,final_heldout,1,r10_l7_full_domain_randomisation_arena_wide_training,r10_l7_full_domain_randomisation_arena_wide_training,r10_heavy_cluster_spatial_flow_belief_memory_h3_final_0001,3,inflight_nominal,inflight_stable,lift_entry,primvar_lift_entry_transition_object_a65393bbc7f9,baseline_and_memory_winner_match,True,primvar_lift_entry_transition_object_a65393bbc7f9,primvar_lift_entry_transition_object_a65393bbc7f9,0.0,0.0,0.03,0.0,1.0,-0.0001121588603671,-0.0001121588603671,0.0,0.0,0.0459304880416913,0.6366765898157275,0.0127335317963145,0.0,0.1,0.2,0.0,0.0,7,0,0.9540695119583088,0.6366765898157275,decision_level_baseline_vs_candidate_path_memory_gap_audit,outer_loop_spatial_flow_belief_safe_explore_exploit_memory_v2_2
heavy_cluster,spatial_flow_belief_memory_h3,3,final_heldout,1,r10_l7_full_domain_randomisation_arena_wide_training,r10_l7_full_domain_randomisation_arena_wide_training,r10_heavy_cluster_spatial_flow_belief_memory_h3_final_0001,4,inflight_nominal,inflight_stable,lift_entry,primvar_lift_entry_transition_object_a65393bbc7f9,baseline_and_memory_winner_match,True,primvar_lift_entry_transition_object_a65393bbc7f9,primvar_lift_entry_transition_object_a65393bbc7f9,0.0,0.0,0.03,0.0,1.0,-0.0001231659156446,-0.0001231659156446,0.0,0.0,0.03585930549457,0.6979571664220675,0.0139591433284413,0.0,0.1,0.2,0.0,0.0,7,0,0.96414069450543,0.6979571664220675,decision_level_baseline_vs_candidate_path_memory_gap_audit,outer_loop_spatial_flow_belief_safe_explore_exploit_memory_v2_2
heavy_cluster,spatial_flow_belief_memory_h3,3,final_heldout,1,r10_l7_full_domain_randomisation_arena_wide_training,r10_l7_full_domain_randomisation_arena_wide_training,r10_heavy_cluster_spatial_flow_belief_memory_h3_final_0001,5,inflight_nominal,inflight_stable,lift_entry,primvar_lift_entry_transition_object_a65393bbc7f9,baseline_and_memory_winner_match,True,primvar_lift_entry_transition_object_a65393bbc7f9,primvar_lift_entry_transition_object_a65393bbc7f9,0.0,0.0,0.03,0.0,1.0,-0.0001214463529668,-0.0001214463529668,0.0,0.0,0.0316853886441061,0.7712578540940213,0.0154251570818804,0.0,0.1,0.2,0.0,0.0,7,0,0.9683146113558938,0.7712578540940213,decision_level_baseline_vs_candidate_path_memory_gap_audit,outer_loop_spatial_flow_belief_safe_explore_exploit_memory_v2_2
heavy_cluster,spatial_flow_belief_memory_h3,3,final_heldout,1,r10_l7_full_domain_randomisation_arena_wide_training,r10_l7_full_domain_randomisation_arena_wide_training,r10_heavy_cluster_spatial_flow_belief_memory_h3_final_0001,6,inflight_nominal,inflight_stable,lift_entry,primvar_lift_entry_transition_object_a65393bbc7f9,baseline_and_memory_winner_match,True,primvar_lift_entry_transition_object_a65393bbc7f9,primvar_lift_entry_transition_object_a65393bbc7f9,0.0,0.0,0.03,0.0,1.0,-0.000135823440033,-0.000135823440033,0.0,0.0,0.0361271717410055,0.8623248615491937,0.0172464972309838,0.0,0.1,0.2,0.0,0.0,1,0,0.9638728282589945,0.8623248615491937,decision_level_baseline_vs_candidate_path_memory_gap_audit,outer_loop_spatial_flow_belief_safe_explore_exploit_memory_v2_2
heavy_cluster,spatial_flow_belief_memory_h3,3,final_heldout,1,r10_l7_full_domain_randomisation_arena_wide_training,r10_l7_full_domain_randomisation_arena_wide_training,r10_heavy_cluster_spatial_flow_belief_memory_h3_final_0001,7,inflight_nominal,inflight_stable,lift_entry,primvar_lift_entry_transition_object_a65393bbc7f9,baseline_and_memory_winner_match,True,primvar_lift_entry_transition_object_a65393bbc7f9,primvar_lift_entry_transition_object_a65393bbc7f9,0.0,0.0,0.03,0.0,1.0,-0.000111772335277,-0.000111772335277,0.0,0.0,0.0312847087047748,0.9687152912952252,0.0193743058259045,0.0,0.1,0.2,0.0,0.0,0,0,0.9687152912952252,0.9687152912952252,decision_level_baseline_vs_candidate_path_memory_gap_audit,outer_loop_spatial_flow_belief_safe_explore_exploit_memory_v2_2
heavy_cluster,spatial_flow_belief_memory_h3,3,final_heldout,1,r10_l7_full_domain_randomisation_arena_wide_training,r10_l7_full_domain_randomisation_arena_wide_training,r10_heavy_cluster_spatial_flow_belief_memory_h3_final_0001,8,inflight_boundary_near,boundary_near,lift_dwell_arc,primvar_lift_dwell_arc_transition_object_2a54829d66c4,baseline_and_memory_winner_match,True,primvar_lift_dwell_arc_transition_object_2a54829d66c4,primvar_lift_dwell_arc_transition_object_2a54829d66c4,0.0,0.0,0.03,0.0,1.0,-0.0001240285849475,-0.0001240285849475,0.0,0.0,0.0374476367122579,0.962552363287742,0.0192510472657548,0.0,0.1,0.2,0.0,0.0,0,0,0.962552363287742,0.962552363287742,decision_level_baseline_vs_candidate_path_memory_gap_audit,outer_loop_spatial_flow_belief_safe_explore_exploit_memory_v2_2
heavy_cluster,spatial_flow_belief_memory_h3,3,final_heldout,1,r10_l7_full_domain_randomisation_arena_wide_training,r10_l7_full_domain_randomisation_arena_wide_training,r10_heavy_cluster_spatial_flow_belief_memory_h3_final_0001,9,inflight_boundary_near,boundary_near,lift_dwell_arc,primvar_lift_dwell_arc_transition_object_2a54829d66c4,baseline_and_memory_winner_match,True,primvar_lift_dwell_arc_transition_object_2a54829d66c4,primvar_lift_dwell_arc_transition_object_2a54829d66c4,0.0,0.0,0.03,0.0,1.0,-1.564605192805324e-05,-1.564605192805324e-05,0.0,0.0,0.0320017541133522,0.9679982458866476,0.0193599649177329,0.0,0.1,0.2,0.0,0.0,0,0,0.9679982458866476,0.9679982458866476,decision_level_baseline_vs_candidate_path_memory_gap_audit,outer_loop_spatial_flow_belief_safe_explore_exploit_memory_v2_2
heavy_cluster,spatial_flow_belief_memory_h3,3,final_heldout,1,r10_l7_full_domain_randomisation_arena_wide_training,r10_l7_full_domain_randomisation_arena_wide_training,r10_heavy_cluster_spatial_flow_belief_memory_h3_final_0001,10,inflight_boundary_near,boundary_near,lift_dwell_arc,primvar_lift_dwell_arc_transition_object_2a54829d66c4,baseline_and_memory_winner_match,True,primvar_lift_dwell_arc_transition_object_2a54829d66c4,primvar_lift_dwell_arc_transition_object_2a54829d66c4,0.0,0.0,0.03,0.0,1.0,8.392161601844528e-05,8.392161601844528e-05,0.0,0.0,0.0373260240767963,0.9626739759232036,0.019253479518464,0.0,0.1,0.2,0.0,0.0,0,0,0.9626739759232036,0.9626739759232036,decision_level_baseline_vs_candidate_path_memory_gap_audit,outer_loop_spatial_flow_belief_safe_explore_exploit_memory_v2_2
heavy_cluster,spatial_flow_belief_memory_h3,3,final_heldout,1,r10_l7_full_domain_randomisation_arena_wide_training,r10_l7_full_domain_randomisation_arena_wide_training,r10_heavy_cluster_spatial_flow_belief_memory_h3_final_0001,11,inflight_boundary_near,boundary_near,lift_dwell_arc,primvar_lift_dwell_arc_transition_object_2a54829d66c4,baseline_and_memory_winner_match,True,primvar_lift_dwell_arc_transition_object_2a54829d66c4,primvar_lift_dwell_arc_transition_object_2a54829d66c4,0.0,0.0,0.03,0.0,1.0,8.632636828465046e-05,8.632636828465046e-05,0.0,0.0,0.0314987842481373,0.9685012157518628,0.0193700243150372,0.0,0.1,0.2,0.0,0.0,0,0,0.9685012157518628,0.9685012157518628,decision_level_baseline_vs_candidate_path_memory_gap_audit,outer_loop_spatial_flow_belief_safe_explore_exploit_memory_v2_2
heavy_cluster,no_memory_baseline,0,final_heldout,6,r10_l7_full_domain_randomisation_arena_wide_training,r10_l7_full_domain_randomisation_arena_wide_training,r10_heavy_cluster_no_memory_baseline_final_0006,0,launch_gate,launch_gate,mild_turn_left,primvar_mild_turn_left_transition_object_c5942d118f74,not_active_no_candidate_path_memory,True,primvar_mild_turn_left_transition_object_c5942d118f74,primvar_mild_turn_left_transition_object_c5942d118f74,0.0,0.0,0.03,0.0,0.0,0.0,0.0,0.0,0.0,0.0,0.6393110014564335,0.0,0.0,0.1,0.2,0.0,0.0,0,0,1.0,0.6393110014564335,decision_level_baseline_vs_candidate_path_memory_gap_audit,outer_loop_spatial_flow_belief_safe_explore_exploit_memory_v2_2
heavy_cluster,no_memory_baseline,0,final_heldout,6,r10_l7_full_domain_randomisation_arena_wide_training,r10_l7_full_domain_randomisation_arena_wide_training,r10_heavy_cluster_no_memory_baseline_final_0006,1,inflight_nominal,inflight_stable,lift_entry,primvar_lift_entry_transition_object_a65393bbc7f9,not_active_no_candidate_path_memory,True,primvar_lift_entry_transition_object_a65393bbc7f9,primvar_lift_entry_transition_object_a65393bbc7f9,0.0,0.0,0.03,0.0,0.0,0.0,0.0,0.0,0.0,0.0,0.6036678303032735,0.0,0.0,0.1,0.2,0.0,0.0,0,0,1.0,0.6036678303032735,decision_level_baseline_vs_candidate_path_memory_gap_audit,outer_loop_spatial_flow_belief_safe_explore_exploit_memory_v2_2
heavy_cluster,no_memory_baseline,0,final_heldout,6,r10_l7_full_domain_randomisation_arena_wide_training,r10_l7_full_domain_randomisation_arena_wide_training,r10_heavy_cluster_no_memory_baseline_final_0006,2,inflight_recovery_edge,recoverable_degraded,safe_exit_or_recovery_handoff,primvar_safe_exit_or_recovery_handoff_transition_object_a195686788f5,not_active_no_candidate_path_memory,True,primvar_safe_exit_or_recovery_handoff_transition_object_a195686788f5,primvar_safe_exit_or_recovery_handoff_transition_object_a195686788f5,0.0,0.0,0.03,0.0,0.0,0.0,0.0,0.0,0.0,0.0,0.4256443164423845,0.0,0.0,0.1,0.2,0.0,0.0,0,0,1.0,0.4256443164423845,decision_level_baseline_vs_candidate_path_memory_gap_audit,outer_loop_spatial_flow_belief_safe_explore_exploit_memory_v2_2
heavy_cluster,no_memory_baseline,0,final_heldout,6,r10_l7_full_domain_randomisation_arena_wide_training,r10_l7_full_domain_randomisation_arena_wide_training,r10_heavy_cluster_no_memory_baseline_final_0006,3,inflight_recovery_edge,recoverable_degraded,safe_exit_or_recovery_handoff,primvar_safe_exit_or_recovery_handoff_transition_object_a195686788f5,not_active_no_candidate_path_memory,True,primvar_safe_exit_or_recovery_handoff_transition_object_a195686788f5,primvar_safe_exit_or_recovery_handoff_transition_object_a195686788f5,0.0,0.0,0.03,0.0,0.0,0.0,0.0,0.0,0.0,0.0,0.4470388441791477,0.0,0.0,0.1,0.2,0.0,0.0,0,0,1.0,0.4470388441791477,decision_level_baseline_vs_candidate_path_memory_gap_audit,outer_loop_spatial_flow_belief_safe_explore_exploit_memory_v2_2
heavy_cluster,no_memory_baseline,0,final_heldout,6,r10_l7_full_domain_randomisation_arena_wide_training,r10_l7_full_domain_randomisation_arena_wide_training,r10_heavy_cluster_no_memory_baseline_final_0006,4,inflight_recovery_edge,recoverable_degraded,safe_exit_or_recovery_handoff,primvar_safe_exit_or_recovery_handoff_transition_object_a195686788f5,not_active_no_candidate_path_memory,True,primvar_safe_exit_or_recovery_handoff_transition_object_a195686788f5,primvar_safe_exit_or_recovery_handoff_transition_object_a195686788f5,0.0,0.0,0.03,0.0,0.0,0.0,0.0,0.0,0.0,0.0,0.4712949525606238,0.0,0.0,0.1,0.2,0.0,0.0,0,0,1.0,0.4712949525606238,decision_level_baseline_vs_candidate_path_memory_gap_audit,outer_loop_spatial_flow_belief_safe_explore_exploit_memory_v2_2
heavy_cluster,no_memory_baseline,0,final_heldout,6,r10_l7_full_domain_randomisation_arena_wide_training,r10_l7_full_domain_randomisation_arena_wide_training,r10_heavy_cluster_no_memory_baseline_final_0006,5,inflight_recovery_edge,recoverable_degraded,safe_exit_or_recovery_handoff,primvar_safe_exit_or_recovery_handoff_transition_object_a195686788f5,not_active_no_candidate_path_memory,True,primvar_safe_exit_or_recovery_handoff_transition_object_a195686788f5,primvar_safe_exit_or_recovery_handoff_transition_object_a195686788f5,0.0,0.0,0.03,0.0,0.0,0.0,0.0,0.0,0.0,0.0,0.4995190539422098,0.0,0.0,0.1,0.2,0.0,0.0,0,0,1.0,0.4995190539422098,decision_level_baseline_vs_candidate_path_memory_gap_audit,outer_loop_spatial_flow_belief_safe_explore_exploit_memory_v2_2
heavy_cluster,no_memory_baseline,0,final_heldout,6,r10_l7_full_domain_randomisation_arena_wide_training,r10_l7_full_domain_randomisation_arena_wide_training,r10_heavy_cluster_no_memory_baseline_final_0006,6,inflight_recovery_edge,recoverable_degraded,safe_exit_or_recovery_handoff,primvar_safe_exit_or_recovery_handoff_transition_object_a195686788f5,not_active_no_candidate_path_memory,True,primvar_safe_exit_or_recovery_handoff_transition_object_a195686788f5,primvar_safe_exit_or_recovery_handoff_transition_object_a195686788f5,0.0,0.0,0.03,0.0,0.0,0.0,0.0,0.0,0.0,0.0,0.5324299020124872,0.0,0.0,0.1,0.2,0.0,0.0,0,0,1.0,0.5324299020124872,decision_level_baseline_vs_candidate_path_memory_gap_audit,outer_loop_spatial_flow_belief_safe_explore_exploit_memory_v2_2
heavy_cluster,no_memory_baseline,0,final_heldout,6,r10_l7_full_domain_randomisation_arena_wide_training,r10_l7_full_domain_randomisation_arena_wide_training,r10_heavy_cluster_no_memory_baseline_final_0006,7,inflight_recovery_edge,recoverable_degraded,safe_exit_or_recovery_handoff,primvar_safe_exit_or_recovery_handoff_transition_object_a195686788f5,not_active_no_candidate_path_memory,True,primvar_safe_exit_or_recovery_handoff_transition_object_a195686788f5,primvar_safe_exit_or_recovery_handoff_transition_object_a195686788f5,0.0,0.0,0.03,0.0,0.0,0.0,0.0,0.0,0.0,0.0,0.5725333954258345,0.0,0.0,0.1,0.2,0.0,0.0,0,0,1.0,0.5725333954258345,decision_level_baseline_vs_candidate_path_memory_gap_audit,outer_loop_spatial_flow_belief_safe_explore_exploit_memory_v2_2
heavy_cluster,no_memory_baseline,0,final_heldout,6,r10_l7_full_domain_randomisation_arena_wide_training,r10_l7_full_domain_randomisation_arena_wide_training,r10_heavy_cluster_no_memory_baseline_final_0006,8,inflight_nominal,inflight_stable,lift_dwell_arc,primvar_lift_dwell_arc_transition_object_f5212e7a8993,not_active_no_candidate_path_memory,True,primvar_lift_dwell_arc_transition_object_f5212e7a8993,primvar_lift_dwell_arc_transition_object_f5212e7a8993,0.0,0.0,0.03,0.0,0.0,0.0,0.0,0.0,0.0,0.0,1.0,0.0,0.0,0.1,0.2,0.0,0.0,0,0,1.0,1.0,decision_level_baseline_vs_candidate_path_memory_gap_audit,outer_loop_spatial_flow_belief_safe_explore_exploit_memory_v2_2
heavy_cluster,no_memory_baseline,0,final_heldout,6,r10_l7_full_domain_randomisation_arena_wide_training,r10_l7_full_domain_randomisation_arena_wide_training,r10_heavy_cluster_no_memory_baseline_final_0006,9,inflight_nominal,inflight_stable,lift_dwell_arc,primvar_lift_dwell_arc_transition_object_f5212e7a8993,not_active_no_candidate_path_memory,True,primvar_lift_dwell_arc_transition_object_f5212e7a8993,primvar_lift_dwell_arc_transition_object_f5212e7a8993,0.0,0.0,0.03,0.0,0.0,0.0,0.0,0.0,0.0,0.0,1.0,0.0,0.0,0.1,0.2,0.0,0.0,0,0,1.0,1.0,decision_level_baseline_vs_candidate_path_memory_gap_audit,outer_loop_spatial_flow_belief_safe_explore_exploit_memory_v2_2
heavy_cluster,no_memory_baseline,0,final_heldout,6,r10_l7_full_domain_randomisation_arena_wide_training,r10_l7_full_domain_randomisation_arena_wide_training,r10_heavy_cluster_no_memory_baseline_final_0006,10,inflight_boundary_near,boundary_near,safe_exit_or_recovery_handoff,primvar_safe_exit_or_recovery_handoff_transition_object_ac25a091328a,not_active_no_candidate_path_memory,True,primvar_safe_exit_or_recovery_handoff_transition_object_ac25a091328a,primvar_safe_exit_or_recovery_handoff_transition_object_ac25a091328a,0.0,0.0,0.03,0.0,0.0,0.0,0.0,0.0,0.0,0.0,1.0,0.0,0.0,0.1,0.2,0.0,0.0,0,0,1.0,1.0,decision_level_baseline_vs_candidate_path_memory_gap_audit,outer_loop_spatial_flow_belief_safe_explore_exploit_memory_v2_2
heavy_cluster,no_memory_baseline,0,final_heldout,6,r10_l7_full_domain_randomisation_arena_wide_training,r10_l7_full_domain_randomisation_arena_wide_training,r10_heavy_cluster_no_memory_baseline_final_0006,11,inflight_boundary_near,boundary_near,safe_exit_or_recovery_handoff,primvar_safe_exit_or_recovery_handoff_transition_object_ac25a091328a,not_active_no_candidate_path_memory,True,primvar_safe_exit_or_recovery_handoff_transition_object_ac25a091328a,primvar_safe_exit_or_recovery_handoff_transition_object_ac25a091328a,0.0,0.0,0.03,0.0,0.0,0.0,0.0,0.0,0.0,0.0,1.0,0.0,0.0,0.1,0.2,0.0,0.0,0,0,1.0,1.0,decision_level_baseline_vs_candidate_path_memory_gap_audit,outer_loop_spatial_flow_belief_safe_explore_exploit_memory_v2_2
heavy_cluster,no_memory_baseline,0,final_heldout,6,r10_l7_full_domain_randomisation_arena_wide_training,r10_l7_full_domain_randomisation_arena_wide_training,r10_heavy_cluster_no_memory_baseline_final_0006,12,inflight_boundary_near,boundary_near,safe_exit_or_recovery_handoff,primvar_safe_exit_or_recovery_handoff_transition_object_ac25a091328a,not_active_no_candidate_path_memory,True,primvar_safe_exit_or_recovery_handoff_transition_object_ac25a091328a,primvar_safe_exit_or_recovery_handoff_transition_object_ac25a091328a,0.0,0.0,0.03,0.0,0.0,0.0,0.0,0.0,0.0,0.0,1.0,0.0,0.0,0.1,0.2,0.0,0.0,0,0,1.0,1.0,decision_level_baseline_vs_candidate_path_memory_gap_audit,outer_loop_spatial_flow_belief_safe_explore_exploit_memory_v2_2
heavy_cluster,no_memory_baseline,0,final_heldout,6,r10_l7_full_domain_randomisation_arena_wide_training,r10_l7_full_domain_randomisation_arena_wide_training,r10_heavy_cluster_no_memory_baseline_final_0006,13,inflight_boundary_near,boundary_near,energy_retaining_bank,primvar_energy_retaining_bank_transition_object_a0ebd6810f1f,not_active_no_candidate_path_memory,True,primvar_energy_retaining_bank_transition_object_a0ebd6810f1f,primvar_energy_retaining_bank_transition_object_a0ebd6810f1f,0.0,0.0,0.03,0.0,0.0,0.0,0.0,0.0,0.0,0.0,1.0,0.0,0.0,0.1,0.2,0.0,0.0,0,0,1.0,1.0,decision_level_baseline_vs_candidate_path_memory_gap_audit,outer_loop_spatial_flow_belief_safe_explore_exploit_memory_v2_2
heavy_cluster,no_memory_baseline,0,final_heldout,6,r10_l7_full_domain_randomisation_arena_wide_training,r10_l7_full_domain_randomisation_arena_wide_training,r10_heavy_cluster_no_memory_baseline_final_0006,14,inflight_boundary_near,boundary_near,energy_retaining_bank,primvar_energy_retaining_bank_transition_object_a0ebd6810f1f,not_active_no_candidate_path_memory,True,primvar_energy_retaining_bank_transition_object_a0ebd6810f1f,primvar_energy_retaining_bank_transition_object_a0ebd6810f1f,0.0,0.0,0.03,0.0,0.0,0.0,0.0,0.0,0.0,0.0,1.0,0.0,0.0,0.1,0.2,0.0,0.0,0,0,1.0,1.0,decision_level_baseline_vs_candidate_path_memory_gap_audit,outer_loop_spatial_flow_belief_safe_explore_exploit_memory_v2_2
heavy_cluster,no_memory_baseline,0,final_heldout,6,r10_l7_full_domain_randomisation_arena_wide_training,r10_l7_full_domain_randomisation_arena_wide_training,r10_heavy_cluster_no_memory_baseline_final_0006,15,inflight_boundary_near,boundary_near,energy_retaining_bank,primvar_energy_retaining_bank_transition_object_a0ebd6810f1f,not_active_no_candidate_path_memory,True,primvar_energy_retaining_bank_transition_object_a0ebd6810f1f,primvar_energy_retaining_bank_transition_object_a0ebd6810f1f,0.0,0.0,0.03,0.0,0.0,0.0,0.0,0.0,0.0,0.0,0.5438328159835801,0.0,0.0,0.1,0.2,0.0,0.0,0,0,1.0,0.5438328159835801,decision_level_baseline_vs_candidate_path_memory_gap_audit,outer_loop_spatial_flow_belief_safe_explore_exploit_memory_v2_2
heavy_cluster,spatial_flow_belief_memory_h3,3,final_heldout,6,r10_l7_full_domain_randomisation_arena_wide_training,r10_l7_full_domain_randomisation_arena_wide_training,r10_heavy_cluster_spatial_flow_belief_memory_h3_final_0006,0,launch_gate,launch_gate,mild_turn_left,primvar_mild_turn_left_transition_object_c5942d118f74,baseline_and_memory_winner_match,True,primvar_mild_turn_left_transition_object_c5942d118f74,primvar_mild_turn_left_transition_object_c5942d118f74,0.0,0.0,0.03,0.0,1.0,0.0,0.0,0.0,0.0,0.0,0.6393110014564335,0.0127862200291286,0.0,0.1,0.2,0.0,0.0,7,0,1.0,0.6393110014564335,decision_level_baseline_vs_candidate_path_memory_gap_audit,outer_loop_spatial_flow_belief_safe_explore_exploit_memory_v2_2
heavy_cluster,spatial_flow_belief_memory_h3,3,final_heldout,6,r10_l7_full_domain_randomisation_arena_wide_training,r10_l7_full_domain_randomisation_arena_wide_training,r10_heavy_cluster_spatial_flow_belief_memory_h3_final_0006,1,inflight_nominal,inflight_stable,lift_entry,primvar_lift_entry_transition_object_a65393bbc7f9,baseline_and_memory_winner_match,True,primvar_lift_entry_transition_object_a65393bbc7f9,primvar_lift_entry_transition_object_a65393bbc7f9,0.0,0.0,0.03,0.0,1.0,0.0002099759965927,0.0002099759965927,0.0,0.0,0.0336140207139541,0.5833761273511116,0.0116675225470222,0.0,0.1,0.2,0.0,0.0,7,0,0.966385979286046,0.5833761273511116,decision_level_baseline_vs_candidate_path_memory_gap_audit,outer_loop_spatial_flow_belief_safe_explore_exploit_memory_v2_2
heavy_cluster,spatial_flow_belief_memory_h3,3,final_heldout,6,r10_l7_full_domain_randomisation_arena_wide_training,r10_l7_full_domain_randomisation_arena_wide_training,r10_heavy_cluster_spatial_flow_belief_memory_h3_final_0006,2,inflight_recovery_edge,recoverable_degraded,safe_exit_or_recovery_handoff,primvar_safe_exit_or_recovery_handoff_transition_object_a195686788f5,baseline_and_memory_winner_match,True,primvar_safe_exit_or_recovery_handoff_transition_object_a195686788f5,primvar_safe_exit_or_recovery_handoff_transition_object_a195686788f5,0.0,0.0,0.03,0.0,1.0,0.0003148405845398,0.0003148405845398,0.0,0.0,0.0427911103113249,0.4074305235441099,0.0081486104708822,0.0,0.1,0.2,0.0,0.0,7,0,0.957208889688675,0.4074305235441099,decision_level_baseline_vs_candidate_path_memory_gap_audit,outer_loop_spatial_flow_belief_safe_explore_exploit_memory_v2_2
heavy_cluster,spatial_flow_belief_memory_h3,3,final_heldout,6,r10_l7_full_domain_randomisation_arena_wide_training,r10_l7_full_domain_randomisation_arena_wide_training,r10_heavy_cluster_spatial_flow_belief_memory_h3_final_0006,3,inflight_recovery_edge,recoverable_degraded,safe_exit_or_recovery_handoff,primvar_safe_exit_or_recovery_handoff_transition_object_a195686788f5,baseline_and_memory_winner_match,True,primvar_safe_exit_or_recovery_handoff_transition_object_a195686788f5,primvar_safe_exit_or_recovery_handoff_transition_object_a195686788f5,0.0,0.0,0.03,0.0,1.0,0.0002380088551346,0.0002380088551346,0.0,0.0,0.0369055381283668,0.4305406350704331,0.0086108127014086,0.0,0.1,0.2,0.0,0.0,7,0,0.9630944618716332,0.4305406350704331,decision_level_baseline_vs_candidate_path_memory_gap_audit,outer_loop_spatial_flow_belief_safe_explore_exploit_memory_v2_2
heavy_cluster,spatial_flow_belief_memory_h3,3,final_heldout,6,r10_l7_full_domain_randomisation_arena_wide_training,r10_l7_full_domain_randomisation_arena_wide_training,r10_heavy_cluster_spatial_flow_belief_memory_h3_final_0006,4,inflight_recovery_edge,recoverable_degraded,safe_exit_or_recovery_handoff,primvar_safe_exit_or_recovery_handoff_transition_object_a195686788f5,baseline_and_memory_winner_match,True,primvar_safe_exit_or_recovery_handoff_transition_object_a195686788f5,primvar_safe_exit_or_recovery_handoff_transition_object_a195686788f5,0.0,0.0,0.03,0.0,1.0,0.0002463213557841,0.0002463213557841,0.0,0.0,0.0457198582634764,0.4497474141292603,0.0089949482825852,0.0,0.1,0.2,0.0,0.0,7,0,0.9542801417365236,0.4497474141292603,decision_level_baseline_vs_candidate_path_memory_gap_audit,outer_loop_spatial_flow_belief_safe_explore_exploit_memory_v2_2
heavy_cluster,spatial_flow_belief_memory_h3,3,final_heldout,6,r10_l7_full_domain_randomisation_arena_wide_training,r10_l7_full_domain_randomisation_arena_wide_training,r10_heavy_cluster_spatial_flow_belief_memory_h3_final_0006,5,inflight_recovery_edge,recoverable_degraded,safe_exit_or_recovery_handoff,primvar_safe_exit_or_recovery_handoff_transition_object_a195686788f5,baseline_and_memory_winner_match,True,primvar_safe_exit_or_recovery_handoff_transition_object_a195686788f5,primvar_safe_exit_or_recovery_handoff_transition_object_a195686788f5,0.0,0.0,0.03,0.0,1.0,0.000136590223875,0.000136590223875,0.0,0.0,0.0487534946916394,0.4751657543974655,0.0095033150879493,0.0,0.1,0.2,0.0,0.0,7,0,0.9512465053083606,0.4751657543974655,decision_level_baseline_vs_candidate_path_memory_gap_audit,outer_loop_spatial_flow_belief_safe_explore_exploit_memory_v2_2
heavy_cluster,spatial_flow_belief_memory_h3,3,final_heldout,6,r10_l7_full_domain_randomisation_arena_wide_training,r10_l7_full_domain_randomisation_arena_wide_training,r10_heavy_cluster_spatial_flow_belief_memory_h3_final_0006,6,inflight_recovery_edge,recoverable_degraded,safe_exit_or_recovery_handoff,primvar_safe_exit_or_recovery_handoff_transition_object_a195686788f5,baseline_and_memory_winner_match,True,primvar_safe_exit_or_recovery_handoff_transition_object_a195686788f5,primvar_safe_exit_or_recovery_handoff_transition_object_a195686788f5,0.0,0.0,0.03,0.0,1.0,-6.356933947210264e-06,-6.356933947210264e-06,0.0,0.0,0.0355612808985602,0.5134960127082282,0.0102699202541645,0.0,0.1,0.2,0.0,0.0,7,0,0.9644387191014396,0.5134960127082282,decision_level_baseline_vs_candidate_path_memory_gap_audit,outer_loop_spatial_flow_belief_safe_explore_exploit_memory_v2_2
heavy_cluster,spatial_flow_belief_memory_h3,3,final_heldout,6,r10_l7_full_domain_randomisation_arena_wide_training,r10_l7_full_domain_randomisation_arena_wide_training,r10_heavy_cluster_spatial_flow_belief_memory_h3_final_0006,7,inflight_recovery_edge,recoverable_degraded,safe_exit_or_recovery_handoff,primvar_safe_exit_or_recovery_handoff_transition_object_a195686788f5,baseline_and_memory_winner_match,True,primvar_safe_exit_or_recovery_handoff_transition_object_a195686788f5,primvar_safe_exit_or_recovery_handoff_transition_object_a195686788f5,0.0,0.0,0.03,0.0,1.0,-0.000111061827031,-0.000111061827031,0.0,0.0,0.0420459491723801,0.5484606853822697,0.0109692137076453,0.0,0.1,0.2,0.0,0.0,7,0,0.95795405082762,0.5484606853822697,decision_level_baseline_vs_candidate_path_memory_gap_audit,outer_loop_spatial_flow_belief_safe_explore_exploit_memory_v2_2
heavy_cluster,spatial_flow_belief_memory_h3,3,final_heldout,6,r10_l7_full_domain_randomisation_arena_wide_training,r10_l7_full_domain_randomisation_arena_wide_training,r10_heavy_cluster_spatial_flow_belief_memory_h3_final_0006,8,inflight_nominal,inflight_stable,lift_dwell_arc,primvar_lift_dwell_arc_transition_object_f5212e7a8993,baseline_and_memory_winner_match,True,primvar_lift_dwell_arc_transition_object_f5212e7a8993,primvar_lift_dwell_arc_transition_object_f5212e7a8993,0.0,0.0,0.03,0.0,1.0,-0.0001611659156683,-0.0001611659156683,0.0,0.0,0.0346545496284046,0.9653454503715954,0.0193069090074319,0.0,0.1,0.2,0.0,0.0,0,0,0.9653454503715954,0.9653454503715954,decision_level_baseline_vs_candidate_path_memory_gap_audit,outer_loop_spatial_flow_belief_safe_explore_exploit_memory_v2_2
heavy_cluster,spatial_flow_belief_memory_h3,3,final_heldout,6,r10_l7_full_domain_randomisation_arena_wide_training,r10_l7_full_domain_randomisation_arena_wide_training,r10_heavy_cluster_spatial_flow_belief_memory_h3_final_0006,9,inflight_nominal,inflight_stable,lift_dwell_arc,primvar_lift_dwell_arc_transition_object_f5212e7a8993,baseline_and_memory_winner_match,True,primvar_lift_dwell_arc_transition_object_f5212e7a8993,primvar_lift_dwell_arc_transition_object_f5212e7a8993,0.0,0.0,0.03,0.0,1.0,-0.0002043153771955,-0.0002043153771955,0.0,0.0,0.0376515132413536,0.9623484867586464,0.0192469697351729,0.0,0.1,0.2,0.0,0.0,0,0,0.9623484867586464,0.9623484867586464,decision_level_baseline_vs_candidate_path_memory_gap_audit,outer_loop_spatial_flow_belief_safe_explore_exploit_memory_v2_2
heavy_cluster,spatial_flow_belief_memory_h3,3,final_heldout,6,r10_l7_full_domain_randomisation_arena_wide_training,r10_l7_full_domain_randomisation_arena_wide_training,r10_heavy_cluster_spatial_flow_belief_memory_h3_final_0006,10,inflight_boundary_near,boundary_near,safe_exit_or_recovery_handoff,primvar_safe_exit_or_recovery_handoff_transition_object_ac25a091328a,baseline_and_memory_winner_match,True,primvar_safe_exit_or_recovery_handoff_transition_object_ac25a091328a,primvar_safe_exit_or_recovery_handoff_transition_object_ac25a091328a,0.0,0.0,0.03,0.0,1.0,-0.0002414773200212,-0.0002414773200212,0.0,0.0,0.0369337701053346,0.9630662298946654,0.0192613245978933,0.0,0.1,0.2,0.0,0.0,0,0,0.9630662298946654,0.9630662298946654,decision_level_baseline_vs_candidate_path_memory_gap_audit,outer_loop_spatial_flow_belief_safe_explore_exploit_memory_v2_2
heavy_cluster,spatial_flow_belief_memory_h3,3,final_heldout,6,r10_l7_full_domain_randomisation_arena_wide_training,r10_l7_full_domain_randomisation_arena_wide_training,r10_heavy_cluster_spatial_flow_belief_memory_h3_final_0006,11,inflight_boundary_near,boundary_near,safe_exit_or_recovery_handoff,primvar_safe_exit_or_recovery_handoff_transition_object_ac25a091328a,baseline_and_memory_winner_match,True,primvar_safe_exit_or_recovery_handoff_transition_object_ac25a091328a,primvar_safe_exit_or_recovery_handoff_transition_object_ac25a091328a,0.0,0.0,0.03,0.0,1.0,-0.0001903049825648,-0.0001903049825648,0.0,0.0,0.0332650260866416,0.9667349739133584,0.0193346994782671,0.0,0.1,0.2,0.0,0.0,0,0,0.9667349739133584,0.9667349739133584,decision_level_baseline_vs_candidate_path_memory_gap_audit,outer_loop_spatial_flow_belief_safe_explore_exploit_memory_v2_2
heavy_cluster,spatial_flow_belief_memory_h3,3,final_heldout,6,r10_l7_full_domain_randomisation_arena_wide_training,r10_l7_full_domain_randomisation_arena_wide_training,r10_heavy_cluster_spatial_flow_belief_memory_h3_final_0006,12,inflight_boundary_near,boundary_near,safe_exit_or_recovery_handoff,primvar_safe_exit_or_recovery_handoff_transition_object_ac25a091328a,baseline_and_memory_winner_match,True,primvar_safe_exit_or_recovery_handoff_transition_object_ac25a091328a,primvar_safe_exit_or_recovery_handoff_transition_object_ac25a091328a,0.0,0.0,0.03,0.0,1.0,-0.0002593303287588,-0.0002593303287588,0.0,0.0,0.040929179502917,0.959070820497083,0.0191814164099416,0.0,0.1,0.2,0.0,0.0,0,0,0.959070820497083,0.959070820497083,decision_level_baseline_vs_candidate_path_memory_gap_audit,outer_loop_spatial_flow_belief_safe_explore_exploit_memory_v2_2
heavy_cluster,spatial_flow_belief_memory_h3,3,final_heldout,6,r10_l7_full_domain_randomisation_arena_wide_training,r10_l7_full_domain_randomisation_arena_wide_training,r10_heavy_cluster_spatial_flow_belief_memory_h3_final_0006,13,inflight_boundary_near,boundary_near,energy_retaining_bank,primvar_energy_retaining_bank_transition_object_a0ebd6810f1f,baseline_and_memory_winner_match,True,primvar_energy_retaining_bank_transition_object_a0ebd6810f1f,primvar_energy_retaining_bank_transition_object_a0ebd6810f1f,0.0,0.0,0.03,0.0,1.0,-0.0002934757805861,-0.0002934757805861,0.0,0.0,0.0423832780491289,0.9576167219508712,0.0191523344390174,0.0,0.1,0.2,0.0,0.0,0,0,0.9576167219508712,0.9576167219508712,decision_level_baseline_vs_candidate_path_memory_gap_audit,outer_loop_spatial_flow_belief_safe_explore_exploit_memory_v2_2
heavy_cluster,spatial_flow_belief_memory_h3,3,final_heldout,6,r10_l7_full_domain_randomisation_arena_wide_training,r10_l7_full_domain_randomisation_arena_wide_training,r10_heavy_cluster_spatial_flow_belief_memory_h3_final_0006,14,inflight_boundary_near,boundary_near,energy_retaining_bank,primvar_energy_retaining_bank_transition_object_a0ebd6810f1f,baseline_and_memory_winner_match,True,primvar_energy_retaining_bank_transition_object_a0ebd6810f1f,primvar_energy_retaining_bank_transition_object_a0ebd6810f1f,0.0,0.0,0.03,0.0,1.0,-0.0003119406617213,-0.0003119406617213,0.0,0.0,0.0412694807403412,0.9587305192596588,0.0191746103851931,0.0,0.1,0.2,0.0,0.0,0,0,0.9587305192596588,0.9587305192596588,decision_level_baseline_vs_candidate_path_memory_gap_audit,outer_loop_spatial_flow_belief_safe_explore_exploit_memory_v2_2
heavy_cluster,spatial_flow_belief_memory_h3,3,final_heldout,6,r10_l7_full_domain_randomisation_arena_wide_training,r10_l7_full_domain_randomisation_arena_wide_training,r10_heavy_cluster_spatial_flow_belief_memory_h3_final_0006,15,inflight_boundary_near,boundary_near,energy_retaining_bank,primvar_energy_retaining_bank_transition_object_a0ebd6810f1f,rejected_exploration_uncertainty_too_low,False,primvar_energy_retaining_bank_transition_object_a0ebd6810f1f,primvar_safe_exit_or_recovery_handoff_transition_object_ac25a091328a,5.683697470071358e-05,2.447957552487168e-05,0.03,0.0,1.0,-0.0009760498009367,-0.0009760498009367,0.0,24479.575524871678,0.1156418850345966,0.480942963999566,0.0096188592799913,0.0,0.1,0.2,0.0,0.0,0,0,0.8813831750367288,0.4793250940407729,decision_level_baseline_vs_candidate_path_memory_gap_audit,outer_loop_spatial_flow_belief_safe_explore_exploit_memory_v2_2
heavy_cluster,spatial_flow_belief_memory_h3,3,final_heldout,3,r10_l7_full_domain_randomisation_arena_wide_training,r10_l7_full_domain_randomisation_arena_wide_training,r10_heavy_cluster_spatial_flow_belief_memory_h3_final_0003,0,launch_gate,launch_gate,mild_turn_right,primvar_mild_turn_right_transition_object_37acc62dccb1,baseline_and_memory_winner_match,True,primvar_mild_turn_right_transition_object_37acc62dccb1,primvar_mild_turn_right_transition_object_37acc62dccb1,0.0,0.0,0.03,0.0,1.0,6.147015052093696e-05,6.147015052093696e-05,0.0,0.0,0.0064495321831787,0.7095658541396737,0.0141913170827934,0.0,0.1,0.2,0.0,0.0,7,0,0.9935504678168212,0.7095658541396737,decision_level_baseline_vs_candidate_path_memory_gap_audit,outer_loop_spatial_flow_belief_safe_explore_exploit_memory_v2_2
heavy_cluster,spatial_flow_belief_memory_h3,3,final_heldout,3,r10_l7_full_domain_randomisation_arena_wide_training,r10_l7_full_domain_randomisation_arena_wide_training,r10_heavy_cluster_spatial_flow_belief_memory_h3_final_0003,1,inflight_boundary_near,boundary_near,recovery,primvar_recovery_transition_object_2a5c20ec4293,baseline_and_memory_winner_match,True,primvar_recovery_transition_object_2a5c20ec4293,primvar_recovery_transition_object_2a5c20ec4293,0.0,0.0,0.03,0.0,1.0,4.296948171245152e-05,4.296948171245152e-05,0.0,0.0,0.0389454929515038,0.7512166535552682,0.0150243330711053,0.0,0.1,0.2,0.0,0.0,7,0,0.9610545070484962,0.7512166535552682,decision_level_baseline_vs_candidate_path_memory_gap_audit,outer_loop_spatial_flow_belief_safe_explore_exploit_memory_v2_2
heavy_cluster,spatial_flow_belief_memory_h3,3,final_heldout,3,r10_l7_full_domain_randomisation_arena_wide_training,r10_l7_full_domain_randomisation_arena_wide_training,r10_heavy_cluster_spatial_flow_belief_memory_h3_final_0003,2,inflight_boundary_near,boundary_near,recovery,primvar_recovery_transition_object_2a5c20ec4293,baseline_and_memory_winner_match,True,primvar_recovery_transition_object_2a5c20ec4293,primvar_recovery_transition_object_2a5c20ec4293,0.0,0.0,0.03,0.0,1.0,1.4063018804799654e-05,1.4063018804799654e-05,0.0,0.0,0.0343600724999067,0.8460282065408743,0.0169205641308174,0.0,0.1,0.2,0.0,0.0,5,0,0.9656399275000932,0.8460282065408743,decision_level_baseline_vs_candidate_path_memory_gap_audit,outer_loop_spatial_flow_belief_safe_explore_exploit_memory_v2_2
heavy_cluster,spatial_flow_belief_memory_h3,3,final_heldout,3,r10_l7_full_domain_randomisation_arena_wide_training,r10_l7_full_domain_randomisation_arena_wide_training,r10_heavy_cluster_spatial_flow_belief_memory_h3_final_0003,3,inflight_boundary_near,boundary_near,lift_entry,primvar_lift_entry_transition_object_299a4397174a,baseline_and_memory_winner_match,True,primvar_lift_entry_transition_object_299a4397174a,primvar_lift_entry_transition_object_299a4397174a,0.0,0.0,0.03,0.0,1.0,2.454919874339545e-05,2.454919874339545e-05,0.0,0.0,0.0417589926407377,0.9582410073592622,0.0191648201471852,0.0,0.1,0.2,0.0,0.0,0,0,0.9582410073592622,0.9582410073592622,decision_level_baseline_vs_candidate_path_memory_gap_audit,outer_loop_spatial_flow_belief_safe_explore_exploit_memory_v2_2
heavy_cluster,spatial_flow_belief_memory_h3,3,final_heldout,3,r10_l7_full_domain_randomisation_arena_wide_training,r10_l7_full_domain_randomisation_arena_wide_training,r10_heavy_cluster_spatial_flow_belief_memory_h3_final_0003,4,inflight_boundary_near,boundary_near,lift_entry,primvar_lift_entry_transition_object_299a4397174a,baseline_and_memory_winner_match,True,primvar_lift_entry_transition_object_299a4397174a,primvar_lift_entry_transition_object_299a4397174a,0.0,0.0,0.03,0.0,1.0,1.1134544733115703e-05,1.1134544733115703e-05,0.0,0.0,0.0277079036645732,0.9722920963354268,0.0194458419267085,0.0,0.1,0.2,0.0,0.0,0,0,0.9722920963354268,0.9722920963354268,decision_level_baseline_vs_candidate_path_memory_gap_audit,outer_loop_spatial_flow_belief_safe_explore_exploit_memory_v2_2
heavy_cluster,spatial_flow_belief_memory_h3,3,final_heldout,3,r10_l7_full_domain_randomisation_arena_wide_training,r10_l7_full_domain_randomisation_arena_wide_training,r10_heavy_cluster_spatial_flow_belief_memory_h3_final_0003,5,inflight_boundary_near,boundary_near,lift_entry,primvar_lift_entry_transition_object_299a4397174a,rejected_exploration_cross_family_without_memory_confidence,False,primvar_lift_entry_transition_object_299a4397174a,primvar_recovery_transition_object_2a5c20ec4293,1.118107146425018e-06,-1.2475477983997509e-08,0.03,0.0,1.0,7.069108616253317e-06,7.069108616253317e-06,0.0,-12.475477983997507,0.0294183908465419,0.970581609153458,0.0194116321830691,0.0,0.1,0.2,0.0,0.0,0,0,0.9705250800222311,0.9705250800222311,decision_level_baseline_vs_candidate_path_memory_gap_audit,outer_loop_spatial_flow_belief_safe_explore_exploit_memory_v2_2
heavy_cluster,spatial_flow_belief_memory_h3,3,final_heldout,3,r10_l7_full_domain_randomisation_arena_wide_training,r10_l7_full_domain_randomisation_arena_wide_training,r10_heavy_cluster_spatial_flow_belief_memory_h3_final_0003,6,inflight_boundary_near,boundary_near,lift_entry,primvar_lift_entry_transition_object_299a4397174a,baseline_and_memory_winner_match,True,primvar_lift_entry_transition_object_299a4397174a,primvar_lift_entry_transition_object_299a4397174a,0.0,0.0,0.03,0.0,1.0,7.614576555070585e-06,7.614576555070585e-06,0.0,0.0,0.0338506144292401,0.9661493855707598,0.0193229877114151,0.0,0.1,0.2,0.0,0.0,0,0,0.9661493855707598,0.9661493855707598,decision_level_baseline_vs_candidate_path_memory_gap_audit,outer_loop_spatial_flow_belief_safe_explore_exploit_memory_v2_2
heavy_cluster,spatial_flow_belief_memory_h3,3,final_heldout,3,r10_l7_full_domain_randomisation_arena_wide_training,r10_l7_full_domain_randomisation_arena_wide_training,r10_heavy_cluster_spatial_flow_belief_memory_h3_final_0003,7,inflight_boundary_near,boundary_near,lift_entry,primvar_lift_entry_transition_object_299a4397174a,baseline_and_memory_winner_match,True,primvar_lift_entry_transition_object_299a4397174a,primvar_lift_entry_transition_object_299a4397174a,0.0,0.0,0.03,0.0,1.0,1.6276350238042525e-05,1.6276350238042525e-05,0.0,0.0,0.0324846216297227,0.9675153783702772,0.0193503075674055,0.0,0.1,0.2,0.0,0.0,0,0,0.9675153783702772,0.9675153783702772,decision_level_baseline_vs_candidate_path_memory_gap_audit,outer_loop_spatial_flow_belief_safe_explore_exploit_memory_v2_2
heavy_cluster,spatial_flow_belief_memory_h3,3,final_heldout,7,r10_l7_full_domain_randomisation_arena_wide_training,r10_l7_full_domain_randomisation_arena_wide_training,r10_heavy_cluster_spatial_flow_belief_memory_h3_final_0007,0,launch_gate,launch_gate,safe_exit_or_recovery_handoff,primvar_safe_exit_or_recovery_handoff_transition_object_d17d451ad8d8,baseline_and_memory_winner_match,True,primvar_safe_exit_or_recovery_handoff_transition_object_d17d451ad8d8,primvar_safe_exit_or_recovery_handoff_transition_object_d17d451ad8d8,0.0,0.0,0.03,0.0,1.0,1.6507417631705934e-06,1.6507417631705934e-06,0.0,0.0,0.0001798362212831,0.5191993360063629,0.0103839867201272,0.0,0.1,0.2,0.0,0.0,7,0,0.9998201637787169,0.5191993360063629,decision_level_baseline_vs_candidate_path_memory_gap_audit,outer_loop_spatial_flow_belief_safe_explore_exploit_memory_v2_2
heavy_cluster,spatial_flow_belief_memory_h3,3,final_heldout,7,r10_l7_full_domain_randomisation_arena_wide_training,r10_l7_full_domain_randomisation_arena_wide_training,r10_heavy_cluster_spatial_flow_belief_memory_h3_final_0007,1,inflight_nominal,inflight_stable,lift_dwell_arc,primvar_lift_dwell_arc_transition_object_f5212e7a8993,baseline_and_memory_winner_match,True,primvar_lift_dwell_arc_transition_object_f5212e7a8993,primvar_lift_dwell_arc_transition_object_f5212e7a8993,0.0,0.0,0.03,0.0,1.0,-6.466782477532185e-05,-6.466782477532185e-05,0.0,0.0,0.0400168891075287,0.527782975098179,0.0105556595019635,0.0,0.1,0.2,0.0,0.0,7,0,0.9599831108924712,0.527782975098179,decision_level_baseline_vs_candidate_path_memory_gap_audit,outer_loop_spatial_flow_belief_safe_explore_exploit_memory_v2_2
heavy_cluster,spatial_flow_belief_memory_h3,3,final_heldout,7,r10_l7_full_domain_randomisation_arena_wide_training,r10_l7_full_domain_randomisation_arena_wide_training,r10_heavy_cluster_spatial_flow_belief_memory_h3_final_0007,2,inflight_nominal,inflight_stable,lift_dwell_arc,primvar_lift_dwell_arc_transition_object_f5212e7a8993,baseline_and_memory_winner_match,True,primvar_lift_dwell_arc_transition_object_f5212e7a8993,primvar_lift_dwell_arc_transition_object_f5212e7a8993,0.0,0.0,0.03,0.0,1.0,-0.0001843564939818,-0.0001843564939818,0.0,0.0,0.0367381425452455,0.5514503232610167,0.0110290064652203,0.0,0.1,0.2,0.0,0.0,7,0,0.9632618574547545,0.5514503232610167,decision_level_baseline_vs_candidate_path_memory_gap_audit,outer_loop_spatial_flow_belief_safe_explore_exploit_memory_v2_2
heavy_cluster,spatial_flow_belief_memory_h3,3,final_heldout,7,r10_l7_full_domain_randomisation_arena_wide_training,r10_l7_full_domain_randomisation_arena_wide_training,r10_heavy_cluster_spatial_flow_belief_memory_h3_final_0007,3,inflight_nominal,inflight_stable,lift_dwell_arc,primvar_lift_dwell_arc_transition_object_f5212e7a8993,baseline_and_memory_winner_match,True,primvar_lift_dwell_arc_transition_object_f5212e7a8993,primvar_lift_dwell_arc_transition_object_f5212e7a8993,0.0,0.0,0.03,0.0,1.0,-0.0002847394109808,-0.0002847394109808,0.0,0.0,0.0394333374634579,0.575732480850449,0.0115146496170089,0.0,0.1,0.2,0.0,0.0,7,0,0.960566662536542,0.575732480850449,decision_level_baseline_vs_candidate_path_memory_gap_audit,outer_loop_spatial_flow_belief_safe_explore_exploit_memory_v2_2
heavy_cluster,spatial_flow_belief_memory_h3,3,final_heldout,7,r10_l7_full_domain_randomisation_arena_wide_training,r10_l7_full_domain_randomisation_arena_wide_training,r10_heavy_cluster_spatial_flow_belief_memory_h3_final_0007,4,inflight_nominal,inflight_stable,lift_dwell_arc,primvar_lift_dwell_arc_transition_object_f5212e7a8993,baseline_and_memory_winner_match,True,primvar_lift_dwell_arc_transition_object_f5212e7a8993,primvar_lift_dwell_arc_transition_object_f5212e7a8993,0.0,0.0,0.03,0.0,1.0,-0.0002483361637664,-0.0002483361637664,0.0,0.0,0.0289203627018293,0.6124931544278933,0.0122498630885578,0.0,0.1,0.2,0.0,0.0,7,0,0.9710796372981706,0.6124931544278933,decision_level_baseline_vs_candidate_path_memory_gap_audit,outer_loop_spatial_flow_belief_safe_explore_exploit_memory_v2_2
heavy_cluster,spatial_flow_belief_memory_h3,3,final_heldout,7,r10_l7_full_domain_randomisation_arena_wide_training,r10_l7_full_domain_randomisation_arena_wide_training,r10_heavy_cluster_spatial_flow_belief_memory_h3_final_0007,5,inflight_nominal,inflight_stable,lift_dwell_arc,primvar_lift_dwell_arc_transition_object_f5212e7a8993,baseline_and_memory_winner_match,True,primvar_lift_dwell_arc_transition_object_f5212e7a8993,primvar_lift_dwell_arc_transition_object_f5212e7a8993,0.0,0.0,0.03,0.0,1.0,-0.0003188716899416,-0.0003188716899416,0.0,0.0,0.0339271938823758,0.6450493840871943,0.0129009876817438,0.0,0.1,0.2,0.0,0.0,7,0,0.966072806117624,0.6450493840871943,decision_level_baseline_vs_candidate_path_memory_gap_audit,outer_loop_spatial_flow_belief_safe_explore_exploit_memory_v2_2
heavy_cluster,spatial_flow_belief_memory_h3,3,final_heldout,7,r10_l7_full_domain_randomisation_arena_wide_training,r10_l7_full_domain_randomisation_arena_wide_training,r10_heavy_cluster_spatial_flow_belief_memory_h3_final_0007,6,inflight_nominal,inflight_stable,lift_dwell_arc,primvar_lift_dwell_arc_transition_object_f5212e7a8993,baseline_and_memory_winner_match,True,primvar_lift_dwell_arc_transition_object_f5212e7a8993,primvar_lift_dwell_arc_transition_object_f5212e7a8993,0.0,0.0,0.03,0.0,1.0,-0.0003266794204463,-0.0003266794204463,0.0,0.0,0.0325630815785515,0.6889985664641375,0.0137799713292827,0.0,0.1,0.2,0.0,0.0,7,0,0.9674369184214484,0.6889985664641375,decision_level_baseline_vs_candidate_path_memory_gap_audit,outer_loop_spatial_flow_belief_safe_explore_exploit_memory_v2_2
heavy_cluster,spatial_flow_belief_memory_h3,3,final_heldout,7,r10_l7_full_domain_randomisation_arena_wide_training,r10_l7_full_domain_randomisation_arena_wide_training,r10_heavy_cluster_spatial_flow_belief_memory_h3_final_0007,7,inflight_nominal,inflight_stable,lift_dwell_arc,primvar_lift_dwell_arc_transition_object_f5212e7a8993,baseline_and_memory_winner_match,True,primvar_lift_dwell_arc_transition_object_f5212e7a8993,primvar_lift_dwell_arc_transition_object_f5212e7a8993,0.0,0.0,0.03,0.0,1.0,-0.0003851524537854,-0.0003851524537854,0.0,0.0,0.0360735570917515,0.7393480219154004,0.014786960438308,0.0,0.1,0.2,0.0,0.0,7,0,0.9639264429082484,0.7393480219154004,decision_level_baseline_vs_candidate_path_memory_gap_audit,outer_loop_spatial_flow_belief_safe_explore_exploit_memory_v2_2
heavy_cluster,spatial_flow_belief_memory_h3,3,final_heldout,7,r10_l7_full_domain_randomisation_arena_wide_training,r10_l7_full_domain_randomisation_arena_wide_training,r10_heavy_cluster_spatial_flow_belief_memory_h3_final_0007,8,inflight_nominal,inflight_stable,recovery,primvar_recovery_transition_object_4268876749b8,baseline_and_memory_winner_match,True,primvar_recovery_transition_object_4268876749b8,primvar_recovery_transition_object_4268876749b8,0.0,0.0,0.03,0.0,1.0,-0.0004046898921639,-0.0004046898921639,0.0,0.0,0.0357198764178022,0.8113046235026943,0.0162260924700538,0.0,0.1,0.2,0.0,0.0,3,0,0.9642801235821978,0.8113046235026943,decision_level_baseline_vs_candidate_path_memory_gap_audit,outer_loop_spatial_flow_belief_safe_explore_exploit_memory_v2_2
heavy_cluster,spatial_flow_belief_memory_h3,3,final_heldout,7,r10_l7_full_domain_randomisation_arena_wide_training,r10_l7_full_domain_randomisation_arena_wide_training,r10_heavy_cluster_spatial_flow_belief_memory_h3_final_0007,9,inflight_recovery_edge,recoverable_degraded,safe_exit_or_recovery_handoff,primvar_safe_exit_or_recovery_handoff_transition_object_a195686788f5,baseline_and_memory_winner_match,True,primvar_safe_exit_or_recovery_handoff_transition_object_a195686788f5,primvar_safe_exit_or_recovery_handoff_transition_object_a195686788f5,0.0,0.0,0.03,0.0,1.0,-0.0004694099572249,-0.0004694099572249,0.0,0.0,0.039524689659764,0.5715874814406156,0.0114317496288123,0.0,0.1,0.2,0.0,0.0,7,0,0.960475310340236,0.5715874814406156,decision_level_baseline_vs_candidate_path_memory_gap_audit,outer_loop_spatial_flow_belief_safe_explore_exploit_memory_v2_2
heavy_cluster,spatial_flow_belief_memory_h3,3,final_heldout,4,r10_l7_full_domain_randomisation_arena_wide_training,r10_l7_full_domain_randomisation_arena_wide_training,r10_heavy_cluster_spatial_flow_belief_memory_h3_final_0004,0,launch_gate,launch_gate,lift_dwell_arc,primvar_lift_dwell_arc_transition_object_acd234c56224,baseline_and_memory_winner_match,True,primvar_lift_dwell_arc_transition_object_acd234c56224,primvar_lift_dwell_arc_transition_object_acd234c56224,0.0,0.0,0.03,0.0,1.0,4.2610400819098615e-05,4.2610400819098615e-05,0.0,0.0,0.0058130959438723,0.6356064437274972,0.0127121288745499,0.0,0.1,0.2,0.0,0.0,7,0,0.9941869040561276,0.6356064437274972,decision_level_baseline_vs_candidate_path_memory_gap_audit,outer_loop_spatial_flow_belief_safe_explore_exploit_memory_v2_2
heavy_cluster,spatial_flow_belief_memory_h3,3,final_heldout,4,r10_l7_full_domain_randomisation_arena_wide_training,r10_l7_full_domain_randomisation_arena_wide_training,r10_heavy_cluster_spatial_flow_belief_memory_h3_final_0004,1,inflight_nominal,inflight_stable,lift_entry,primvar_lift_entry_transition_object_a65393bbc7f9,baseline_and_memory_winner_match,True,primvar_lift_entry_transition_object_a65393bbc7f9,primvar_lift_entry_transition_object_a65393bbc7f9,0.0,0.0,0.03,0.0,1.0,0.0005805924793229,0.0005805924793229,0.0,0.0,0.0546145576925597,0.5573075122780515,0.011146150245561,0.0,0.1,0.2,0.0,0.0,7,0,0.9453854423074404,0.5573075122780515,decision_level_baseline_vs_candidate_path_memory_gap_audit,outer_loop_spatial_flow_belief_safe_explore_exploit_memory_v2_2
heavy_cluster,spatial_flow_belief_memory_h3,3,final_heldout,4,r10_l7_full_domain_randomisation_arena_wide_training,r10_l7_full_domain_randomisation_arena_wide_training,r10_heavy_cluster_spatial_flow_belief_memory_h3_final_0004,2,inflight_recovery_edge,recoverable_degraded,safe_exit_or_recovery_handoff,primvar_safe_exit_or_recovery_handoff_transition_object_a195686788f5,baseline_and_memory_winner_match,True,primvar_safe_exit_or_recovery_handoff_transition_object_a195686788f5,primvar_safe_exit_or_recovery_handoff_transition_object_a195686788f5,0.0,0.0,0.03,0.0,1.0,0.0002816950399368,0.0002816950399368,0.0,0.0,0.0249323203732187,0.40890416513776,0.0081780833027552,0.0,0.1,0.2,0.0,0.0,7,0,0.9750676796267812,0.40890416513776,decision_level_baseline_vs_candidate_path_memory_gap_audit,outer_loop_spatial_flow_belief_safe_explore_exploit_memory_v2_2
heavy_cluster,spatial_flow_belief_memory_h3,3,final_heldout,4,r10_l7_full_domain_randomisation_arena_wide_training,r10_l7_full_domain_randomisation_arena_wide_training,r10_heavy_cluster_spatial_flow_belief_memory_h3_final_0004,3,inflight_recovery_edge,recoverable_degraded,safe_exit_or_recovery_handoff,primvar_safe_exit_or_recovery_handoff_transition_object_a195686788f5,baseline_and_memory_winner_match,True,primvar_safe_exit_or_recovery_handoff_transition_object_a195686788f5,primvar_safe_exit_or_recovery_handoff_transition_object_a195686788f5,0.0,0.0,0.03,0.0,1.0,0.0001389687894443,0.0001389687894443,0.0,0.0,0.0453157839758398,0.4193105853122596,0.0083862117062451,0.0,0.1,0.2,0.0,0.0,7,0,0.95468421602416,0.4193105853122596,decision_level_baseline_vs_candidate_path_memory_gap_audit,outer_loop_spatial_flow_belief_safe_explore_exploit_memory_v2_2
heavy_cluster,spatial_flow_belief_memory_h3,3,final_heldout,4,r10_l7_full_domain_randomisation_arena_wide_training,r10_l7_full_domain_randomisation_arena_wide_training,r10_heavy_cluster_spatial_flow_belief_memory_h3_final_0004,4,inflight_boundary_near,boundary_near,lift_dwell_arc,primvar_lift_dwell_arc_transition_object_2a54829d66c4,baseline_and_memory_winner_match,True,primvar_lift_dwell_arc_transition_object_2a54829d66c4,primvar_lift_dwell_arc_transition_object_2a54829d66c4,0.0,0.0,0.03,0.0,1.0,-0.0002582982914262,-0.0002582982914262,0.0,0.0,0.0328981257947245,0.7154803748172509,0.014309607496345,0.0,0.1,0.2,0.0,0.0,7,0,0.9671018742052756,0.7154803748172509,decision_level_baseline_vs_candidate_path_memory_gap_audit,outer_loop_spatial_flow_belief_safe_explore_exploit_memory_v2_2
heavy_cluster,spatial_flow_belief_memory_h3,3,final_heldout,4,r10_l7_full_domain_randomisation_arena_wide_training,r10_l7_full_domain_randomisation_arena_wide_training,r10_heavy_cluster_spatial_flow_belief_memory_h3_final_0004,5,inflight_boundary_near,boundary_near,lift_dwell_arc,primvar_lift_dwell_arc_transition_object_2a54829d66c4,baseline_and_memory_winner_match,True,primvar_lift_dwell_arc_transition_object_2a54829d66c4,primvar_lift_dwell_arc_transition_object_2a54829d66c4,0.0,0.0,0.03,0.0,1.0,-0.0003775230123521,-0.0003775230123521,0.0,0.0,0.031227507395891,0.7838352298429649,0.0156767045968592,0.0,0.1,0.2,0.0,0.0,6,0,0.9687724926041088,0.7838352298429649,decision_level_baseline_vs_candidate_path_memory_gap_audit,outer_loop_spatial_flow_belief_safe_explore_exploit_memory_v2_2
heavy_cluster,spatial_flow_belief_memory_h3,3,final_heldout,4,r10_l7_full_domain_randomisation_arena_wide_training,r10_l7_full_domain_randomisation_arena_wide_training,r10_heavy_cluster_spatial_flow_belief_memory_h3_final_0004,6,inflight_boundary_near,boundary_near,mild_turn_right,primvar_mild_turn_right_transition_object_01b5cdd5409c,baseline_and_memory_winner_match,True,primvar_mild_turn_right_transition_object_01b5cdd5409c,primvar_mild_turn_right_transition_object_01b5cdd5409c,0.0,0.0,0.03,0.0,1.0,-0.000465200925527,-0.000465200925527,0.0,0.0,0.0376480634658775,0.9623519365341224,0.0192470387306824,0.0,0.1,0.2,0.0,0.0,0,0,0.9623519365341224,0.9623519365341224,decision_level_baseline_vs_candidate_path_memory_gap_audit,outer_loop_spatial_flow_belief_safe_explore_exploit_memory_v2_2
heavy_cluster,spatial_flow_belief_memory_h3,3,final_heldout,4,r10_l7_full_domain_randomisation_arena_wide_training,r10_l7_full_domain_randomisation_arena_wide_training,r10_heavy_cluster_spatial_flow_belief_memory_h3_final_0004,7,inflight_boundary_near,boundary_near,lift_dwell_arc,primvar_lift_dwell_arc_transition_object_2a54829d66c4,baseline_and_memory_winner_match,True,primvar_lift_dwell_arc_transition_object_2a54829d66c4,primvar_lift_dwell_arc_transition_object_2a54829d66c4,0.0,0.0,0.03,0.0,1.0,-0.0004153116068685,-0.0004153116068685,0.0,0.0,0.0413926191913401,0.9586073808086598,0.0191721476161731,0.0,0.1,0.2,0.0,0.0,0,0,0.9586073808086598,0.9586073808086598,decision_level_baseline_vs_candidate_path_memory_gap_audit,outer_loop_spatial_flow_belief_safe_explore_exploit_memory_v2_2
heavy_cluster,spatial_flow_belief_memory_h3,3,final_heldout,4,r10_l7_full_domain_randomisation_arena_wide_training,r10_l7_full_domain_randomisation_arena_wide_training,r10_heavy_cluster_spatial_flow_belief_memory_h3_final_0004,8,inflight_boundary_near,boundary_near,mild_turn_right,primvar_mild_turn_right_transition_object_01b5cdd5409c,baseline_and_memory_winner_match,True,primvar_mild_turn_right_transition_object_01b5cdd5409c,primvar_mild_turn_right_transition_object_01b5cdd5409c,0.0,0.0,0.03,0.0,1.0,-0.0002653728104831,-0.0002653728104831,0.0,0.0,0.0334527332384534,0.9665472667615466,0.0193309453352309,0.0,0.1,0.2,0.0,0.0,0,0,0.9665472667615466,0.9665472667615466,decision_level_baseline_vs_candidate_path_memory_gap_audit,outer_loop_spatial_flow_belief_safe_explore_exploit_memory_v2_2
heavy_cluster,spatial_flow_belief_memory_h3,3,final_heldout,4,r10_l7_full_domain_randomisation_arena_wide_training,r10_l7_full_domain_randomisation_arena_wide_training,r10_heavy_cluster_spatial_flow_belief_memory_h3_final_0004,9,inflight_boundary_near,boundary_near,mild_turn_left,primvar_mild_turn_left_transition_object_fee0dc32131a,baseline_and_memory_winner_match,True,primvar_mild_turn_left_transition_object_fee0dc32131a,primvar_mild_turn_left_transition_object_fee0dc32131a,0.0,0.0,0.03,0.0,1.0,-0.0002922619313654,-0.0002922619313654,0.0,0.0,0.0423040102664857,0.9576959897335142,0.0191539197946702,0.0,0.1,0.2,0.0,0.0,0,0,0.9576959897335142,0.9576959897335142,decision_level_baseline_vs_candidate_path_memory_gap_audit,outer_loop_spatial_flow_belief_safe_explore_exploit_memory_v2_2
heavy_cluster,spatial_flow_belief_memory_h3,3,final_heldout,4,r10_l7_full_domain_randomisation_arena_wide_training,r10_l7_full_domain_randomisation_arena_wide_training,r10_heavy_cluster_spatial_flow_belief_memory_h3_final_0004,10,inflight_boundary_near,boundary_near,mild_turn_right,primvar_mild_turn_right_transition_object_01b5cdd5409c,baseline_and_memory_winner_match,True,primvar_mild_turn_right_transition_object_01b5cdd5409c,primvar_mild_turn_right_transition_object_01b5cdd5409c,0.0,0.0,0.03,0.0,1.0,-0.0001856883353816,-0.0001856883353816,0.0,0.0,0.0291489570061265,0.9708510429938736,0.0194170208598774,0.0,0.1,0.2,0.0,0.0,0,0,0.9708510429938736,0.9708510429938736,decision_level_baseline_vs_candidate_path_memory_gap_audit,outer_loop_spatial_flow_belief_safe_explore_exploit_memory_v2_2
heavy_cluster,spatial_flow_belief_memory_h3,3,final_heldout,4,r10_l7_full_domain_randomisation_arena_wide_training,r10_l7_full_domain_randomisation_arena_wide_training,r10_heavy_cluster_spatial_flow_belief_memory_h3_final_0004,11,inflight_boundary_near,boundary_near,mild_turn_left,primvar_mild_turn_left_transition_object_fee0dc32131a,baseline_and_memory_winner_match,True,primvar_mild_turn_left_transition_object_fee0dc32131a,primvar_mild_turn_left_transition_object_fee0dc32131a,0.0,0.0,0.03,0.0,1.0,-0.0002938409071457,-0.0002938409071457,0.0,0.0,0.0484585339011972,0.5397436963062582,0.0107948739261251,0.0,0.1,0.2,0.0,0.0,0,0,0.9515414660988027,0.5397436963062582,decision_level_baseline_vs_candidate_path_memory_gap_audit,outer_loop_spatial_flow_belief_safe_explore_exploit_memory_v2_2
heavy_cluster,spatial_flow_belief_memory_h3,3,final_heldout,5,r10_l7_full_domain_randomisation_arena_wide_training,r10_l7_full_domain_randomisation_arena_wide_training,r10_heavy_cluster_spatial_flow_belief_memory_h3_final_0005,0,launch_gate,launch_gate,mild_turn_right,primvar_mild_turn_right_transition_object_37acc62dccb1,baseline_and_memory_winner_match,True,primvar_mild_turn_right_transition_object_37acc62dccb1,primvar_mild_turn_right_transition_object_37acc62dccb1,0.0,0.0,0.03,0.0,1.0,1.2098161541462815e-06,1.2098161541462815e-06,0.0,0.0,0.0005386889814081,0.70415250963325,0.014083050192665,0.0,0.1,0.2,0.0,0.0,7,0,0.9994613110185918,0.70415250963325,decision_level_baseline_vs_candidate_path_memory_gap_audit,outer_loop_spatial_flow_belief_safe_explore_exploit_memory_v2_2
heavy_cluster,spatial_flow_belief_memory_h3,3,final_heldout,5,r10_l7_full_domain_randomisation_arena_wide_training,r10_l7_full_domain_randomisation_arena_wide_training,r10_heavy_cluster_spatial_flow_belief_memory_h3_final_0005,1,inflight_boundary_near,boundary_near,recovery,primvar_recovery_transition_object_2a5c20ec4293,baseline_and_memory_winner_match,True,primvar_recovery_transition_object_2a5c20ec4293,primvar_recovery_transition_object_2a5c20ec4293,0.0,0.0,0.03,0.0,1.0,0.0004216484777451,0.0004216484777451,0.0,0.0,0.0341490820969322,0.7352903656153272,0.0147058073123065,0.0,0.1,0.2,0.0,0.0,7,0,0.9658509179030678,0.7352903656153272,decision_level_baseline_vs_candidate_path_memory_gap_audit,outer_loop_spatial_flow_belief_safe_explore_exploit_memory_v2_2
heavy_cluster,spatial_flow_belief_memory_h3,3,final_heldout,5,r10_l7_full_domain_randomisation_arena_wide_training,r10_l7_full_domain_randomisation_arena_wide_training,r10_heavy_cluster_spatial_flow_belief_memory_h3_final_0005,2,inflight_boundary_near,boundary_near,recovery,primvar_recovery_transition_object_2a5c20ec4293,baseline_and_memory_winner_match,True,primvar_recovery_transition_object_2a5c20ec4293,primvar_recovery_transition_object_2a5c20ec4293,0.0,0.0,0.03,0.0,1.0,0.0003749675491357,0.0003749675491357,0.0,0.0,0.0330418623034935,0.8174984904954092,0.0163499698099081,0.0,0.1,0.2,0.0,0.0,7,0,0.9669581376965064,0.8174984904954092,decision_level_baseline_vs_candidate_path_memory_gap_audit,outer_loop_spatial_flow_belief_safe_explore_exploit_memory_v2_2
heavy_cluster,spatial_flow_belief_memory_h3,3,final_heldout,5,r10_l7_full_domain_randomisation_arena_wide_training,r10_l7_full_domain_randomisation_arena_wide_training,r10_heavy_cluster_spatial_flow_belief_memory_h3_final_0005,3,inflight_boundary_near,boundary_near,recovery,primvar_recovery_transition_object_2a5c20ec4293,baseline_and_memory_winner_match,True,primvar_recovery_transition_object_2a5c20ec4293,primvar_recovery_transition_object_2a5c20ec4293,0.0,0.0,0.03,0.0,1.0,0.0002726879063257,0.0002726879063257,0.0,0.0,0.0378630779879225,0.9262864117799215,0.0185257282355984,0.0,0.1,0.2,0.0,0.0,0,0,0.9621369220120776,0.9262864117799215,decision_level_baseline_vs_candidate_path_memory_gap_audit,outer_loop_spatial_flow_belief_safe_explore_exploit_memory_v2_2
heavy_cluster,spatial_flow_belief_memory_h3,3,final_heldout,5,r10_l7_full_domain_randomisation_arena_wide_training,r10_l7_full_domain_randomisation_arena_wide_training,r10_heavy_cluster_spatial_flow_belief_memory_h3_final_0005,4,inflight_boundary_near,boundary_near,lift_entry,primvar_lift_entry_transition_object_299a4397174a,baseline_and_memory_winner_match,True,primvar_lift_entry_transition_object_299a4397174a,primvar_lift_entry_transition_object_299a4397174a,0.0,0.0,0.03,0.0,1.0,0.0001612537297339,0.0001612537297339,0.0,0.0,0.0381018115724648,0.9618981884275352,0.0192379637685507,0.0,0.1,0.2,0.0,0.0,0,0,0.9618981884275352,0.9618981884275352,decision_level_baseline_vs_candidate_path_memory_gap_audit,outer_loop_spatial_flow_belief_safe_explore_exploit_memory_v2_2
heavy_cluster,spatial_flow_belief_memory_h3,3,final_heldout,5,r10_l7_full_domain_randomisation_arena_wide_training,r10_l7_full_domain_randomisation_arena_wide_training,r10_heavy_cluster_spatial_flow_belief_memory_h3_final_0005,5,inflight_boundary_near,boundary_near,mild_turn_left,primvar_mild_turn_left_transition_object_fee0dc32131a,baseline_and_memory_winner_match,True,primvar_mild_turn_left_transition_object_fee0dc32131a,primvar_mild_turn_left_transition_object_fee0dc32131a,0.0,0.0,0.03,0.0,1.0,6.521591261066106e-05,6.521591261066106e-05,0.0,0.0,0.0386892392138655,0.9613107607861344,0.0192262152157226,0.0,0.1,0.2,0.0,0.0,0,0,0.9613107607861344,0.9613107607861344,decision_level_baseline_vs_candidate_path_memory_gap_audit,outer_loop_spatial_flow_belief_safe_explore_exploit_memory_v2_2
heavy_cluster,spatial_flow_belief_memory_h3,3,final_heldout,5,r10_l7_full_domain_randomisation_arena_wide_training,r10_l7_full_domain_randomisation_arena_wide_training,r10_heavy_cluster_spatial_flow_belief_memory_h3_final_0005,6,inflight_boundary_near,boundary_near,mild_turn_left,primvar_mild_turn_left_transition_object_fee0dc32131a,baseline_and_memory_winner_match,True,primvar_mild_turn_left_transition_object_fee0dc32131a,primvar_mild_turn_left_transition_object_fee0dc32131a,0.0,0.0,0.03,0.0,1.0,1.8520295297363989e-06,1.8520295297363989e-06,0.0,0.0,0.0431494561067849,0.956850543893215,0.0191370108778643,0.0,0.1,0.2,0.0,0.0,0,0,0.956850543893215,0.956850543893215,decision_level_baseline_vs_candidate_path_memory_gap_audit,outer_loop_spatial_flow_belief_safe_explore_exploit_memory_v2_2
heavy_cluster,spatial_flow_belief_memory_h3,3,final_heldout,5,r10_l7_full_domain_randomisation_arena_wide_training,r10_l7_full_domain_randomisation_arena_wide_training,r10_heavy_cluster_spatial_flow_belief_memory_h3_final_0005,7,inflight_boundary_near,boundary_near,mild_turn_left,primvar_mild_turn_left_transition_object_fee0dc32131a,baseline_and_memory_winner_match,True,primvar_mild_turn_left_transition_object_fee0dc32131a,primvar_mild_turn_left_transition_object_fee0dc32131a,0.0,0.0,0.03,0.0,1.0,3.740148073294591e-05,3.740148073294591e-05,0.0,0.0,0.0466590154009755,0.9533409845990244,0.0190668196919804,0.0,0.1,0.2,0.0,0.0,0,0,0.9533409845990244,0.9533409845990244,decision_level_baseline_vs_candidate_path_memory_gap_audit,outer_loop_spatial_flow_belief_safe_explore_exploit_memory_v2_2
heavy_cluster,spatial_flow_belief_memory_h3,3,final_heldout,5,r10_l7_full_domain_randomisation_arena_wide_training,r10_l7_full_domain_randomisation_arena_wide_training,r10_heavy_cluster_spatial_flow_belief_memory_h3_final_0005,8,inflight_boundary_near,boundary_near,mild_turn_left,primvar_mild_turn_left_transition_object_fee0dc32131a,baseline_and_memory_winner_match,True,primvar_mild_turn_left_transition_object_fee0dc32131a,primvar_mild_turn_left_transition_object_fee0dc32131a,0.0,0.0,0.03,0.0,1.0,7.442298570459194e-05,7.442298570459194e-05,0.0,0.0,0.0392908636035804,0.9607091363964196,0.0192141827279283,0.0,0.1,0.2,0.0,0.0,0,0,0.9607091363964196,0.9607091363964196,decision_level_baseline_vs_candidate_path_memory_gap_audit,outer_loop_spatial_flow_belief_safe_explore_exploit_memory_v2_2
heavy_cluster,spatial_flow_belief_memory_h3,3,final_heldout,2,r10_l7_full_domain_randomisation_arena_wide_training,r10_l7_full_domain_randomisation_arena_wide_training,r10_heavy_cluster_spatial_flow_belief_memory_h3_final_0002,0,launch_gate,launch_gate,mild_turn_left,primvar_mild_turn_left_transition_object_c5942d118f74,baseline_and_memory_winner_match,True,primvar_mild_turn_left_transition_object_c5942d118f74,primvar_mild_turn_left_transition_object_c5942d118f74,0.0,0.0,0.03,0.0,1.0,-1.3883948578263803e-05,-1.3883948578263803e-05,0.0,0.0,0.0055412005837257,0.6240135160229624,0.0124802703204592,0.0,0.1,0.2,0.0,0.0,7,0,0.9944587994162742,0.6240135160229624,decision_level_baseline_vs_candidate_path_memory_gap_audit,outer_loop_spatial_flow_belief_safe_explore_exploit_memory_v2_2
heavy_cluster,spatial_flow_belief_memory_h3,3,final_heldout,2,r10_l7_full_domain_randomisation_arena_wide_training,r10_l7_full_domain_randomisation_arena_wide_training,r10_heavy_cluster_spatial_flow_belief_memory_h3_final_0002,1,inflight_nominal,inflight_stable,mild_turn_left,primvar_mild_turn_left_transition_object_c0027154e9bd,baseline_and_memory_winner_match,True,primvar_mild_turn_left_transition_object_c0027154e9bd,primvar_mild_turn_left_transition_object_c0027154e9bd,0.0,0.0,0.03,0.0,1.0,0.0002212345352046,0.0002212345352046,0.0,0.0,0.0396625654892969,0.643132227683314,0.0128626445536662,0.0,0.1,0.2,0.0,0.0,7,0,0.960337434510703,0.643132227683314,decision_level_baseline_vs_candidate_path_memory_gap_audit,outer_loop_spatial_flow_belief_safe_explore_exploit_memory_v2_2
heavy_cluster,spatial_flow_belief_memory_h3,3,final_heldout,2,r10_l7_full_domain_randomisation_arena_wide_training,r10_l7_full_domain_randomisation_arena_wide_training,r10_heavy_cluster_spatial_flow_belief_memory_h3_final_0002,2,inflight_recovery_edge,recoverable_degraded,safe_exit_or_recovery_handoff,primvar_safe_exit_or_recovery_handoff_transition_object_a195686788f5,baseline_and_memory_winner_match,True,primvar_safe_exit_or_recovery_handoff_transition_object_a195686788f5,primvar_safe_exit_or_recovery_handoff_transition_object_a195686788f5,0.0,0.0,0.03,0.0,1.0,0.0004113817118742,0.0004113817118742,0.0,0.0,0.0426107123544371,0.3996083043308739,0.0079921660866174,0.0,0.1,0.2,0.0,0.0,7,0,0.9573892876455627,0.3996083043308739,decision_level_baseline_vs_candidate_path_memory_gap_audit,outer_loop_spatial_flow_belief_safe_explore_exploit_memory_v2_2
heavy_cluster,spatial_flow_belief_memory_h3,3,final_heldout,2,r10_l7_full_domain_randomisation_arena_wide_training,r10_l7_full_domain_randomisation_arena_wide_training,r10_heavy_cluster_spatial_flow_belief_memory_h3_final_0002,3,inflight_recovery_edge,recoverable_degraded,safe_exit_or_recovery_handoff,primvar_safe_exit_or_recovery_handoff_transition_object_a195686788f5,baseline_and_memory_winner_match,True,primvar_safe_exit_or_recovery_handoff_transition_object_a195686788f5,primvar_safe_exit_or_recovery_handoff_transition_object_a195686788f5,0.0,0.0,0.03,0.0,1.0,0.0003744204492428,0.0003744204492428,0.0,0.0,0.0299950156469047,0.427727841347055,0.0085545568269411,0.0,0.1,0.2,0.0,0.0,7,0,0.9700049843530952,0.427727841347055,decision_level_baseline_vs_candidate_path_memory_gap_audit,outer_loop_spatial_flow_belief_safe_explore_exploit_memory_v2_2
heavy_cluster,spatial_flow_belief_memory_h3,3,final_heldout,2,r10_l7_full_domain_randomisation_arena_wide_training,r10_l7_full_domain_randomisation_arena_wide_training,r10_heavy_cluster_spatial_flow_belief_memory_h3_final_0002,4,inflight_recovery_edge,recoverable_degraded,safe_exit_or_recovery_handoff,primvar_safe_exit_or_recovery_handoff_transition_object_a195686788f5,baseline_and_memory_winner_match,True,primvar_safe_exit_or_recovery_handoff_transition_object_a195686788f5,primvar_safe_exit_or_recovery_handoff_transition_object_a195686788f5,0.0,0.0,0.03,0.0,1.0,0.00057788970458,0.00057788970458,0.0,0.0,0.0420910159467668,0.4482291181246036,0.008964582362492,0.0,0.1,0.2,0.0,0.0,7,0,0.9579089840532332,0.4482291181246036,decision_level_baseline_vs_candidate_path_memory_gap_audit,outer_loop_spatial_flow_belief_safe_explore_exploit_memory_v2_2
heavy_cluster,spatial_flow_belief_memory_h3,3,final_heldout,2,r10_l7_full_domain_randomisation_arena_wide_training,r10_l7_full_domain_randomisation_arena_wide_training,r10_heavy_cluster_spatial_flow_belief_memory_h3_final_0002,5,inflight_recovery_edge,recoverable_degraded,safe_exit_or_recovery_handoff,primvar_safe_exit_or_recovery_handoff_transition_object_a195686788f5,baseline_and_memory_winner_match,True,primvar_safe_exit_or_recovery_handoff_transition_object_a195686788f5,primvar_safe_exit_or_recovery_handoff_transition_object_a195686788f5,0.0,0.0,0.03,0.0,1.0,0.000318785246906,0.000318785246906,0.0,0.0,0.0374550717443089,0.4814459372290852,0.0096289187445817,0.0,0.1,0.2,0.0,0.0,7,0,0.962544928255691,0.4814459372290852,decision_level_baseline_vs_candidate_path_memory_gap_audit,outer_loop_spatial_flow_belief_safe_explore_exploit_memory_v2_2
heavy_cluster,spatial_flow_belief_memory_h3,3,final_heldout,2,r10_l7_full_domain_randomisation_arena_wide_training,r10_l7_full_domain_randomisation_arena_wide_training,r10_heavy_cluster_spatial_flow_belief_memory_h3_final_0002,6,inflight_recovery_edge,recoverable_degraded,safe_exit_or_recovery_handoff,primvar_safe_exit_or_recovery_handoff_transition_object_a195686788f5,baseline_and_memory_winner_match,True,primvar_safe_exit_or_recovery_handoff_transition_object_a195686788f5,primvar_safe_exit_or_recovery_handoff_transition_object_a195686788f5,0.0,0.0,0.03,0.0,1.0,-2.312978825005918e-05,-2.312978825005918e-05,0.0,0.0,0.0291575060670791,0.5265267840595542,0.010530535681191,0.0,0.1,0.2,0.0,0.0,7,0,0.9708424939329208,0.5265267840595542,decision_level_baseline_vs_candidate_path_memory_gap_audit,outer_loop_spatial_flow_belief_safe_explore_exploit_memory_v2_2
heavy_cluster,spatial_flow_belief_memory_h3,3,final_heldout,2,r10_l7_full_domain_randomisation_arena_wide_training,r10_l7_full_domain_randomisation_arena_wide_training,r10_heavy_cluster_spatial_flow_belief_memory_h3_final_0002,7,inflight_recovery_edge,recoverable_degraded,safe_exit_or_recovery_handoff,primvar_safe_exit_or_recovery_handoff_transition_object_a195686788f5,baseline_and_memory_winner_match,True,primvar_safe_exit_or_recovery_handoff_transition_object_a195686788f5,primvar_safe_exit_or_recovery_handoff_transition_object_a195686788f5,0.0,0.0,0.03,0.0,1.0,-0.0001988259821282,-0.0001988259821282,0.0,0.0,0.0346676054927074,0.5801886689984819,0.0116037733799696,0.0,0.1,0.2,0.0,0.0,7,0,0.9653323945072926,0.5801886689984819,decision_level_baseline_vs_candidate_path_memory_gap_audit,outer_loop_spatial_flow_belief_safe_explore_exploit_memory_v2_2
heavy_cluster,spatial_flow_belief_memory_h3,3,final_heldout,2,r10_l7_full_domain_randomisation_arena_wide_training,r10_l7_full_domain_randomisation_arena_wide_training,r10_heavy_cluster_spatial_flow_belief_memory_h3_final_0002,8,inflight_boundary_near,boundary_near,safe_exit_or_recovery_handoff,primvar_safe_exit_or_recovery_handoff_transition_object_ac25a091328a,baseline_and_memory_winner_match,True,primvar_safe_exit_or_recovery_handoff_transition_object_ac25a091328a,primvar_safe_exit_or_recovery_handoff_transition_object_ac25a091328a,0.0,0.0,0.03,0.0,1.0,-0.0002964865767192,-0.0002964865767192,0.0,0.0,0.0446447276405629,0.9553552723594372,0.0191071054471887,0.0,0.1,0.2,0.0,0.0,0,0,0.9553552723594372,0.9553552723594372,decision_level_baseline_vs_candidate_path_memory_gap_audit,outer_loop_spatial_flow_belief_safe_explore_exploit_memory_v2_2
heavy_cluster,spatial_flow_belief_memory_h3,3,final_heldout,2,r10_l7_full_domain_randomisation_arena_wide_training,r10_l7_full_domain_randomisation_arena_wide_training,r10_heavy_cluster_spatial_flow_belief_memory_h3_final_0002,9,inflight_boundary_near,boundary_near,safe_exit_or_recovery_handoff,primvar_safe_exit_or_recovery_handoff_transition_object_ac25a091328a,baseline_and_memory_winner_match,True,primvar_safe_exit_or_recovery_handoff_transition_object_ac25a091328a,primvar_safe_exit_or_recovery_handoff_transition_object_ac25a091328a,0.0,0.0,0.03,0.0,1.0,-0.0001690276810291,-0.0001690276810291,0.0,0.0,0.0383580236938899,0.96164197630611,0.0192328395261222,0.0,0.1,0.2,0.0,0.0,0,0,0.96164197630611,0.96164197630611,decision_level_baseline_vs_candidate_path_memory_gap_audit,outer_loop_spatial_flow_belief_safe_explore_exploit_memory_v2_2
heavy_cluster,spatial_flow_belief_memory_h3,3,final_heldout,2,r10_l7_full_domain_randomisation_arena_wide_training,r10_l7_full_domain_randomisation_arena_wide_training,r10_heavy_cluster_spatial_flow_belief_memory_h3_final_0002,10,inflight_boundary_near,boundary_near,safe_exit_or_recovery_handoff,primvar_safe_exit_or_recovery_handoff_transition_object_ac25a091328a,baseline_and_memory_winner_match,True,primvar_safe_exit_or_recovery_handoff_transition_object_ac25a091328a,primvar_safe_exit_or_recovery_handoff_transition_object_ac25a091328a,0.0,0.0,0.03,0.0,1.0,-0.0002325677483847,-0.0002325677483847,0.0,0.0,0.0407862445099002,0.9592137554900998,0.0191842751098019,0.0,0.1,0.2,0.0,0.0,0,0,0.9592137554900998,0.9592137554900998,decision_level_baseline_vs_candidate_path_memory_gap_audit,outer_loop_spatial_flow_belief_safe_explore_exploit_memory_v2_2
heavy_cluster,spatial_flow_belief_memory_h3,3,final_heldout,2,r10_l7_full_domain_randomisation_arena_wide_training,r10_l7_full_domain_randomisation_arena_wide_training,r10_heavy_cluster_spatial_flow_belief_memory_h3_final_0002,11,inflight_boundary_near,boundary_near,lift_dwell_arc,primvar_lift_dwell_arc_transition_object_2a54829d66c4,baseline_and_memory_winner_match,True,primvar_lift_dwell_arc_transition_object_2a54829d66c4,primvar_lift_dwell_arc_transition_object_2a54829d66c4,0.0,0.0,0.03,0.0,1.0,-0.0002724726160969,-0.0002724726160969,0.0,0.0,0.0363625865007856,0.9636374134992144,0.0192727482699842,0.0,0.1,0.2,0.0,0.0,0,0,0.9636374134992144,0.9636374134992144,decision_level_baseline_vs_candidate_path_memory_gap_audit,outer_loop_spatial_flow_belief_safe_explore_exploit_memory_v2_2
heavy_cluster,spatial_flow_belief_memory_h3,3,final_heldout,2,r10_l7_full_domain_randomisation_arena_wide_training,r10_l7_full_domain_randomisation_arena_wide_training,r10_heavy_cluster_spatial_flow_belief_memory_h3_final_0002,12,inflight_boundary_near,boundary_near,lift_dwell_arc,primvar_lift_dwell_arc_transition_object_2a54829d66c4,baseline_and_memory_winner_match,True,primvar_lift_dwell_arc_transition_object_2a54829d66c4,primvar_lift_dwell_arc_transition_object_2a54829d66c4,0.0,0.0,0.03,0.0,1.0,-0.0003475689835339,-0.0003475689835339,0.0,0.0,0.0410626830033975,0.7371387589070274,0.0147427751781405,0.0,0.1,0.2,0.0,0.0,0,0,0.9589373169966025,0.7371387589070274,decision_level_baseline_vs_candidate_path_memory_gap_audit,outer_loop_spatial_flow_belief_safe_explore_exploit_memory_v2_2
heavy_cluster,spatial_flow_belief_memory_h10,10,final_heldout,0,r10_l7_full_domain_randomisation_arena_wide_training,r10_l7_full_domain_randomisation_arena_wide_training,r10_heavy_cluster_spatial_flow_belief_memory_h10_final_0000,0,launch_gate,launch_gate,mild_turn_right,primvar_mild_turn_right_transition_object_37acc62dccb1,baseline_and_memory_winner_match,True,primvar_mild_turn_right_transition_object_37acc62dccb1,primvar_mild_turn_right_transition_object_37acc62dccb1,0.0,0.0,0.03,0.0,1.0,-6.957417812425426e-06,-6.957417812425426e-06,0.0,0.0,0.0021038758257881,0.70316761165925,0.014063352233185,0.0,0.1,0.2,2.773413456486606e-09,2.182457724950476e-06,7,6,0.997896124174212,0.70316761165925,decision_level_baseline_vs_candidate_path_memory_gap_audit,outer_loop_spatial_flow_belief_safe_explore_exploit_memory_v2_2
heavy_cluster,spatial_flow_belief_memory_h10,10,final_heldout,0,r10_l7_full_domain_randomisation_arena_wide_training,r10_l7_full_domain_randomisation_arena_wide_training,r10_heavy_cluster_spatial_flow_belief_memory_h10_final_0000,1,inflight_boundary_near,boundary_near,recovery,primvar_recovery_transition_object_2a5c20ec4293,baseline_and_memory_winner_match,True,primvar_recovery_transition_object_2a5c20ec4293,primvar_recovery_transition_object_2a5c20ec4293,0.0,0.0,0.03,0.0,1.0,0.0001232365884259,0.0001232365884259,0.0,0.0,0.0576351296367149,0.7111613970649459,0.0142232279412989,0.0,0.1,0.2,0.0,0.0,7,0,0.9423648703632852,0.7111613970649459,decision_level_baseline_vs_candidate_path_memory_gap_audit,outer_loop_spatial_flow_belief_safe_explore_exploit_memory_v2_2
heavy_cluster,spatial_flow_belief_memory_h10,10,final_heldout,0,r10_l7_full_domain_randomisation_arena_wide_training,r10_l7_full_domain_randomisation_arena_wide_training,r10_heavy_cluster_spatial_flow_belief_memory_h10_final_0000,2,inflight_boundary_near,boundary_near,recovery,primvar_recovery_transition_object_2a5c20ec4293,baseline_and_memory_winner_match,True,primvar_recovery_transition_object_2a5c20ec4293,primvar_recovery_transition_object_2a5c20ec4293,0.0,0.0,0.03,0.0,1.0,6.154753732001694e-06,6.154753732001694e-06,0.0,0.0,0.0347231138899219,0.7998816883038469,0.0159976337660769,0.0,0.1,0.2,0.0,0.0,7,0,0.965276886110078,0.7998816883038469,decision_level_baseline_vs_candidate_path_memory_gap_audit,outer_loop_spatial_flow_belief_safe_explore_exploit_memory_v2_2
heavy_cluster,spatial_flow_belief_memory_h10,10,final_heldout,0,r10_l7_full_domain_randomisation_arena_wide_training,r10_l7_full_domain_randomisation_arena_wide_training,r10_heavy_cluster_spatial_flow_belief_memory_h10_final_0000,3,inflight_boundary_near,boundary_near,recovery,primvar_recovery_transition_object_2a5c20ec4293,baseline_and_memory_winner_match,True,primvar_recovery_transition_object_2a5c20ec4293,primvar_recovery_transition_object_2a5c20ec4293,0.0,0.0,0.03,0.0,1.0,1.4837470159179134e-06,1.4837470159179134e-06,0.0,0.0,0.0334981464777859,0.9023651882437425,0.0180473037648748,0.0,0.1,0.2,0.0,0.0,0,0,0.966501853522214,0.9023651882437425,decision_level_baseline_vs_candidate_path_memory_gap_audit,outer_loop_spatial_flow_belief_safe_explore_exploit_memory_v2_2
heavy_cluster,spatial_flow_belief_memory_h10,10,final_heldout,0,r10_l7_full_domain_randomisation_arena_wide_training,r10_l7_full_domain_randomisation_arena_wide_training,r10_heavy_cluster_spatial_flow_belief_memory_h10_final_0000,4,inflight_boundary_near,boundary_near,mild_turn_left,primvar_mild_turn_left_transition_object_fee0dc32131a,baseline_and_memory_winner_match,True,primvar_mild_turn_left_transition_object_fee0dc32131a,primvar_mild_turn_left_transition_object_fee0dc32131a,0.0,0.0,0.03,0.0,1.0,-1.6181968242046096e-05,-1.6181968242046096e-05,0.0,0.0,0.035903129964522,0.964096870035478,0.0192819374007095,0.0,0.1,0.2,0.0,0.0,0,0,0.964096870035478,0.964096870035478,decision_level_baseline_vs_candidate_path_memory_gap_audit,outer_loop_spatial_flow_belief_safe_explore_exploit_memory_v2_2
heavy_cluster,spatial_flow_belief_memory_h10,10,final_heldout,0,r10_l7_full_domain_randomisation_arena_wide_training,r10_l7_full_domain_randomisation_arena_wide_training,r10_heavy_cluster_spatial_flow_belief_memory_h10_final_0000,5,inflight_boundary_near,boundary_near,mild_turn_left,primvar_mild_turn_left_transition_object_fee0dc32131a,baseline_and_memory_winner_match,True,primvar_mild_turn_left_transition_object_fee0dc32131a,primvar_mild_turn_left_transition_object_fee0dc32131a,0.0,0.0,0.03,0.0,1.0,-2.5842551714783116e-05,-2.5842551714783116e-05,0.0,0.0,0.0317599735361177,0.9682400264638824,0.0193648005292776,0.0,0.1,0.2,0.0,0.0,0,0,0.9682400264638824,0.9682400264638824,decision_level_baseline_vs_candidate_path_memory_gap_audit,outer_loop_spatial_flow_belief_safe_explore_exploit_memory_v2_2
heavy_cluster,spatial_flow_belief_memory_h10,10,final_heldout,0,r10_l7_full_domain_randomisation_arena_wide_training,r10_l7_full_domain_randomisation_arena_wide_training,r10_heavy_cluster_spatial_flow_belief_memory_h10_final_0000,6,inflight_boundary_near,boundary_near,mild_turn_left,primvar_mild_turn_left_transition_object_fee0dc32131a,baseline_and_memory_winner_match,True,primvar_mild_turn_left_transition_object_fee0dc32131a,primvar_mild_turn_left_transition_object_fee0dc32131a,0.0,0.0,0.03,0.0,1.0,-4.90933226013901e-05,-4.90933226013901e-05,0.0,0.0,0.0343113351205581,0.9656886648794418,0.0193137732975888,0.0,0.1,0.2,0.0,0.0,0,0,0.9656886648794418,0.9656886648794418,decision_level_baseline_vs_candidate_path_memory_gap_audit,outer_loop_spatial_flow_belief_safe_explore_exploit_memory_v2_2
heavy_cluster,spatial_flow_belief_memory_h10,10,final_heldout,0,r10_l7_full_domain_randomisation_arena_wide_training,r10_l7_full_domain_randomisation_arena_wide_training,r10_heavy_cluster_spatial_flow_belief_memory_h10_final_0000,7,inflight_boundary_near,boundary_near,lift_entry,primvar_lift_entry_transition_object_299a4397174a,baseline_and_memory_winner_match,True,primvar_lift_entry_transition_object_299a4397174a,primvar_lift_entry_transition_object_299a4397174a,0.0,0.0,0.03,0.0,1.0,-6.00596469386705e-05,-6.00596469386705e-05,0.0,0.0,0.0309553964454012,0.9690446035545988,0.0193808920710919,0.0,0.1,0.2,0.0,0.0,0,0,0.9690446035545988,0.9690446035545988,decision_level_baseline_vs_candidate_path_memory_gap_audit,outer_loop_spatial_flow_belief_safe_explore_exploit_memory_v2_2
heavy_cluster,spatial_flow_belief_memory_h10,10,final_heldout,0,r10_l7_full_domain_randomisation_arena_wide_training,r10_l7_full_domain_randomisation_arena_wide_training,r10_heavy_cluster_spatial_flow_belief_memory_h10_final_0000,8,inflight_boundary_near,boundary_near,lift_entry,primvar_lift_entry_transition_object_299a4397174a,baseline_and_memory_winner_match,True,primvar_lift_entry_transition_object_299a4397174a,primvar_lift_entry_transition_object_299a4397174a,0.0,0.0,0.03,0.0,1.0,-8.44157018227154e-05,-8.44157018227154e-05,0.0,0.0,0.0394598467195362,0.9605401532804636,0.0192108030656092,0.0,0.1,0.2,0.0,0.0,0,0,0.9605401532804636,0.9605401532804636,decision_level_baseline_vs_candidate_path_memory_gap_audit,outer_loop_spatial_flow_belief_safe_explore_exploit_memory_v2_2
heavy_cluster,spatial_flow_belief_memory_h3,3,final_heldout,9,r10_l7_full_domain_randomisation_arena_wide_training,r10_l7_full_domain_randomisation_arena_wide_training,r10_heavy_cluster_spatial_flow_belief_memory_h3_final_0009,0,launch_gate,launch_gate,energy_retaining_bank,primvar_energy_retaining_bank_transition_object_6ec7c5c41896,baseline_and_memory_winner_match,True,primvar_energy_retaining_bank_transition_object_6ec7c5c41896,primvar_energy_retaining_bank_transition_object_6ec7c5c41896,0.0,0.0,0.03,0.0,1.0,0.0003130466842868,0.0003130466842868,0.0,0.0,0.0361885293064245,0.6434208995180285,0.0128684179903605,0.0,0.1,0.2,0.0,0.0,7,0,0.9638114706935754,0.6434208995180285,decision_level_baseline_vs_candidate_path_memory_gap_audit,outer_loop_spatial_flow_belief_safe_explore_exploit_memory_v2_2
heavy_cluster,spatial_flow_belief_memory_h3,3,final_heldout,9,r10_l7_full_domain_randomisation_arena_wide_training,r10_l7_full_domain_randomisation_arena_wide_training,r10_heavy_cluster_spatial_flow_belief_memory_h3_final_0009,1,inflight_boundary_near,boundary_near,mild_turn_right,primvar_mild_turn_right_transition_object_01b5cdd5409c,baseline_and_memory_winner_match,True,primvar_mild_turn_right_transition_object_01b5cdd5409c,primvar_mild_turn_right_transition_object_01b5cdd5409c,0.0,0.0,0.03,0.0,1.0,0.0001751830721369,0.0001751830721369,0.0,0.0,0.040263550369047,0.690026829975336,0.0138005365995067,0.0,0.1,0.2,0.0,0.0,7,0,0.959736449630953,0.690026829975336,decision_level_baseline_vs_candidate_path_memory_gap_audit,outer_loop_spatial_flow_belief_safe_explore_exploit_memory_v2_2
heavy_cluster,spatial_flow_belief_memory_h3,3,final_heldout,9,r10_l7_full_domain_randomisation_arena_wide_training,r10_l7_full_domain_randomisation_arena_wide_training,r10_heavy_cluster_spatial_flow_belief_memory_h3_final_0009,2,inflight_boundary_near,boundary_near,mild_turn_right,primvar_mild_turn_right_transition_object_01b5cdd5409c,baseline_and_memory_winner_match,True,primvar_mild_turn_right_transition_object_01b5cdd5409c,primvar_mild_turn_right_transition_object_01b5cdd5409c,0.0,0.0,0.03,0.0,1.0,9.975518705496178e-05,9.975518705496178e-05,0.0,0.0,0.0302279908851009,0.7649140136891318,0.0152982802737826,0.0,0.1,0.2,0.0,0.0,7,0,0.9697720091148992,0.7649140136891318,decision_level_baseline_vs_candidate_path_memory_gap_audit,outer_loop_spatial_flow_belief_safe_explore_exploit_memory_v2_2
heavy_cluster,spatial_flow_belief_memory_h3,3,final_heldout,9,r10_l7_full_domain_randomisation_arena_wide_training,r10_l7_full_domain_randomisation_arena_wide_training,r10_heavy_cluster_spatial_flow_belief_memory_h3_final_0009,3,inflight_boundary_near,boundary_near,mild_turn_right,primvar_mild_turn_right_transition_object_01b5cdd5409c,baseline_and_memory_winner_match,True,primvar_mild_turn_right_transition_object_01b5cdd5409c,primvar_mild_turn_right_transition_object_01b5cdd5409c,0.0,0.0,0.03,0.0,1.0,-0.0001349383804654,-0.0001349383804654,0.0,0.0,0.0376796373278112,0.8476062308883415,0.0169521246177668,0.0,0.1,0.2,0.0,0.0,4,0,0.9623203626721888,0.8476062308883415,decision_level_baseline_vs_candidate_path_memory_gap_audit,outer_loop_spatial_flow_belief_safe_explore_exploit_memory_v2_2
heavy_cluster,spatial_flow_belief_memory_h3,3,final_heldout,9,r10_l7_full_domain_randomisation_arena_wide_training,r10_l7_full_domain_randomisation_arena_wide_training,r10_heavy_cluster_spatial_flow_belief_memory_h3_final_0009,4,inflight_boundary_near,boundary_near,lift_entry,primvar_lift_entry_transition_object_299a4397174a,baseline_and_memory_winner_match,True,primvar_lift_entry_transition_object_299a4397174a,primvar_lift_entry_transition_object_299a4397174a,0.0,0.0,0.03,0.0,1.0,-0.0002997338715704,-0.0002997338715704,0.0,0.0,0.0386264721953378,0.961373527804662,0.0192274705560932,0.0,0.1,0.2,0.0,0.0,0,0,0.961373527804662,0.961373527804662,decision_level_baseline_vs_candidate_path_memory_gap_audit,outer_loop_spatial_flow_belief_safe_explore_exploit_memory_v2_2
heavy_cluster,spatial_flow_belief_memory_h3,3,final_heldout,9,r10_l7_full_domain_randomisation_arena_wide_training,r10_l7_full_domain_randomisation_arena_wide_training,r10_heavy_cluster_spatial_flow_belief_memory_h3_final_0009,5,inflight_boundary_near,boundary_near,lift_entry,primvar_lift_entry_transition_object_299a4397174a,baseline_and_memory_winner_match,True,primvar_lift_entry_transition_object_299a4397174a,primvar_lift_entry_transition_object_299a4397174a,0.0,0.0,0.03,0.0,1.0,-0.0002909591607935,-0.0002909591607935,0.0,0.0,0.0332885936362413,0.9667114063637589,0.0193342281272751,0.0,0.1,0.2,0.0,0.0,0,0,0.9667114063637589,0.9667114063637589,decision_level_baseline_vs_candidate_path_memory_gap_audit,outer_loop_spatial_flow_belief_safe_explore_exploit_memory_v2_2
heavy_cluster,spatial_flow_belief_memory_h3,3,final_heldout,9,r10_l7_full_domain_randomisation_arena_wide_training,r10_l7_full_domain_randomisation_arena_wide_training,r10_heavy_cluster_spatial_flow_belief_memory_h3_final_0009,6,inflight_boundary_near,boundary_near,lift_entry,primvar_lift_entry_transition_object_299a4397174a,baseline_and_memory_winner_match,True,primvar_lift_entry_transition_object_299a4397174a,primvar_lift_entry_transition_object_299a4397174a,0.0,0.0,0.03,0.0,1.0,-0.0002035480796798,-0.0002035480796798,0.0,0.0,0.0267339252822654,0.9732660747177346,0.0194653214943546,0.0,0.1,0.2,0.0,0.0,0,0,0.9732660747177346,0.9732660747177346,decision_level_baseline_vs_candidate_path_memory_gap_audit,outer_loop_spatial_flow_belief_safe_explore_exploit_memory_v2_2
heavy_cluster,spatial_flow_belief_memory_h3,3,final_heldout,9,r10_l7_full_domain_randomisation_arena_wide_training,r10_l7_full_domain_randomisation_arena_wide_training,r10_heavy_cluster_spatial_flow_belief_memory_h3_final_0009,7,inflight_boundary_near,boundary_near,lift_entry,primvar_lift_entry_transition_object_299a4397174a,baseline_and_memory_winner_match,True,primvar_lift_entry_transition_object_299a4397174a,primvar_lift_entry_transition_object_299a4397174a,0.0,0.0,0.03,0.0,1.0,-0.0001807040534043,-0.0001807040534043,0.0,0.0,0.0341857173883868,0.9658142826116132,0.0193162856522322,0.0,0.1,0.2,0.0,0.0,0,0,0.9658142826116132,0.9658142826116132,decision_level_baseline_vs_candidate_path_memory_gap_audit,outer_loop_spatial_flow_belief_safe_explore_exploit_memory_v2_2
heavy_cluster,spatial_flow_belief_memory_h3,3,final_heldout,9,r10_l7_full_domain_randomisation_arena_wide_training,r10_l7_full_domain_randomisation_arena_wide_training,r10_heavy_cluster_spatial_flow_belief_memory_h3_final_0009,8,inflight_boundary_near,boundary_near,lift_entry,primvar_lift_entry_transition_object_299a4397174a,baseline_and_memory_winner_match,True,primvar_lift_entry_transition_object_299a4397174a,primvar_lift_entry_transition_object_299a4397174a,0.0,0.0,0.03,0.0,1.0,-9.455324315799096e-05,-9.455324315799096e-05,0.0,0.0,0.0345883513968562,0.9654116486031438,0.0193082329720628,0.0,0.1,0.2,0.0,0.0,0,0,0.9654116486031438,0.9654116486031438,decision_level_baseline_vs_candidate_path_memory_gap_audit,outer_loop_spatial_flow_belief_safe_explore_exploit_memory_v2_2
heavy_cluster,spatial_flow_belief_memory_h10,10,final_heldout,5,r10_l7_full_domain_randomisation_arena_wide_training,r10_l7_full_domain_randomisation_arena_wide_training,r10_heavy_cluster_spatial_flow_belief_memory_h10_final_0005,0,launch_gate,launch_gate,mild_turn_right,primvar_mild_turn_right_transition_object_37acc62dccb1,baseline_and_memory_winner_match,True,primvar_mild_turn_right_transition_object_37acc62dccb1,primvar_mild_turn_right_transition_object_37acc62dccb1,0.0,0.0,0.03,0.0,1.0,-8.540770186726832e-05,-8.540770186726832e-05,0.0,0.0,0.0129837287980028,0.6953845804270561,0.0139076916085411,0.0,0.1,0.2,0.0,0.0,7,0,0.9870162712019972,0.6953845804270561,decision_level_baseline_vs_candidate_path_memory_gap_audit,outer_loop_spatial_flow_belief_safe_explore_exploit_memory_v2_2
heavy_cluster,spatial_flow_belief_memory_h10,10,final_heldout,5,r10_l7_full_domain_randomisation_arena_wide_training,r10_l7_full_domain_randomisation_arena_wide_training,r10_heavy_cluster_spatial_flow_belief_memory_h10_final_0005,1,inflight_boundary_near,boundary_near,recovery,primvar_recovery_transition_object_2a5c20ec4293,baseline_and_memory_winner_match,True,primvar_recovery_transition_object_2a5c20ec4293,primvar_recovery_transition_object_2a5c20ec4293,0.0,0.0,0.03,0.0,1.0,0.0004216484777451,0.0004216484777451,0.0,0.0,0.0341490820969322,0.7352903656153272,0.0147058073123065,0.0,0.1,0.2,0.0,0.0,7,0,0.9658509179030678,0.7352903656153272,decision_level_baseline_vs_candidate_path_memory_gap_audit,outer_loop_spatial_flow_belief_safe_explore_exploit_memory_v2_2
heavy_cluster,spatial_flow_belief_memory_h10,10,final_heldout,5,r10_l7_full_domain_randomisation_arena_wide_training,r10_l7_full_domain_randomisation_arena_wide_training,r10_heavy_cluster_spatial_flow_belief_memory_h10_final_0005,2,inflight_boundary_near,boundary_near,recovery,primvar_recovery_transition_object_2a5c20ec4293,baseline_and_memory_winner_match,True,primvar_recovery_transition_object_2a5c20ec4293,primvar_recovery_transition_object_2a5c20ec4293,0.0,0.0,0.03,0.0,1.0,0.0003749675491357,0.0003749675491357,0.0,0.0,0.0330418623034935,0.8174984904954092,0.0163499698099081,0.0,0.1,0.2,0.0,0.0,7,0,0.9669581376965064,0.8174984904954092,decision_level_baseline_vs_candidate_path_memory_gap_audit,outer_loop_spatial_flow_belief_safe_explore_exploit_memory_v2_2
heavy_cluster,spatial_flow_belief_memory_h10,10,final_heldout,5,r10_l7_full_domain_randomisation_arena_wide_training,r10_l7_full_domain_randomisation_arena_wide_training,r10_heavy_cluster_spatial_flow_belief_memory_h10_final_0005,3,inflight_boundary_near,boundary_near,recovery,primvar_recovery_transition_object_2a5c20ec4293,baseline_and_memory_winner_match,True,primvar_recovery_transition_object_2a5c20ec4293,primvar_recovery_transition_object_2a5c20ec4293,0.0,0.0,0.03,0.0,1.0,0.0002726879063257,0.0002726879063257,0.0,0.0,0.0378630779879225,0.9262864117799215,0.0185257282355984,0.0,0.1,0.2,0.0,0.0,0,0,0.9621369220120776,0.9262864117799215,decision_level_baseline_vs_candidate_path_memory_gap_audit,outer_loop_spatial_flow_belief_safe_explore_exploit_memory_v2_2
heavy_cluster,spatial_flow_belief_memory_h10,10,final_heldout,5,r10_l7_full_domain_randomisation_arena_wide_training,r10_l7_full_domain_randomisation_arena_wide_training,r10_heavy_cluster_spatial_flow_belief_memory_h10_final_0005,4,inflight_boundary_near,boundary_near,lift_entry,primvar_lift_entry_transition_object_299a4397174a,baseline_and_memory_winner_match,True,primvar_lift_entry_transition_object_299a4397174a,primvar_lift_entry_transition_object_299a4397174a,0.0,0.0,0.03,0.0,1.0,0.0001612537297339,0.0001612537297339,0.0,0.0,0.0381018115724648,0.9618981884275352,0.0192379637685507,0.0,0.1,0.2,0.0,0.0,0,0,0.9618981884275352,0.9618981884275352,decision_level_baseline_vs_candidate_path_memory_gap_audit,outer_loop_spatial_flow_belief_safe_explore_exploit_memory_v2_2
heavy_cluster,spatial_flow_belief_memory_h10,10,final_heldout,5,r10_l7_full_domain_randomisation_arena_wide_training,r10_l7_full_domain_randomisation_arena_wide_training,r10_heavy_cluster_spatial_flow_belief_memory_h10_final_0005,5,inflight_boundary_near,boundary_near,mild_turn_left,primvar_mild_turn_left_transition_object_fee0dc32131a,baseline_and_memory_winner_match,True,primvar_mild_turn_left_transition_object_fee0dc32131a,primvar_mild_turn_left_transition_object_fee0dc32131a,0.0,0.0,0.03,0.0,1.0,6.521591261066106e-05,6.521591261066106e-05,0.0,0.0,0.0386892392138655,0.9613107607861344,0.0192262152157226,0.0,0.1,0.2,0.0,0.0,0,0,0.9613107607861344,0.9613107607861344,decision_level_baseline_vs_candidate_path_memory_gap_audit,outer_loop_spatial_flow_belief_safe_explore_exploit_memory_v2_2
heavy_cluster,spatial_flow_belief_memory_h10,10,final_heldout,5,r10_l7_full_domain_randomisation_arena_wide_training,r10_l7_full_domain_randomisation_arena_wide_training,r10_heavy_cluster_spatial_flow_belief_memory_h10_final_0005,6,inflight_boundary_near,boundary_near,mild_turn_left,primvar_mild_turn_left_transition_object_fee0dc32131a,baseline_and_memory_winner_match,True,primvar_mild_turn_left_transition_object_fee0dc32131a,primvar_mild_turn_left_transition_object_fee0dc32131a,0.0,0.0,0.03,0.0,1.0,1.8520295297363989e-06,1.8520295297363989e-06,0.0,0.0,0.0431494561067849,0.956850543893215,0.0191370108778643,0.0,0.1,0.2,0.0,0.0,0,0,0.956850543893215,0.956850543893215,decision_level_baseline_vs_candidate_path_memory_gap_audit,outer_loop_spatial_flow_belief_safe_explore_exploit_memory_v2_2
heavy_cluster,spatial_flow_belief_memory_h10,10,final_heldout,5,r10_l7_full_domain_randomisation_arena_wide_training,r10_l7_full_domain_randomisation_arena_wide_training,r10_heavy_cluster_spatial_flow_belief_memory_h10_final_0005,7,inflight_boundary_near,boundary_near,mild_turn_left,primvar_mild_turn_left_transition_object_fee0dc32131a,baseline_and_memory_winner_match,True,primvar_mild_turn_left_transition_object_fee0dc32131a,primvar_mild_turn_left_transition_object_fee0dc32131a,0.0,0.0,0.03,0.0,1.0,3.740148073294591e-05,3.740148073294591e-05,0.0,0.0,0.0466590154009755,0.9533409845990244,0.0190668196919804,0.0,0.1,0.2,0.0,0.0,0,0,0.9533409845990244,0.9533409845990244,decision_level_baseline_vs_candidate_path_memory_gap_audit,outer_loop_spatial_flow_belief_safe_explore_exploit_memory_v2_2
heavy_cluster,spatial_flow_belief_memory_h10,10,final_heldout,5,r10_l7_full_domain_randomisation_arena_wide_training,r10_l7_full_domain_randomisation_arena_wide_training,r10_heavy_cluster_spatial_flow_belief_memory_h10_final_0005,8,inflight_boundary_near,boundary_near,mild_turn_left,primvar_mild_turn_left_transition_object_fee0dc32131a,baseline_and_memory_winner_match,True,primvar_mild_turn_left_transition_object_fee0dc32131a,primvar_mild_turn_left_transition_object_fee0dc32131a,0.0,0.0,0.03,0.0,1.0,7.442298570459194e-05,7.442298570459194e-05,0.0,0.0,0.0392908636035804,0.9607091363964196,0.0192141827279283,0.0,0.1,0.2,0.0,0.0,0,0,0.9607091363964196,0.9607091363964196,decision_level_baseline_vs_candidate_path_memory_gap_audit,outer_loop_spatial_flow_belief_safe_explore_exploit_memory_v2_2
heavy_cluster,spatial_flow_belief_memory_h3,3,final_heldout,8,r10_l7_full_domain_randomisation_arena_wide_training,r10_l7_full_domain_randomisation_arena_wide_training,r10_heavy_cluster_spatial_flow_belief_memory_h3_final_0008,0,launch_gate,launch_gate,safe_exit_or_recovery_handoff,primvar_safe_exit_or_recovery_handoff_transition_object_d17d451ad8d8,baseline_and_memory_winner_match,True,primvar_safe_exit_or_recovery_handoff_transition_object_d17d451ad8d8,primvar_safe_exit_or_recovery_handoff_transition_object_d17d451ad8d8,0.0,0.0,0.03,0.0,1.0,-7.633056645861558e-05,-7.633056645861558e-05,0.0,0.0,0.0382855905351232,0.5098815358874249,0.0101976307177484,0.0,0.1,0.2,0.0,0.0,7,0,0.9617144094648769,0.5098815358874249,decision_level_baseline_vs_candidate_path_memory_gap_audit,outer_loop_spatial_flow_belief_safe_explore_exploit_memory_v2_2
heavy_cluster,spatial_flow_belief_memory_h3,3,final_heldout,8,r10_l7_full_domain_randomisation_arena_wide_training,r10_l7_full_domain_randomisation_arena_wide_training,r10_heavy_cluster_spatial_flow_belief_memory_h3_final_0008,1,inflight_nominal,inflight_stable,recovery,primvar_recovery_transition_object_4268876749b8,baseline_and_memory_winner_match,True,primvar_recovery_transition_object_4268876749b8,primvar_recovery_transition_object_4268876749b8,0.0,0.0,0.03,0.0,1.0,-0.0001270600998033,-0.0001270600998033,0.0,0.0,0.0776189445051638,0.5083469073441313,0.0101669381468826,0.0,0.1,0.2,0.0,0.0,7,0,0.922381055494836,0.5083469073441313,decision_level_baseline_vs_candidate_path_memory_gap_audit,outer_loop_spatial_flow_belief_safe_explore_exploit_memory_v2_2
heavy_cluster,spatial_flow_belief_memory_h3,3,final_heldout,8,r10_l7_full_domain_randomisation_arena_wide_training,r10_l7_full_domain_randomisation_arena_wide_training,r10_heavy_cluster_spatial_flow_belief_memory_h3_final_0008,2,inflight_recovery_edge,recoverable_degraded,safe_exit_or_recovery_handoff,primvar_safe_exit_or_recovery_handoff_transition_object_a195686788f5,baseline_and_memory_winner_match,True,primvar_safe_exit_or_recovery_handoff_transition_object_a195686788f5,primvar_safe_exit_or_recovery_handoff_transition_object_a195686788f5,0.0,0.0,0.03,0.0,1.0,-0.0003225822817518,-0.0003225822817518,0.0,0.0,0.0843351208174068,0.3793222516150546,0.007586445032301,0.0,0.1,0.2,2.747445920737941e-07,0.0001876468196354,7,2,0.9156648791825932,0.3793222516150546,decision_level_baseline_vs_candidate_path_memory_gap_audit,outer_loop_spatial_flow_belief_safe_explore_exploit_memory_v2_2
heavy_cluster,spatial_flow_belief_memory_h3,3,final_heldout,8,r10_l7_full_domain_randomisation_arena_wide_training,r10_l7_full_domain_randomisation_arena_wide_training,r10_heavy_cluster_spatial_flow_belief_memory_h3_final_0008,3,inflight_recovery_edge,recoverable_degraded,safe_exit_or_recovery_handoff,primvar_safe_exit_or_recovery_handoff_transition_object_a195686788f5,baseline_and_memory_winner_match,True,primvar_safe_exit_or_recovery_handoff_transition_object_a195686788f5,primvar_safe_exit_or_recovery_handoff_transition_object_a195686788f5,0.0,0.0,0.03,0.0,1.0,-0.0003311576332443,-0.0003311576332443,0.0,0.0,0.0649776459457812,0.4034491316673268,0.0080689826333465,0.0,0.1,0.2,8.557067604682501e-07,0.0005844360790887,7,3,0.9350223540542189,0.4034491316673268,decision_level_baseline_vs_candidate_path_memory_gap_audit,outer_loop_spatial_flow_belief_safe_explore_exploit_memory_v2_2
heavy_cluster,spatial_flow_belief_memory_h3,3,final_heldout,8,r10_l7_full_domain_randomisation_arena_wide_training,r10_l7_full_domain_randomisation_arena_wide_training,r10_heavy_cluster_spatial_flow_belief_memory_h3_final_0008,4,inflight_recovery_edge,recoverable_degraded,safe_exit_or_recovery_handoff,primvar_safe_exit_or_recovery_handoff_transition_object_a195686788f5,baseline_and_memory_winner_match,True,primvar_safe_exit_or_recovery_handoff_transition_object_a195686788f5,primvar_safe_exit_or_recovery_handoff_transition_object_a195686788f5,0.0,0.0,0.03,0.0,1.0,-0.0002839737434874,-0.0002839737434874,0.0,0.0,0.0539631694485962,0.4275093122037206,0.0085501862440744,0.0,0.1,0.2,5.222391814020957e-06,0.0014276878503215,7,6,0.9460368305514038,0.4275093122037206,decision_level_baseline_vs_candidate_path_memory_gap_audit,outer_loop_spatial_flow_belief_safe_explore_exploit_memory_v2_2
heavy_cluster,spatial_flow_belief_memory_h3,3,final_heldout,8,r10_l7_full_domain_randomisation_arena_wide_training,r10_l7_full_domain_randomisation_arena_wide_training,r10_heavy_cluster_spatial_flow_belief_memory_h3_final_0008,5,inflight_recovery_edge,recoverable_degraded,safe_exit_or_recovery_handoff,primvar_safe_exit_or_recovery_handoff_transition_object_a195686788f5,baseline_and_memory_winner_match,True,primvar_safe_exit_or_recovery_handoff_transition_object_a195686788f5,primvar_safe_exit_or_recovery_handoff_transition_object_a195686788f5,0.0,0.0,0.03,0.0,1.0,-0.0003385052867778,-0.0003385052867778,0.0,0.0,0.057223983312201,0.4486526734152983,0.0089730534683059,0.0,0.1,0.2,2.9275794944412784e-06,0.0007969909877186,7,5,0.942776016687799,0.4486526734152983,decision_level_baseline_vs_candidate_path_memory_gap_audit,outer_loop_spatial_flow_belief_safe_explore_exploit_memory_v2_2
heavy_cluster,spatial_flow_belief_memory_h3,3,final_heldout,8,r10_l7_full_domain_randomisation_arena_wide_training,r10_l7_full_domain_randomisation_arena_wide_training,r10_heavy_cluster_spatial_flow_belief_memory_h3_final_0008,6,inflight_nominal,inflight_stable,recovery,primvar_recovery_transition_object_4268876749b8,baseline_and_memory_winner_match,True,primvar_recovery_transition_object_4268876749b8,primvar_recovery_transition_object_4268876749b8,0.0,0.0,0.03,0.0,1.0,-0.0002964919155141,-0.0002964919155141,0.0,0.0,0.0404607352952049,0.7295650436378632,0.0145913008727572,0.0,0.1,0.2,1.492874856000896e-06,0.0017240177031731,7,6,0.9595392647047952,0.7295650436378632,decision_level_baseline_vs_candidate_path_memory_gap_audit,outer_loop_spatial_flow_belief_safe_explore_exploit_memory_v2_2
heavy_cluster,spatial_flow_belief_memory_h3,3,final_heldout,8,r10_l7_full_domain_randomisation_arena_wide_training,r10_l7_full_domain_randomisation_arena_wide_training,r10_heavy_cluster_spatial_flow_belief_memory_h3_final_0008,7,inflight_recovery_edge,recoverable_degraded,safe_exit_or_recovery_handoff,primvar_safe_exit_or_recovery_handoff_transition_object_a195686788f5,baseline_and_memory_winner_match,True,primvar_safe_exit_or_recovery_handoff_transition_object_a195686788f5,primvar_safe_exit_or_recovery_handoff_transition_object_a195686788f5,0.0,0.0,0.03,0.0,1.0,-0.0003931697704139,-0.0003931697704139,0.0,0.0,0.0468750587632581,0.5176352139111994,0.0103527042782239,0.0,0.1,0.2,0.0,0.0,7,0,0.953124941236742,0.5176352139111994,decision_level_baseline_vs_candidate_path_memory_gap_audit,outer_loop_spatial_flow_belief_safe_explore_exploit_memory_v2_2
heavy_cluster,spatial_flow_belief_memory_h3,3,final_heldout,8,r10_l7_full_domain_randomisation_arena_wide_training,r10_l7_full_domain_randomisation_arena_wide_training,r10_heavy_cluster_spatial_flow_belief_memory_h3_final_0008,8,inflight_nominal,inflight_stable,recovery,primvar_recovery_transition_object_4268876749b8,baseline_and_memory_winner_match,True,primvar_recovery_transition_object_4268876749b8,primvar_recovery_transition_object_4268876749b8,0.0,0.0,0.03,0.0,1.0,-0.0004392246162643,-0.0004392246162643,0.0,0.0,0.0482419359179232,0.8971308656873321,0.0179426173137466,0.0,0.1,0.2,0.0,0.0,0,0,0.9517580640820767,0.8971308656873321,decision_level_baseline_vs_candidate_path_memory_gap_audit,outer_loop_spatial_flow_belief_safe_explore_exploit_memory_v2_2
heavy_cluster,spatial_flow_belief_memory_h3,3,final_heldout,8,r10_l7_full_domain_randomisation_arena_wide_training,r10_l7_full_domain_randomisation_arena_wide_training,r10_heavy_cluster_spatial_flow_belief_memory_h3_final_0008,9,inflight_boundary_near,boundary_near,safe_exit_or_recovery_handoff,primvar_safe_exit_or_recovery_handoff_transition_object_ac25a091328a,baseline_and_memory_winner_match,True,primvar_safe_exit_or_recovery_handoff_transition_object_ac25a091328a,primvar_safe_exit_or_recovery_handoff_transition_object_ac25a091328a,0.0,0.0,0.03,0.0,1.0,-0.000253842300443,-0.000253842300443,0.0,0.0,0.0339766415445372,0.9660233584554628,0.0193204671691092,0.0,0.1,0.2,0.0,0.0,0,0,0.9660233584554628,0.9660233584554628,decision_level_baseline_vs_candidate_path_memory_gap_audit,outer_loop_spatial_flow_belief_safe_explore_exploit_memory_v2_2
heavy_cluster,spatial_flow_belief_memory_h3,3,final_heldout,8,r10_l7_full_domain_randomisation_arena_wide_training,r10_l7_full_domain_randomisation_arena_wide_training,r10_heavy_cluster_spatial_flow_belief_memory_h3_final_0008,10,inflight_boundary_near,boundary_near,energy_retaining_bank,primvar_energy_retaining_bank_transition_object_a0ebd6810f1f,baseline_and_memory_winner_match,True,primvar_energy_retaining_bank_transition_object_a0ebd6810f1f,primvar_energy_retaining_bank_transition_object_a0ebd6810f1f,0.0,0.0,0.03,0.0,1.0,-0.0001909163653062,-0.0001909163653062,0.0,0.0,0.0316426355925342,0.9683573644074658,0.0193671472881493,0.0,0.1,0.2,0.0,0.0,0,0,0.9683573644074658,0.9683573644074658,decision_level_baseline_vs_candidate_path_memory_gap_audit,outer_loop_spatial_flow_belief_safe_explore_exploit_memory_v2_2
heavy_cluster,spatial_flow_belief_memory_h3,3,final_heldout,8,r10_l7_full_domain_randomisation_arena_wide_training,r10_l7_full_domain_randomisation_arena_wide_training,r10_heavy_cluster_spatial_flow_belief_memory_h3_final_0008,11,inflight_boundary_near,boundary_near,lift_dwell_arc,primvar_lift_dwell_arc_transition_object_2a54829d66c4,baseline_and_memory_winner_match,True,primvar_lift_dwell_arc_transition_object_2a54829d66c4,primvar_lift_dwell_arc_transition_object_2a54829d66c4,0.0,0.0,0.03,0.0,1.0,-0.0002152831989292,-0.0002152831989292,0.0,0.0,0.0294271881585101,0.97057281184149,0.0194114562368298,0.0,0.1,0.2,0.0,0.0,0,0,0.97057281184149,0.97057281184149,decision_level_baseline_vs_candidate_path_memory_gap_audit,outer_loop_spatial_flow_belief_safe_explore_exploit_memory_v2_2
heavy_cluster,spatial_flow_belief_memory_h10,10,final_heldout,1,r10_l7_full_domain_randomisation_arena_wide_training,r10_l7_full_domain_randomisation_arena_wide_training,r10_heavy_cluster_spatial_flow_belief_memory_h10_final_0001,0,launch_gate,launch_gate,mild_turn_left,primvar_mild_turn_left_transition_object_c5942d118f74,baseline_and_memory_winner_match,True,primvar_mild_turn_left_transition_object_c5942d118f74,primvar_mild_turn_left_transition_object_c5942d118f74,0.0,0.0,0.03,0.0,1.0,0.0,0.0,0.0,0.0,0.0,0.6302218748792076,0.0126044374975841,0.0,0.1,0.2,0.0,0.0,7,0,1.0,0.6302218748792076,decision_level_baseline_vs_candidate_path_memory_gap_audit,outer_loop_spatial_flow_belief_safe_explore_exploit_memory_v2_2
heavy_cluster,spatial_flow_belief_memory_h10,10,final_heldout,1,r10_l7_full_domain_randomisation_arena_wide_training,r10_l7_full_domain_randomisation_arena_wide_training,r10_heavy_cluster_spatial_flow_belief_memory_h10_final_0001,1,inflight_nominal,inflight_stable,lift_entry,primvar_lift_entry_transition_object_a65393bbc7f9,baseline_and_memory_winner_match,True,primvar_lift_entry_transition_object_a65393bbc7f9,primvar_lift_entry_transition_object_a65393bbc7f9,0.0,0.0,0.03,0.0,1.0,3.541021324182658e-05,3.541021324182658e-05,0.0,0.0,0.0308923518217283,0.5692452504595282,0.0113849050091905,0.0,0.1,0.2,0.0,0.0,7,0,0.9691076481782716,0.5692452504595282,decision_level_baseline_vs_candidate_path_memory_gap_audit,outer_loop_spatial_flow_belief_safe_explore_exploit_memory_v2_2
heavy_cluster,spatial_flow_belief_memory_h10,10,final_heldout,1,r10_l7_full_domain_randomisation_arena_wide_training,r10_l7_full_domain_randomisation_arena_wide_training,r10_heavy_cluster_spatial_flow_belief_memory_h10_final_0001,2,inflight_nominal,inflight_stable,lift_entry,primvar_lift_entry_transition_object_a65393bbc7f9,baseline_and_memory_winner_match,True,primvar_lift_entry_transition_object_a65393bbc7f9,primvar_lift_entry_transition_object_a65393bbc7f9,0.0,0.0,0.03,0.0,1.0,-5.145634474690297e-05,-5.145634474690297e-05,0.0,0.0,0.0417054174376198,0.5964697741631838,0.0119293954832636,0.0,0.1,0.2,0.0,0.0,7,0,0.95829458256238,0.5964697741631838,decision_level_baseline_vs_candidate_path_memory_gap_audit,outer_loop_spatial_flow_belief_safe_explore_exploit_memory_v2_2
heavy_cluster,spatial_flow_belief_memory_h10,10,final_heldout,1,r10_l7_full_domain_randomisation_arena_wide_training,r10_l7_full_domain_randomisation_arena_wide_training,r10_heavy_cluster_spatial_flow_belief_memory_h10_final_0001,3,inflight_nominal,inflight_stable,lift_entry,primvar_lift_entry_transition_object_a65393bbc7f9,baseline_and_memory_winner_match,True,primvar_lift_entry_transition_object_a65393bbc7f9,primvar_lift_entry_transition_object_a65393bbc7f9,0.0,0.0,0.03,0.0,1.0,-0.0001118048813377,-0.0001118048813377,0.0,0.0,0.0471851143697973,0.6358393434704042,0.012716786869408,0.0,0.1,0.2,0.0,0.0,7,0,0.9528148856302028,0.6358393434704042,decision_level_baseline_vs_candidate_path_memory_gap_audit,outer_loop_spatial_flow_belief_safe_explore_exploit_memory_v2_2
heavy_cluster,spatial_flow_belief_memory_h10,10,final_heldout,1,r10_l7_full_domain_randomisation_arena_wide_training,r10_l7_full_domain_randomisation_arena_wide_training,r10_heavy_cluster_spatial_flow_belief_memory_h10_final_0001,4,inflight_nominal,inflight_stable,lift_entry,primvar_lift_entry_transition_object_a65393bbc7f9,baseline_and_memory_winner_match,True,primvar_lift_entry_transition_object_a65393bbc7f9,primvar_lift_entry_transition_object_a65393bbc7f9,0.0,0.0,0.03,0.0,1.0,-0.0001241301072125,-0.0001241301072125,0.0,0.0,0.0364924219073077,0.6974988431296602,0.0139499768625932,0.0,0.1,0.2,0.0,0.0,7,0,0.9635075780926924,0.6974988431296602,decision_level_baseline_vs_candidate_path_memory_gap_audit,outer_loop_spatial_flow_belief_safe_explore_exploit_memory_v2_2
heavy_cluster,spatial_flow_belief_memory_h10,10,final_heldout,1,r10_l7_full_domain_randomisation_arena_wide_training,r10_l7_full_domain_randomisation_arena_wide_training,r10_heavy_cluster_spatial_flow_belief_memory_h10_final_0001,5,inflight_nominal,inflight_stable,lift_entry,primvar_lift_entry_transition_object_a65393bbc7f9,baseline_and_memory_winner_match,True,primvar_lift_entry_transition_object_a65393bbc7f9,primvar_lift_entry_transition_object_a65393bbc7f9,0.0,0.0,0.03,0.0,1.0,-0.000121446406246,-0.000121446406246,0.0,0.0,0.0316854011664056,0.7712578441200708,0.0154251568824014,0.0,0.1,0.2,0.0,0.0,7,0,0.9683145988335944,0.7712578441200708,decision_level_baseline_vs_candidate_path_memory_gap_audit,outer_loop_spatial_flow_belief_safe_explore_exploit_memory_v2_2
heavy_cluster,spatial_flow_belief_memory_h10,10,final_heldout,1,r10_l7_full_domain_randomisation_arena_wide_training,r10_l7_full_domain_randomisation_arena_wide_training,r10_heavy_cluster_spatial_flow_belief_memory_h10_final_0001,6,inflight_nominal,inflight_stable,lift_entry,primvar_lift_entry_transition_object_a65393bbc7f9,baseline_and_memory_winner_match,True,primvar_lift_entry_transition_object_a65393bbc7f9,primvar_lift_entry_transition_object_a65393bbc7f9,0.0,0.0,0.03,0.0,1.0,-0.0001358234891999,-0.0001358234891999,0.0,0.0,0.0361271794534081,0.8623248546493245,0.0172464970929864,0.0,0.1,0.2,0.0,0.0,1,0,0.9638728205465918,0.8623248546493245,decision_level_baseline_vs_candidate_path_memory_gap_audit,outer_loop_spatial_flow_belief_safe_explore_exploit_memory_v2_2
heavy_cluster,spatial_flow_belief_memory_h10,10,final_heldout,1,r10_l7_full_domain_randomisation_arena_wide_training,r10_l7_full_domain_randomisation_arena_wide_training,r10_heavy_cluster_spatial_flow_belief_memory_h10_final_0001,7,inflight_nominal,inflight_stable,lift_entry,primvar_lift_entry_transition_object_a65393bbc7f9,baseline_and_memory_winner_match,True,primvar_lift_entry_transition_object_a65393bbc7f9,primvar_lift_entry_transition_object_a65393bbc7f9,0.0,0.0,0.03,0.0,1.0,-0.000111772335277,-0.000111772335277,0.0,0.0,0.0312847087047748,0.9687152912952252,0.0193743058259045,0.0,0.1,0.2,0.0,0.0,0,0,0.9687152912952252,0.9687152912952252,decision_level_baseline_vs_candidate_path_memory_gap_audit,outer_loop_spatial_flow_belief_safe_explore_exploit_memory_v2_2
heavy_cluster,spatial_flow_belief_memory_h10,10,final_heldout,1,r10_l7_full_domain_randomisation_arena_wide_training,r10_l7_full_domain_randomisation_arena_wide_training,r10_heavy_cluster_spatial_flow_belief_memory_h10_final_0001,8,inflight_boundary_near,boundary_near,lift_dwell_arc,primvar_lift_dwell_arc_transition_object_2a54829d66c4,baseline_and_memory_winner_match,True,primvar_lift_dwell_arc_transition_object_2a54829d66c4,primvar_lift_dwell_arc_transition_object_2a54829d66c4,0.0,0.0,0.03,0.0,1.0,-0.0001240285849475,-0.0001240285849475,0.0,0.0,0.0374476367122579,0.962552363287742,0.0192510472657548,0.0,0.1,0.2,0.0,0.0,0,0,0.962552363287742,0.962552363287742,decision_level_baseline_vs_candidate_path_memory_gap_audit,outer_loop_spatial_flow_belief_safe_explore_exploit_memory_v2_2
heavy_cluster,spatial_flow_belief_memory_h10,10,final_heldout,1,r10_l7_full_domain_randomisation_arena_wide_training,r10_l7_full_domain_randomisation_arena_wide_training,r10_heavy_cluster_spatial_flow_belief_memory_h10_final_0001,9,inflight_boundary_near,boundary_near,lift_dwell_arc,primvar_lift_dwell_arc_transition_object_2a54829d66c4,baseline_and_memory_winner_match,True,primvar_lift_dwell_arc_transition_object_2a54829d66c4,primvar_lift_dwell_arc_transition_object_2a54829d66c4,0.0,0.0,0.03,0.0,1.0,-1.564605192805324e-05,-1.564605192805324e-05,0.0,0.0,0.0320017541133522,0.9679982458866476,0.0193599649177329,0.0,0.1,0.2,0.0,0.0,0,0,0.9679982458866476,0.9679982458866476,decision_level_baseline_vs_candidate_path_memory_gap_audit,outer_loop_spatial_flow_belief_safe_explore_exploit_memory_v2_2
heavy_cluster,spatial_flow_belief_memory_h10,10,final_heldout,1,r10_l7_full_domain_randomisation_arena_wide_training,r10_l7_full_domain_randomisation_arena_wide_training,r10_heavy_cluster_spatial_flow_belief_memory_h10_final_0001,10,inflight_boundary_near,boundary_near,lift_dwell_arc,primvar_lift_dwell_arc_transition_object_2a54829d66c4,baseline_and_memory_winner_match,True,primvar_lift_dwell_arc_transition_object_2a54829d66c4,primvar_lift_dwell_arc_transition_object_2a54829d66c4,0.0,0.0,0.03,0.0,1.0,8.392161601844528e-05,8.392161601844528e-05,0.0,0.0,0.0373260240767963,0.9626739759232036,0.019253479518464,0.0,0.1,0.2,0.0,0.0,0,0,0.9626739759232036,0.9626739759232036,decision_level_baseline_vs_candidate_path_memory_gap_audit,outer_loop_spatial_flow_belief_safe_explore_exploit_memory_v2_2
heavy_cluster,spatial_flow_belief_memory_h10,10,final_heldout,1,r10_l7_full_domain_randomisation_arena_wide_training,r10_l7_full_domain_randomisation_arena_wide_training,r10_heavy_cluster_spatial_flow_belief_memory_h10_final_0001,11,inflight_boundary_near,boundary_near,lift_dwell_arc,primvar_lift_dwell_arc_transition_object_2a54829d66c4,baseline_and_memory_winner_match,True,primvar_lift_dwell_arc_transition_object_2a54829d66c4,primvar_lift_dwell_arc_transition_object_2a54829d66c4,0.0,0.0,0.03,0.0,1.0,8.632636828465046e-05,8.632636828465046e-05,0.0,0.0,0.0314987842481373,0.9685012157518628,0.0193700243150372,0.0,0.1,0.2,0.0,0.0,0,0,0.9685012157518628,0.9685012157518628,decision_level_baseline_vs_candidate_path_memory_gap_audit,outer_loop_spatial_flow_belief_safe_explore_exploit_memory_v2_2
heavy_cluster,spatial_flow_belief_memory_h10,10,final_heldout,2,r10_l7_full_domain_randomisation_arena_wide_training,r10_l7_full_domain_randomisation_arena_wide_training,r10_heavy_cluster_spatial_flow_belief_memory_h10_final_0002,0,launch_gate,launch_gate,mild_turn_left,primvar_mild_turn_left_transition_object_c5942d118f74,baseline_and_memory_winner_match,True,primvar_mild_turn_left_transition_object_c5942d118f74,primvar_mild_turn_left_transition_object_c5942d118f74,0.0,0.0,0.03,0.0,1.0,-9.007067529487323e-06,-9.007067529487323e-06,0.0,0.0,0.0057954688643166,0.6238539650753738,0.0124770793015074,0.0,0.1,0.2,0.0,0.0,7,0,0.9942045311356832,0.6238539650753738,decision_level_baseline_vs_candidate_path_memory_gap_audit,outer_loop_spatial_flow_belief_safe_explore_exploit_memory_v2_2
heavy_cluster,spatial_flow_belief_memory_h10,10,final_heldout,2,r10_l7_full_domain_randomisation_arena_wide_training,r10_l7_full_domain_randomisation_arena_wide_training,r10_heavy_cluster_spatial_flow_belief_memory_h10_final_0002,1,inflight_nominal,inflight_stable,mild_turn_left,primvar_mild_turn_left_transition_object_c0027154e9bd,baseline_and_memory_winner_match,True,primvar_mild_turn_left_transition_object_c0027154e9bd,primvar_mild_turn_left_transition_object_c0027154e9bd,0.0,0.0,0.03,0.0,1.0,0.000221471112296,0.000221471112296,0.0,0.0,0.0372004624969035,0.6447810833098684,0.0128956216661973,0.0,0.1,0.2,0.0,0.0,7,0,0.9627995375030964,0.6447810833098684,decision_level_baseline_vs_candidate_path_memory_gap_audit,outer_loop_spatial_flow_belief_safe_explore_exploit_memory_v2_2
heavy_cluster,spatial_flow_belief_memory_h10,10,final_heldout,2,r10_l7_full_domain_randomisation_arena_wide_training,r10_l7_full_domain_randomisation_arena_wide_training,r10_heavy_cluster_spatial_flow_belief_memory_h10_final_0002,2,inflight_recovery_edge,recoverable_degraded,safe_exit_or_recovery_handoff,primvar_safe_exit_or_recovery_handoff_transition_object_a195686788f5,baseline_and_memory_winner_match,True,primvar_safe_exit_or_recovery_handoff_transition_object_a195686788f5,primvar_safe_exit_or_recovery_handoff_transition_object_a195686788f5,0.0,0.0,0.03,0.0,1.0,0.0004113817152636,0.0004113817152636,0.0,0.0,0.0426107128221974,0.3996083041356337,0.0079921660827126,0.0,0.1,0.2,0.0,0.0,7,0,0.9573892871778026,0.3996083041356337,decision_level_baseline_vs_candidate_path_memory_gap_audit,outer_loop_spatial_flow_belief_safe_explore_exploit_memory_v2_2
heavy_cluster,spatial_flow_belief_memory_h10,10,final_heldout,2,r10_l7_full_domain_randomisation_arena_wide_training,r10_l7_full_domain_randomisation_arena_wide_training,r10_heavy_cluster_spatial_flow_belief_memory_h10_final_0002,3,inflight_recovery_edge,recoverable_degraded,safe_exit_or_recovery_handoff,primvar_safe_exit_or_recovery_handoff_transition_object_a195686788f5,baseline_and_memory_winner_match,True,primvar_safe_exit_or_recovery_handoff_transition_object_a195686788f5,primvar_safe_exit_or_recovery_handoff_transition_object_a195686788f5,0.0,0.0,0.03,0.0,1.0,0.0003744207135973,0.0003744207135973,0.0,0.0,0.0299950438778379,0.4277278288985044,0.00855455657797,0.0,0.1,0.2,0.0,0.0,7,0,0.970004956122162,0.4277278288985044,decision_level_baseline_vs_candidate_path_memory_gap_audit,outer_loop_spatial_flow_belief_safe_explore_exploit_memory_v2_2
heavy_cluster,spatial_flow_belief_memory_h10,10,final_heldout,2,r10_l7_full_domain_randomisation_arena_wide_training,r10_l7_full_domain_randomisation_arena_wide_training,r10_heavy_cluster_spatial_flow_belief_memory_h10_final_0002,4,inflight_recovery_edge,recoverable_degraded,safe_exit_or_recovery_handoff,primvar_safe_exit_or_recovery_handoff_transition_object_a195686788f5,baseline_and_memory_winner_match,True,primvar_safe_exit_or_recovery_handoff_transition_object_a195686788f5,primvar_safe_exit_or_recovery_handoff_transition_object_a195686788f5,0.0,0.0,0.03,0.0,1.0,0.00057788970458,0.00057788970458,0.0,0.0,0.0420910159467668,0.4482291181246036,0.008964582362492,0.0,0.1,0.2,0.0,0.0,7,0,0.9579089840532332,0.4482291181246036,decision_level_baseline_vs_candidate_path_memory_gap_audit,outer_loop_spatial_flow_belief_safe_explore_exploit_memory_v2_2
heavy_cluster,spatial_flow_belief_memory_h10,10,final_heldout,2,r10_l7_full_domain_randomisation_arena_wide_training,r10_l7_full_domain_randomisation_arena_wide_training,r10_heavy_cluster_spatial_flow_belief_memory_h10_final_0002,5,inflight_recovery_edge,recoverable_degraded,safe_exit_or_recovery_handoff,primvar_safe_exit_or_recovery_handoff_transition_object_a195686788f5,baseline_and_memory_winner_match,True,primvar_safe_exit_or_recovery_handoff_transition_object_a195686788f5,primvar_safe_exit_or_recovery_handoff_transition_object_a195686788f5,0.0,0.0,0.03,0.0,1.0,0.000318785246906,0.000318785246906,0.0,0.0,0.0374550717443089,0.4814459372290852,0.0096289187445817,0.0,0.1,0.2,0.0,0.0,7,0,0.962544928255691,0.4814459372290852,decision_level_baseline_vs_candidate_path_memory_gap_audit,outer_loop_spatial_flow_belief_safe_explore_exploit_memory_v2_2
heavy_cluster,spatial_flow_belief_memory_h10,10,final_heldout,2,r10_l7_full_domain_randomisation_arena_wide_training,r10_l7_full_domain_randomisation_arena_wide_training,r10_heavy_cluster_spatial_flow_belief_memory_h10_final_0002,6,inflight_recovery_edge,recoverable_degraded,safe_exit_or_recovery_handoff,primvar_safe_exit_or_recovery_handoff_transition_object_a195686788f5,baseline_and_memory_winner_match,True,primvar_safe_exit_or_recovery_handoff_transition_object_a195686788f5,primvar_safe_exit_or_recovery_handoff_transition_object_a195686788f5,0.0,0.0,0.03,0.0,1.0,-2.312978825005918e-05,-2.312978825005918e-05,0.0,0.0,0.0291575060670791,0.5265267840595542,0.010530535681191,0.0,0.1,0.2,0.0,0.0,7,0,0.9708424939329208,0.5265267840595542,decision_level_baseline_vs_candidate_path_memory_gap_audit,outer_loop_spatial_flow_belief_safe_explore_exploit_memory_v2_2
heavy_cluster,spatial_flow_belief_memory_h10,10,final_heldout,2,r10_l7_full_domain_randomisation_arena_wide_training,r10_l7_full_domain_randomisation_arena_wide_training,r10_heavy_cluster_spatial_flow_belief_memory_h10_final_0002,7,inflight_recovery_edge,recoverable_degraded,safe_exit_or_recovery_handoff,primvar_safe_exit_or_recovery_handoff_transition_object_a195686788f5,baseline_and_memory_winner_match,True,primvar_safe_exit_or_recovery_handoff_transition_object_a195686788f5,primvar_safe_exit_or_recovery_handoff_transition_object_a195686788f5,0.0,0.0,0.03,0.0,1.0,-0.0001988259821282,-0.0001988259821282,0.0,0.0,0.0346676054927074,0.5801886689984819,0.0116037733799696,0.0,0.1,0.2,0.0,0.0,7,0,0.9653323945072926,0.5801886689984819,decision_level_baseline_vs_candidate_path_memory_gap_audit,outer_loop_spatial_flow_belief_safe_explore_exploit_memory_v2_2
heavy_cluster,spatial_flow_belief_memory_h10,10,final_heldout,2,r10_l7_full_domain_randomisation_arena_wide_training,r10_l7_full_domain_randomisation_arena_wide_training,r10_heavy_cluster_spatial_flow_belief_memory_h10_final_0002,8,inflight_boundary_near,boundary_near,safe_exit_or_recovery_handoff,primvar_safe_exit_or_recovery_handoff_transition_object_ac25a091328a,baseline_and_memory_winner_match,True,primvar_safe_exit_or_recovery_handoff_transition_object_ac25a091328a,primvar_safe_exit_or_recovery_handoff_transition_object_ac25a091328a,0.0,0.0,0.03,0.0,1.0,-0.0002964865767192,-0.0002964865767192,0.0,0.0,0.0446447276405629,0.9553552723594372,0.0191071054471887,0.0,0.1,0.2,0.0,0.0,0,0,0.9553552723594372,0.9553552723594372,decision_level_baseline_vs_candidate_path_memory_gap_audit,outer_loop_spatial_flow_belief_safe_explore_exploit_memory_v2_2
heavy_cluster,spatial_flow_belief_memory_h10,10,final_heldout,2,r10_l7_full_domain_randomisation_arena_wide_training,r10_l7_full_domain_randomisation_arena_wide_training,r10_heavy_cluster_spatial_flow_belief_memory_h10_final_0002,9,inflight_boundary_near,boundary_near,safe_exit_or_recovery_handoff,primvar_safe_exit_or_recovery_handoff_transition_object_ac25a091328a,baseline_and_memory_winner_match,True,primvar_safe_exit_or_recovery_handoff_transition_object_ac25a091328a,primvar_safe_exit_or_recovery_handoff_transition_object_ac25a091328a,0.0,0.0,0.03,0.0,1.0,-0.0001690276814998,-0.0001690276814998,0.0,0.0,0.0383580238419256,0.9616419761580745,0.0192328395231614,0.0,0.1,0.2,0.0,0.0,0,0,0.9616419761580745,0.9616419761580745,decision_level_baseline_vs_candidate_path_memory_gap_audit,outer_loop_spatial_flow_belief_safe_explore_exploit_memory_v2_2
heavy_cluster,spatial_flow_belief_memory_h10,10,final_heldout,2,r10_l7_full_domain_randomisation_arena_wide_training,r10_l7_full_domain_randomisation_arena_wide_training,r10_heavy_cluster_spatial_flow_belief_memory_h10_final_0002,10,inflight_boundary_near,boundary_near,safe_exit_or_recovery_handoff,primvar_safe_exit_or_recovery_handoff_transition_object_ac25a091328a,baseline_and_memory_winner_match,True,primvar_safe_exit_or_recovery_handoff_transition_object_ac25a091328a,primvar_safe_exit_or_recovery_handoff_transition_object_ac25a091328a,0.0,0.0,0.03,0.0,1.0,-0.0002325677483847,-0.0002325677483847,0.0,0.0,0.0407862445099002,0.9592137554900998,0.0191842751098019,0.0,0.1,0.2,0.0,0.0,0,0,0.9592137554900998,0.9592137554900998,decision_level_baseline_vs_candidate_path_memory_gap_audit,outer_loop_spatial_flow_belief_safe_explore_exploit_memory_v2_2
heavy_cluster,spatial_flow_belief_memory_h10,10,final_heldout,2,r10_l7_full_domain_randomisation_arena_wide_training,r10_l7_full_domain_randomisation_arena_wide_training,r10_heavy_cluster_spatial_flow_belief_memory_h10_final_0002,11,inflight_boundary_near,boundary_near,lift_dwell_arc,primvar_lift_dwell_arc_transition_object_2a54829d66c4,baseline_and_memory_winner_match,True,primvar_lift_dwell_arc_transition_object_2a54829d66c4,primvar_lift_dwell_arc_transition_object_2a54829d66c4,0.0,0.0,0.03,0.0,1.0,-0.0002724726160969,-0.0002724726160969,0.0,0.0,0.0363625865007856,0.9636374134992144,0.0192727482699842,0.0,0.1,0.2,0.0,0.0,0,0,0.9636374134992144,0.9636374134992144,decision_level_baseline_vs_candidate_path_memory_gap_audit,outer_loop_spatial_flow_belief_safe_explore_exploit_memory_v2_2
heavy_cluster,spatial_flow_belief_memory_h10,10,final_heldout,2,r10_l7_full_domain_randomisation_arena_wide_training,r10_l7_full_domain_randomisation_arena_wide_training,r10_heavy_cluster_spatial_flow_belief_memory_h10_final_0002,12,inflight_boundary_near,boundary_near,lift_dwell_arc,primvar_lift_dwell_arc_transition_object_2a54829d66c4,baseline_and_memory_winner_match,True,primvar_lift_dwell_arc_transition_object_2a54829d66c4,primvar_lift_dwell_arc_transition_object_2a54829d66c4,0.0,0.0,0.03,0.0,1.0,-0.0003475689835339,-0.0003475689835339,0.0,0.0,0.0410626830033975,0.7371387589070274,0.0147427751781405,0.0,0.1,0.2,0.0,0.0,0,0,0.9589373169966025,0.7371387589070274,decision_level_baseline_vs_candidate_path_memory_gap_audit,outer_loop_spatial_flow_belief_safe_explore_exploit_memory_v2_2
heavy_cluster,spatial_flow_belief_memory_h10,10,final_heldout,6,r10_l7_full_domain_randomisation_arena_wide_training,r10_l7_full_domain_randomisation_arena_wide_training,r10_heavy_cluster_spatial_flow_belief_memory_h10_final_0006,0,launch_gate,launch_gate,mild_turn_left,primvar_mild_turn_left_transition_object_c5942d118f74,baseline_and_memory_winner_match,True,primvar_mild_turn_left_transition_object_c5942d118f74,primvar_mild_turn_left_transition_object_c5942d118f74,0.0,0.0,0.03,0.0,1.0,7.957126284863225e-05,7.957126284863225e-05,0.0,0.0,0.0099982955505169,0.6329189811151751,0.0126583796223035,0.0,0.1,0.2,3.0071517100023706e-06,0.0011542693256267,7,4,0.990001704449483,0.6329189811151751,decision_level_baseline_vs_candidate_path_memory_gap_audit,outer_loop_spatial_flow_belief_safe_explore_exploit_memory_v2_2
heavy_cluster,spatial_flow_belief_memory_h10,10,final_heldout,6,r10_l7_full_domain_randomisation_arena_wide_training,r10_l7_full_domain_randomisation_arena_wide_training,r10_heavy_cluster_spatial_flow_belief_memory_h10_final_0006,1,inflight_nominal,inflight_stable,lift_entry,primvar_lift_entry_transition_object_a65393bbc7f9,baseline_and_memory_winner_match,True,primvar_lift_entry_transition_object_a65393bbc7f9,primvar_lift_entry_transition_object_a65393bbc7f9,0.0,0.0,0.03,0.0,1.0,0.0002238234895379,0.0002238234895379,0.0,0.0,0.0357621107230937,0.5820793945159981,0.0116415878903199,0.0,0.1,0.2,2.665971587301323e-07,0.0001767785762012,7,3,0.9642378892769062,0.5820793945159981,decision_level_baseline_vs_candidate_path_memory_gap_audit,outer_loop_spatial_flow_belief_safe_explore_exploit_memory_v2_2
heavy_cluster,spatial_flow_belief_memory_h10,10,final_heldout,6,r10_l7_full_domain_randomisation_arena_wide_training,r10_l7_full_domain_randomisation_arena_wide_training,r10_heavy_cluster_spatial_flow_belief_memory_h10_final_0006,2,inflight_recovery_edge,recoverable_degraded,safe_exit_or_recovery_handoff,primvar_safe_exit_or_recovery_handoff_transition_object_a195686788f5,baseline_and_memory_winner_match,True,primvar_safe_exit_or_recovery_handoff_transition_object_a195686788f5,primvar_safe_exit_or_recovery_handoff_transition_object_a195686788f5,0.0,0.0,0.03,0.0,1.0,0.0003148795732305,0.0003148795732305,0.0,0.0,0.0427911103113249,0.4074305235441099,0.0081486104708822,0.0,0.1,0.2,4.873586347061647e-07,0.0001335920461201,7,2,0.957208889688675,0.4074305235441099,decision_level_baseline_vs_candidate_path_memory_gap_audit,outer_loop_spatial_flow_belief_safe_explore_exploit_memory_v2_2
heavy_cluster,spatial_flow_belief_memory_h10,10,final_heldout,6,r10_l7_full_domain_randomisation_arena_wide_training,r10_l7_full_domain_randomisation_arena_wide_training,r10_heavy_cluster_spatial_flow_belief_memory_h10_final_0006,3,inflight_recovery_edge,recoverable_degraded,safe_exit_or_recovery_handoff,primvar_safe_exit_or_recovery_handoff_transition_object_a195686788f5,baseline_and_memory_winner_match,True,primvar_safe_exit_or_recovery_handoff_transition_object_a195686788f5,primvar_safe_exit_or_recovery_handoff_transition_object_a195686788f5,0.0,0.0,0.03,0.0,1.0,0.0002380351443812,0.0002380351443812,0.0,0.0,0.0369055381283668,0.4305406350704331,0.0086108127014086,0.0,0.1,0.2,3.286155830376485e-07,7.013745336846658e-05,7,3,0.9630944618716332,0.4305406350704331,decision_level_baseline_vs_candidate_path_memory_gap_audit,outer_loop_spatial_flow_belief_safe_explore_exploit_memory_v2_2
heavy_cluster,spatial_flow_belief_memory_h10,10,final_heldout,6,r10_l7_full_domain_randomisation_arena_wide_training,r10_l7_full_domain_randomisation_arena_wide_training,r10_heavy_cluster_spatial_flow_belief_memory_h10_final_0006,4,inflight_recovery_edge,recoverable_degraded,safe_exit_or_recovery_handoff,primvar_safe_exit_or_recovery_handoff_transition_object_a195686788f5,baseline_and_memory_winner_match,True,primvar_safe_exit_or_recovery_handoff_transition_object_a195686788f5,primvar_safe_exit_or_recovery_handoff_transition_object_a195686788f5,0.0,0.0,0.03,0.0,1.0,0.0002463213557841,0.0002463213557841,0.0,0.0,0.0457198582634764,0.4497474141292603,0.0089949482825852,0.0,0.1,0.2,0.0,0.0,7,0,0.9542801417365236,0.4497474141292603,decision_level_baseline_vs_candidate_path_memory_gap_audit,outer_loop_spatial_flow_belief_safe_explore_exploit_memory_v2_2
heavy_cluster,spatial_flow_belief_memory_h10,10,final_heldout,6,r10_l7_full_domain_randomisation_arena_wide_training,r10_l7_full_domain_randomisation_arena_wide_training,r10_heavy_cluster_spatial_flow_belief_memory_h10_final_0006,5,inflight_recovery_edge,recoverable_degraded,safe_exit_or_recovery_handoff,primvar_safe_exit_or_recovery_handoff_transition_object_a195686788f5,baseline_and_memory_winner_match,True,primvar_safe_exit_or_recovery_handoff_transition_object_a195686788f5,primvar_safe_exit_or_recovery_handoff_transition_object_a195686788f5,0.0,0.0,0.03,0.0,1.0,0.000136590223875,0.000136590223875,0.0,0.0,0.0487534946916394,0.4751657543974655,0.0095033150879493,0.0,0.1,0.2,0.0,0.0,7,0,0.9512465053083606,0.4751657543974655,decision_level_baseline_vs_candidate_path_memory_gap_audit,outer_loop_spatial_flow_belief_safe_explore_exploit_memory_v2_2
heavy_cluster,spatial_flow_belief_memory_h10,10,final_heldout,6,r10_l7_full_domain_randomisation_arena_wide_training,r10_l7_full_domain_randomisation_arena_wide_training,r10_heavy_cluster_spatial_flow_belief_memory_h10_final_0006,6,inflight_recovery_edge,recoverable_degraded,safe_exit_or_recovery_handoff,primvar_safe_exit_or_recovery_handoff_transition_object_a195686788f5,baseline_and_memory_winner_match,True,primvar_safe_exit_or_recovery_handoff_transition_object_a195686788f5,primvar_safe_exit_or_recovery_handoff_transition_object_a195686788f5,0.0,0.0,0.03,0.0,1.0,-6.356933947210264e-06,-6.356933947210264e-06,0.0,0.0,0.0355612808985602,0.5134960127082282,0.0102699202541645,0.0,0.1,0.2,0.0,0.0,7,0,0.9644387191014396,0.5134960127082282,decision_level_baseline_vs_candidate_path_memory_gap_audit,outer_loop_spatial_flow_belief_safe_explore_exploit_memory_v2_2
heavy_cluster,spatial_flow_belief_memory_h10,10,final_heldout,6,r10_l7_full_domain_randomisation_arena_wide_training,r10_l7_full_domain_randomisation_arena_wide_training,r10_heavy_cluster_spatial_flow_belief_memory_h10_final_0006,7,inflight_recovery_edge,recoverable_degraded,safe_exit_or_recovery_handoff,primvar_safe_exit_or_recovery_handoff_transition_object_a195686788f5,baseline_and_memory_winner_match,True,primvar_safe_exit_or_recovery_handoff_transition_object_a195686788f5,primvar_safe_exit_or_recovery_handoff_transition_object_a195686788f5,0.0,0.0,0.03,0.0,1.0,-0.000111061827031,-0.000111061827031,0.0,0.0,0.0420459491723801,0.5484606853822697,0.0109692137076453,0.0,0.1,0.2,0.0,0.0,7,0,0.95795405082762,0.5484606853822697,decision_level_baseline_vs_candidate_path_memory_gap_audit,outer_loop_spatial_flow_belief_safe_explore_exploit_memory_v2_2
heavy_cluster,spatial_flow_belief_memory_h10,10,final_heldout,6,r10_l7_full_domain_randomisation_arena_wide_training,r10_l7_full_domain_randomisation_arena_wide_training,r10_heavy_cluster_spatial_flow_belief_memory_h10_final_0006,8,inflight_nominal,inflight_stable,lift_dwell_arc,primvar_lift_dwell_arc_transition_object_f5212e7a8993,baseline_and_memory_winner_match,True,primvar_lift_dwell_arc_transition_object_f5212e7a8993,primvar_lift_dwell_arc_transition_object_f5212e7a8993,0.0,0.0,0.03,0.0,1.0,-0.0001611659156683,-0.0001611659156683,0.0,0.0,0.0346545496284046,0.9653454503715954,0.0193069090074319,0.0,0.1,0.2,0.0,0.0,0,0,0.9653454503715954,0.9653454503715954,decision_level_baseline_vs_candidate_path_memory_gap_audit,outer_loop_spatial_flow_belief_safe_explore_exploit_memory_v2_2
heavy_cluster,spatial_flow_belief_memory_h10,10,final_heldout,6,r10_l7_full_domain_randomisation_arena_wide_training,r10_l7_full_domain_randomisation_arena_wide_training,r10_heavy_cluster_spatial_flow_belief_memory_h10_final_0006,9,inflight_nominal,inflight_stable,lift_dwell_arc,primvar_lift_dwell_arc_transition_object_f5212e7a8993,baseline_and_memory_winner_match,True,primvar_lift_dwell_arc_transition_object_f5212e7a8993,primvar_lift_dwell_arc_transition_object_f5212e7a8993,0.0,0.0,0.03,0.0,1.0,-0.0002043153771955,-0.0002043153771955,0.0,0.0,0.0376515132413536,0.9623484867586464,0.0192469697351729,0.0,0.1,0.2,0.0,0.0,0,0,0.9623484867586464,0.9623484867586464,decision_level_baseline_vs_candidate_path_memory_gap_audit,outer_loop_spatial_flow_belief_safe_explore_exploit_memory_v2_2
heavy_cluster,spatial_flow_belief_memory_h10,10,final_heldout,6,r10_l7_full_domain_randomisation_arena_wide_training,r10_l7_full_domain_randomisation_arena_wide_training,r10_heavy_cluster_spatial_flow_belief_memory_h10_final_0006,10,inflight_boundary_near,boundary_near,safe_exit_or_recovery_handoff,primvar_safe_exit_or_recovery_handoff_transition_object_ac25a091328a,baseline_and_memory_winner_match,True,primvar_safe_exit_or_recovery_handoff_transition_object_ac25a091328a,primvar_safe_exit_or_recovery_handoff_transition_object_ac25a091328a,0.0,0.0,0.03,0.0,1.0,-0.0002414773200212,-0.0002414773200212,0.0,0.0,0.0369337701053346,0.9630662298946654,0.0192613245978933,0.0,0.1,0.2,0.0,0.0,0,0,0.9630662298946654,0.9630662298946654,decision_level_baseline_vs_candidate_path_memory_gap_audit,outer_loop_spatial_flow_belief_safe_explore_exploit_memory_v2_2
heavy_cluster,spatial_flow_belief_memory_h10,10,final_heldout,6,r10_l7_full_domain_randomisation_arena_wide_training,r10_l7_full_domain_randomisation_arena_wide_training,r10_heavy_cluster_spatial_flow_belief_memory_h10_final_0006,11,inflight_boundary_near,boundary_near,safe_exit_or_recovery_handoff,primvar_safe_exit_or_recovery_handoff_transition_object_ac25a091328a,baseline_and_memory_winner_match,True,primvar_safe_exit_or_recovery_handoff_transition_object_ac25a091328a,primvar_safe_exit_or_recovery_handoff_transition_object_ac25a091328a,0.0,0.0,0.03,0.0,1.0,-0.0001903049825648,-0.0001903049825648,0.0,0.0,0.0332650260866416,0.9667349739133584,0.0193346994782671,0.0,0.1,0.2,0.0,0.0,0,0,0.9667349739133584,0.9667349739133584,decision_level_baseline_vs_candidate_path_memory_gap_audit,outer_loop_spatial_flow_belief_safe_explore_exploit_memory_v2_2
heavy_cluster,spatial_flow_belief_memory_h10,10,final_heldout,6,r10_l7_full_domain_randomisation_arena_wide_training,r10_l7_full_domain_randomisation_arena_wide_training,r10_heavy_cluster_spatial_flow_belief_memory_h10_final_0006,12,inflight_boundary_near,boundary_near,safe_exit_or_recovery_handoff,primvar_safe_exit_or_recovery_handoff_transition_object_ac25a091328a,baseline_and_memory_winner_match,True,primvar_safe_exit_or_recovery_handoff_transition_object_ac25a091328a,primvar_safe_exit_or_recovery_handoff_transition_object_ac25a091328a,0.0,0.0,0.03,0.0,1.0,-0.0002593303287588,-0.0002593303287588,0.0,0.0,0.040929179502917,0.959070820497083,0.0191814164099416,0.0,0.1,0.2,0.0,0.0,0,0,0.959070820497083,0.959070820497083,decision_level_baseline_vs_candidate_path_memory_gap_audit,outer_loop_spatial_flow_belief_safe_explore_exploit_memory_v2_2
heavy_cluster,spatial_flow_belief_memory_h10,10,final_heldout,6,r10_l7_full_domain_randomisation_arena_wide_training,r10_l7_full_domain_randomisation_arena_wide_training,r10_heavy_cluster_spatial_flow_belief_memory_h10_final_0006,13,inflight_boundary_near,boundary_near,energy_retaining_bank,primvar_energy_retaining_bank_transition_object_a0ebd6810f1f,baseline_and_memory_winner_match,True,primvar_energy_retaining_bank_transition_object_a0ebd6810f1f,primvar_energy_retaining_bank_transition_object_a0ebd6810f1f,0.0,0.0,0.03,0.0,1.0,-0.0002934757805861,-0.0002934757805861,0.0,0.0,0.0423832780491289,0.9576167219508712,0.0191523344390174,0.0,0.1,0.2,0.0,0.0,0,0,0.9576167219508712,0.9576167219508712,decision_level_baseline_vs_candidate_path_memory_gap_audit,outer_loop_spatial_flow_belief_safe_explore_exploit_memory_v2_2
heavy_cluster,spatial_flow_belief_memory_h10,10,final_heldout,6,r10_l7_full_domain_randomisation_arena_wide_training,r10_l7_full_domain_randomisation_arena_wide_training,r10_heavy_cluster_spatial_flow_belief_memory_h10_final_0006,14,inflight_boundary_near,boundary_near,energy_retaining_bank,primvar_energy_retaining_bank_transition_object_a0ebd6810f1f,baseline_and_memory_winner_match,True,primvar_energy_retaining_bank_transition_object_a0ebd6810f1f,primvar_energy_retaining_bank_transition_object_a0ebd6810f1f,0.0,0.0,0.03,0.0,1.0,-0.0003119406617213,-0.0003119406617213,0.0,0.0,0.0412694807403412,0.9587305192596588,0.0191746103851931,0.0,0.1,0.2,0.0,0.0,0,0,0.9587305192596588,0.9587305192596588,decision_level_baseline_vs_candidate_path_memory_gap_audit,outer_loop_spatial_flow_belief_safe_explore_exploit_memory_v2_2
heavy_cluster,spatial_flow_belief_memory_h10,10,final_heldout,6,r10_l7_full_domain_randomisation_arena_wide_training,r10_l7_full_domain_randomisation_arena_wide_training,r10_heavy_cluster_spatial_flow_belief_memory_h10_final_0006,15,inflight_boundary_near,boundary_near,energy_retaining_bank,primvar_energy_retaining_bank_transition_object_a0ebd6810f1f,rejected_exploration_uncertainty_too_low,False,primvar_energy_retaining_bank_transition_object_a0ebd6810f1f,primvar_safe_exit_or_recovery_handoff_transition_object_ac25a091328a,5.683697470071358e-05,2.447957552487168e-05,0.03,0.0,1.0,-0.0009760498009367,-0.0009760498009367,0.0,24479.575524871678,0.1156418850345966,0.480942963999566,0.0096188592799913,0.0,0.1,0.2,0.0,0.0,0,0,0.8813831750367288,0.4793250940407729,decision_level_baseline_vs_candidate_path_memory_gap_audit,outer_loop_spatial_flow_belief_safe_explore_exploit_memory_v2_2
heavy_cluster,spatial_flow_belief_memory_h10,10,final_heldout,3,r10_l7_full_domain_randomisation_arena_wide_training,r10_l7_full_domain_randomisation_arena_wide_training,r10_heavy_cluster_spatial_flow_belief_memory_h10_final_0003,0,launch_gate,launch_gate,mild_turn_right,primvar_mild_turn_right_transition_object_37acc62dccb1,baseline_and_memory_winner_match,True,primvar_mild_turn_right_transition_object_37acc62dccb1,primvar_mild_turn_right_transition_object_37acc62dccb1,0.0,0.0,0.03,0.0,1.0,1.864797571449195e-05,1.864797571449195e-05,0.0,0.0,0.025625610300746,0.6958708374401803,0.0139174167488036,0.0,0.1,0.2,0.0,0.0,7,0,0.974374389699254,0.6958708374401803,decision_level_baseline_vs_candidate_path_memory_gap_audit,outer_loop_spatial_flow_belief_safe_explore_exploit_memory_v2_2
heavy_cluster,spatial_flow_belief_memory_h10,10,final_heldout,3,r10_l7_full_domain_randomisation_arena_wide_training,r10_l7_full_domain_randomisation_arena_wide_training,r10_heavy_cluster_spatial_flow_belief_memory_h10_final_0003,1,inflight_boundary_near,boundary_near,recovery,primvar_recovery_transition_object_2a5c20ec4293,baseline_and_memory_winner_match,True,primvar_recovery_transition_object_2a5c20ec4293,primvar_recovery_transition_object_2a5c20ec4293,0.0,0.0,0.03,0.0,1.0,1.6481814173574527e-05,1.6481814173574527e-05,0.0,0.0,0.0417941651300366,0.7489899640539563,0.0149797992810791,0.0,0.1,0.2,0.0,0.0,7,0,0.9582058348699634,0.7489899640539563,decision_level_baseline_vs_candidate_path_memory_gap_audit,outer_loop_spatial_flow_belief_safe_explore_exploit_memory_v2_2
heavy_cluster,spatial_flow_belief_memory_h10,10,final_heldout,3,r10_l7_full_domain_randomisation_arena_wide_training,r10_l7_full_domain_randomisation_arena_wide_training,r10_heavy_cluster_spatial_flow_belief_memory_h10_final_0003,2,inflight_boundary_near,boundary_near,recovery,primvar_recovery_transition_object_2a5c20ec4293,baseline_and_memory_winner_match,True,primvar_recovery_transition_object_2a5c20ec4293,primvar_recovery_transition_object_2a5c20ec4293,0.0,0.0,0.03,0.0,1.0,1.4037584270987224e-05,1.4037584270987224e-05,0.0,0.0,0.0343480047601492,0.8460387794759128,0.0169207755895182,0.0,0.1,0.2,0.0,0.0,5,0,0.9656519952398508,0.8460387794759128,decision_level_baseline_vs_candidate_path_memory_gap_audit,outer_loop_spatial_flow_belief_safe_explore_exploit_memory_v2_2
heavy_cluster,spatial_flow_belief_memory_h10,10,final_heldout,3,r10_l7_full_domain_randomisation_arena_wide_training,r10_l7_full_domain_randomisation_arena_wide_training,r10_heavy_cluster_spatial_flow_belief_memory_h10_final_0003,3,inflight_boundary_near,boundary_near,lift_entry,primvar_lift_entry_transition_object_299a4397174a,baseline_and_memory_winner_match,True,primvar_lift_entry_transition_object_299a4397174a,primvar_lift_entry_transition_object_299a4397174a,0.0,0.0,0.03,0.0,1.0,2.454262914741712e-05,2.454262914741712e-05,0.0,0.0,0.0417493340100809,0.958250665989919,0.0191650133197983,0.0,0.1,0.2,0.0,0.0,0,0,0.958250665989919,0.958250665989919,decision_level_baseline_vs_candidate_path_memory_gap_audit,outer_loop_spatial_flow_belief_safe_explore_exploit_memory_v2_2
heavy_cluster,spatial_flow_belief_memory_h10,10,final_heldout,3,r10_l7_full_domain_randomisation_arena_wide_training,r10_l7_full_domain_randomisation_arena_wide_training,r10_heavy_cluster_spatial_flow_belief_memory_h10_final_0003,4,inflight_boundary_near,boundary_near,lift_entry,primvar_lift_entry_transition_object_299a4397174a,baseline_and_memory_winner_match,True,primvar_lift_entry_transition_object_299a4397174a,primvar_lift_entry_transition_object_299a4397174a,0.0,0.0,0.03,0.0,1.0,1.1134794830391924e-05,1.1134794830391924e-05,0.0,0.0,0.0276937530495961,0.972306246950404,0.019446124939008,0.0,0.1,0.2,0.0,0.0,0,0,0.972306246950404,0.972306246950404,decision_level_baseline_vs_candidate_path_memory_gap_audit,outer_loop_spatial_flow_belief_safe_explore_exploit_memory_v2_2
heavy_cluster,spatial_flow_belief_memory_h10,10,final_heldout,3,r10_l7_full_domain_randomisation_arena_wide_training,r10_l7_full_domain_randomisation_arena_wide_training,r10_heavy_cluster_spatial_flow_belief_memory_h10_final_0003,5,inflight_boundary_near,boundary_near,lift_entry,primvar_lift_entry_transition_object_299a4397174a,rejected_exploration_cross_family_without_memory_confidence,False,primvar_lift_entry_transition_object_299a4397174a,primvar_recovery_transition_object_2a5c20ec4293,4.587441537751147e-13,-5.10702591327572e-15,0.03,0.0,1.0,7.045670157301842e-06,7.045670157301842e-06,0.0,-5.10702591327572e-06,0.0293706401126974,0.9706293598873024,0.019412587197746,0.0,0.1,0.2,0.0,0.0,0,0,0.97062935986411,0.97062935986411,decision_level_baseline_vs_candidate_path_memory_gap_audit,outer_loop_spatial_flow_belief_safe_explore_exploit_memory_v2_2
heavy_cluster,spatial_flow_belief_memory_h10,10,final_heldout,3,r10_l7_full_domain_randomisation_arena_wide_training,r10_l7_full_domain_randomisation_arena_wide_training,r10_heavy_cluster_spatial_flow_belief_memory_h10_final_0003,6,inflight_boundary_near,boundary_near,lift_entry,primvar_lift_entry_transition_object_299a4397174a,baseline_and_memory_winner_match,True,primvar_lift_entry_transition_object_299a4397174a,primvar_lift_entry_transition_object_299a4397174a,0.0,0.0,0.03,0.0,1.0,7.55889516801389e-06,7.55889516801389e-06,0.0,0.0,0.0336393408775395,0.9663606591224604,0.0193272131824492,0.0,0.1,0.2,0.0,0.0,0,0,0.9663606591224604,0.9663606591224604,decision_level_baseline_vs_candidate_path_memory_gap_audit,outer_loop_spatial_flow_belief_safe_explore_exploit_memory_v2_2
heavy_cluster,spatial_flow_belief_memory_h10,10,final_heldout,3,r10_l7_full_domain_randomisation_arena_wide_training,r10_l7_full_domain_randomisation_arena_wide_training,r10_heavy_cluster_spatial_flow_belief_memory_h10_final_0003,7,inflight_boundary_near,boundary_near,lift_entry,primvar_lift_entry_transition_object_299a4397174a,baseline_and_memory_winner_match,True,primvar_lift_entry_transition_object_299a4397174a,primvar_lift_entry_transition_object_299a4397174a,0.0,0.0,0.03,0.0,1.0,1.6218538430479157e-05,1.6218538430479157e-05,0.0,0.0,0.0322753203229424,0.9677246796770576,0.0193544935935411,0.0,0.1,0.2,0.0,0.0,0,0,0.9677246796770576,0.9677246796770576,decision_level_baseline_vs_candidate_path_memory_gap_audit,outer_loop_spatial_flow_belief_safe_explore_exploit_memory_v2_2
heavy_cluster,spatial_flow_belief_memory_h10,10,final_heldout,7,r10_l7_full_domain_randomisation_arena_wide_training,r10_l7_full_domain_randomisation_arena_wide_training,r10_heavy_cluster_spatial_flow_belief_memory_h10_final_0007,0,launch_gate,launch_gate,safe_exit_or_recovery_handoff,primvar_safe_exit_or_recovery_handoff_transition_object_d17d451ad8d8,baseline_and_memory_winner_match,True,primvar_safe_exit_or_recovery_handoff_transition_object_d17d451ad8d8,primvar_safe_exit_or_recovery_handoff_transition_object_d17d451ad8d8,0.0,0.0,0.03,0.0,1.0,-5.676439734036976e-06,-5.676439734036976e-06,0.0,0.0,0.004104741531704,0.5171611612376559,0.0103432232247531,0.0,0.1,0.2,0.0,0.0,7,0,0.995895258468296,0.5171611612376559,decision_level_baseline_vs_candidate_path_memory_gap_audit,outer_loop_spatial_flow_belief_safe_explore_exploit_memory_v2_2
heavy_cluster,spatial_flow_belief_memory_h10,10,final_heldout,7,r10_l7_full_domain_randomisation_arena_wide_training,r10_l7_full_domain_randomisation_arena_wide_training,r10_heavy_cluster_spatial_flow_belief_memory_h10_final_0007,1,inflight_nominal,inflight_stable,lift_dwell_arc,primvar_lift_dwell_arc_transition_object_f5212e7a8993,baseline_and_memory_winner_match,True,primvar_lift_dwell_arc_transition_object_f5212e7a8993,primvar_lift_dwell_arc_transition_object_f5212e7a8993,0.0,0.0,0.03,0.0,1.0,-0.0002146941720944,-0.0002146941720944,0.0,0.0,0.0919371546669775,0.4992380643451368,0.0099847612869027,0.0,0.1,0.2,0.0,0.0,7,0,0.9080628453330224,0.4992380643451368,decision_level_baseline_vs_candidate_path_memory_gap_audit,outer_loop_spatial_flow_belief_safe_explore_exploit_memory_v2_2
heavy_cluster,spatial_flow_belief_memory_h10,10,final_heldout,7,r10_l7_full_domain_randomisation_arena_wide_training,r10_l7_full_domain_randomisation_arena_wide_training,r10_heavy_cluster_spatial_flow_belief_memory_h10_final_0007,2,inflight_nominal,inflight_stable,lift_dwell_arc,primvar_lift_dwell_arc_transition_object_f5212e7a8993,baseline_and_memory_winner_match,True,primvar_lift_dwell_arc_transition_object_f5212e7a8993,primvar_lift_dwell_arc_transition_object_f5212e7a8993,0.0,0.0,0.03,0.0,1.0,-0.0002307723209962,-0.0002307723209962,0.0,0.0,0.057451491019288,0.5395922987545649,0.0107918459750912,0.0,0.1,0.2,0.0,0.0,7,0,0.942548508980712,0.5395922987545649,decision_level_baseline_vs_candidate_path_memory_gap_audit,outer_loop_spatial_flow_belief_safe_explore_exploit_memory_v2_2
heavy_cluster,spatial_flow_belief_memory_h10,10,final_heldout,7,r10_l7_full_domain_randomisation_arena_wide_training,r10_l7_full_domain_randomisation_arena_wide_training,r10_heavy_cluster_spatial_flow_belief_memory_h10_final_0007,3,inflight_nominal,inflight_stable,lift_dwell_arc,primvar_lift_dwell_arc_transition_object_f5212e7a8993,baseline_and_memory_winner_match,True,primvar_lift_dwell_arc_transition_object_f5212e7a8993,primvar_lift_dwell_arc_transition_object_f5212e7a8993,0.0,0.0,0.03,0.0,1.0,-0.0003619423472864,-0.0003619423472864,0.0,0.0,0.0727713233094555,0.5557507741701557,0.0111150154834031,0.0,0.1,0.2,0.0,0.0,7,0,0.9272286766905444,0.5557507741701557,decision_level_baseline_vs_candidate_path_memory_gap_audit,outer_loop_spatial_flow_belief_safe_explore_exploit_memory_v2_2
heavy_cluster,spatial_flow_belief_memory_h10,10,final_heldout,7,r10_l7_full_domain_randomisation_arena_wide_training,r10_l7_full_domain_randomisation_arena_wide_training,r10_heavy_cluster_spatial_flow_belief_memory_h10_final_0007,4,inflight_nominal,inflight_stable,lift_dwell_arc,primvar_lift_dwell_arc_transition_object_f5212e7a8993,baseline_and_memory_winner_match,True,primvar_lift_dwell_arc_transition_object_f5212e7a8993,primvar_lift_dwell_arc_transition_object_f5212e7a8993,0.0,0.0,0.03,0.0,1.0,-0.0002868706065595,-0.0002868706065595,0.0,0.0,0.0769278459324925,0.5822131920945215,0.0116442638418904,0.0,0.1,0.2,0.0,0.0,7,0,0.9230721540675076,0.5822131920945215,decision_level_baseline_vs_candidate_path_memory_gap_audit,outer_loop_spatial_flow_belief_safe_explore_exploit_memory_v2_2
heavy_cluster,spatial_flow_belief_memory_h10,10,final_heldout,7,r10_l7_full_domain_randomisation_arena_wide_training,r10_l7_full_domain_randomisation_arena_wide_training,r10_heavy_cluster_spatial_flow_belief_memory_h10_final_0007,5,inflight_nominal,inflight_stable,lift_dwell_arc,primvar_lift_dwell_arc_transition_object_f5212e7a8993,baseline_and_memory_winner_match,True,primvar_lift_dwell_arc_transition_object_f5212e7a8993,primvar_lift_dwell_arc_transition_object_f5212e7a8993,0.0,0.0,0.03,0.0,1.0,-0.0003512534639726,-0.0003512534639726,0.0,0.0,0.0658898829455416,0.6237078115230915,0.0124741562304618,0.0,0.1,0.2,0.0,0.0,7,0,0.9341101170544585,0.6237078115230915,decision_level_baseline_vs_candidate_path_memory_gap_audit,outer_loop_spatial_flow_belief_safe_explore_exploit_memory_v2_2
heavy_cluster,spatial_flow_belief_memory_h10,10,final_heldout,7,r10_l7_full_domain_randomisation_arena_wide_training,r10_l7_full_domain_randomisation_arena_wide_training,r10_heavy_cluster_spatial_flow_belief_memory_h10_final_0007,6,inflight_nominal,inflight_stable,lift_dwell_arc,primvar_lift_dwell_arc_transition_object_f5212e7a8993,baseline_and_memory_winner_match,True,primvar_lift_dwell_arc_transition_object_f5212e7a8993,primvar_lift_dwell_arc_transition_object_f5212e7a8993,0.0,0.0,0.03,0.0,1.0,-0.0003333570324739,-0.0003333570324739,0.0,0.0,0.0367474549723813,0.686018499014775,0.0137203699802954,0.0,0.1,0.2,0.0,0.0,7,0,0.9632525450276186,0.686018499014775,decision_level_baseline_vs_candidate_path_memory_gap_audit,outer_loop_spatial_flow_belief_safe_explore_exploit_memory_v2_2
heavy_cluster,spatial_flow_belief_memory_h10,10,final_heldout,7,r10_l7_full_domain_randomisation_arena_wide_training,r10_l7_full_domain_randomisation_arena_wide_training,r10_heavy_cluster_spatial_flow_belief_memory_h10_final_0007,7,inflight_nominal,inflight_stable,lift_dwell_arc,primvar_lift_dwell_arc_transition_object_f5212e7a8993,baseline_and_memory_winner_match,True,primvar_lift_dwell_arc_transition_object_f5212e7a8993,primvar_lift_dwell_arc_transition_object_f5212e7a8993,0.0,0.0,0.03,0.0,1.0,-0.0003851524537854,-0.0003851524537854,0.0,0.0,0.0360735570917515,0.7393480219154004,0.014786960438308,0.0,0.1,0.2,0.0,0.0,7,0,0.9639264429082484,0.7393480219154004,decision_level_baseline_vs_candidate_path_memory_gap_audit,outer_loop_spatial_flow_belief_safe_explore_exploit_memory_v2_2
heavy_cluster,spatial_flow_belief_memory_h10,10,final_heldout,7,r10_l7_full_domain_randomisation_arena_wide_training,r10_l7_full_domain_randomisation_arena_wide_training,r10_heavy_cluster_spatial_flow_belief_memory_h10_final_0007,8,inflight_nominal,inflight_stable,recovery,primvar_recovery_transition_object_4268876749b8,baseline_and_memory_winner_match,True,primvar_recovery_transition_object_4268876749b8,primvar_recovery_transition_object_4268876749b8,0.0,0.0,0.03,0.0,1.0,-0.0004046898921639,-0.0004046898921639,0.0,0.0,0.0357198764178022,0.8113046235026943,0.0162260924700538,0.0,0.1,0.2,0.0,0.0,3,0,0.9642801235821978,0.8113046235026943,decision_level_baseline_vs_candidate_path_memory_gap_audit,outer_loop_spatial_flow_belief_safe_explore_exploit_memory_v2_2
heavy_cluster,spatial_flow_belief_memory_h10,10,final_heldout,7,r10_l7_full_domain_randomisation_arena_wide_training,r10_l7_full_domain_randomisation_arena_wide_training,r10_heavy_cluster_spatial_flow_belief_memory_h10_final_0007,9,inflight_recovery_edge,recoverable_degraded,safe_exit_or_recovery_handoff,primvar_safe_exit_or_recovery_handoff_transition_object_a195686788f5,baseline_and_memory_winner_match,True,primvar_safe_exit_or_recovery_handoff_transition_object_a195686788f5,primvar_safe_exit_or_recovery_handoff_transition_object_a195686788f5,0.0,0.0,0.03,0.0,1.0,-0.0004694099572249,-0.0004694099572249,0.0,0.0,0.039524689659764,0.5715874814406156,0.0114317496288123,0.0,0.1,0.2,0.0,0.0,7,0,0.960475310340236,0.5715874814406156,decision_level_baseline_vs_candidate_path_memory_gap_audit,outer_loop_spatial_flow_belief_safe_explore_exploit_memory_v2_2
heavy_cluster,spatial_flow_belief_memory_h10,10,final_heldout,4,r10_l7_full_domain_randomisation_arena_wide_training,r10_l7_full_domain_randomisation_arena_wide_training,r10_heavy_cluster_spatial_flow_belief_memory_h10_final_0004,0,launch_gate,launch_gate,lift_dwell_arc,primvar_lift_dwell_arc_transition_object_acd234c56224,baseline_and_memory_winner_match,True,primvar_lift_dwell_arc_transition_object_acd234c56224,primvar_lift_dwell_arc_transition_object_acd234c56224,0.0,0.0,0.03,0.0,1.0,0.0002901090295243,0.0002901090295243,0.0,0.0,0.02944297224641,0.620499322942562,0.0124099864588512,0.0,0.1,0.2,0.0,0.0,7,0,0.97055702775359,0.620499322942562,decision_level_baseline_vs_candidate_path_memory_gap_audit,outer_loop_spatial_flow_belief_safe_explore_exploit_memory_v2_2
heavy_cluster,spatial_flow_belief_memory_h10,10,final_heldout,4,r10_l7_full_domain_randomisation_arena_wide_training,r10_l7_full_domain_randomisation_arena_wide_training,r10_heavy_cluster_spatial_flow_belief_memory_h10_final_0004,1,inflight_nominal,inflight_stable,lift_entry,primvar_lift_entry_transition_object_a65393bbc7f9,baseline_and_memory_winner_match,True,primvar_lift_entry_transition_object_a65393bbc7f9,primvar_lift_entry_transition_object_a65393bbc7f9,0.0,0.0,0.03,0.0,1.0,0.0007607657354806,0.0007607657354806,0.0,0.0,0.0802225711642368,0.5422115126533376,0.0108442302530667,0.0,0.1,0.2,0.0,0.0,7,0,0.9197774288357632,0.5422115126533376,decision_level_baseline_vs_candidate_path_memory_gap_audit,outer_loop_spatial_flow_belief_safe_explore_exploit_memory_v2_2
heavy_cluster,spatial_flow_belief_memory_h10,10,final_heldout,4,r10_l7_full_domain_randomisation_arena_wide_training,r10_l7_full_domain_randomisation_arena_wide_training,r10_heavy_cluster_spatial_flow_belief_memory_h10_final_0004,2,inflight_recovery_edge,recoverable_degraded,safe_exit_or_recovery_handoff,primvar_safe_exit_or_recovery_handoff_transition_object_a195686788f5,baseline_and_memory_winner_match,True,primvar_safe_exit_or_recovery_handoff_transition_object_a195686788f5,primvar_safe_exit_or_recovery_handoff_transition_object_a195686788f5,0.0,0.0,0.03,0.0,1.0,0.0002819203638807,0.0002819203638807,0.0,0.0,0.0249501923731808,0.4088966703398331,0.0081779334067966,0.0,0.1,0.2,0.0,0.0,7,0,0.9750498076268193,0.4088966703398331,decision_level_baseline_vs_candidate_path_memory_gap_audit,outer_loop_spatial_flow_belief_safe_explore_exploit_memory_v2_2
heavy_cluster,spatial_flow_belief_memory_h10,10,final_heldout,4,r10_l7_full_domain_randomisation_arena_wide_training,r10_l7_full_domain_randomisation_arena_wide_training,r10_heavy_cluster_spatial_flow_belief_memory_h10_final_0004,3,inflight_recovery_edge,recoverable_degraded,safe_exit_or_recovery_handoff,primvar_safe_exit_or_recovery_handoff_transition_object_a195686788f5,baseline_and_memory_winner_match,True,primvar_safe_exit_or_recovery_handoff_transition_object_a195686788f5,primvar_safe_exit_or_recovery_handoff_transition_object_a195686788f5,0.0,0.0,0.03,0.0,1.0,0.0001389682479037,0.0001389682479037,0.0,0.0,0.0453159398469005,0.4193105168515219,0.0083862103370304,0.0,0.1,0.2,0.0,0.0,7,0,0.9546840601530996,0.4193105168515219,decision_level_baseline_vs_candidate_path_memory_gap_audit,outer_loop_spatial_flow_belief_safe_explore_exploit_memory_v2_2
heavy_cluster,spatial_flow_belief_memory_h10,10,final_heldout,4,r10_l7_full_domain_randomisation_arena_wide_training,r10_l7_full_domain_randomisation_arena_wide_training,r10_heavy_cluster_spatial_flow_belief_memory_h10_final_0004,4,inflight_boundary_near,boundary_near,lift_dwell_arc,primvar_lift_dwell_arc_transition_object_2a54829d66c4,baseline_and_memory_winner_match,True,primvar_lift_dwell_arc_transition_object_2a54829d66c4,primvar_lift_dwell_arc_transition_object_2a54829d66c4,0.0,0.0,0.03,0.0,1.0,-0.0002582985384502,-0.0002582985384502,0.0,0.0,0.0328981546025382,0.715480353504682,0.0143096070700936,0.0,0.1,0.2,0.0,0.0,7,0,0.9671018453974618,0.715480353504682,decision_level_baseline_vs_candidate_path_memory_gap_audit,outer_loop_spatial_flow_belief_safe_explore_exploit_memory_v2_2
heavy_cluster,spatial_flow_belief_memory_h10,10,final_heldout,4,r10_l7_full_domain_randomisation_arena_wide_training,r10_l7_full_domain_randomisation_arena_wide_training,r10_heavy_cluster_spatial_flow_belief_memory_h10_final_0004,5,inflight_boundary_near,boundary_near,lift_dwell_arc,primvar_lift_dwell_arc_transition_object_2a54829d66c4,baseline_and_memory_winner_match,True,primvar_lift_dwell_arc_transition_object_2a54829d66c4,primvar_lift_dwell_arc_transition_object_2a54829d66c4,0.0,0.0,0.03,0.0,1.0,-0.0003775233324505,-0.0003775233324505,0.0,0.0,0.0312275364782469,0.7838352063123887,0.0156767041262477,0.0,0.1,0.2,0.0,0.0,6,0,0.9687724635217532,0.7838352063123887,decision_level_baseline_vs_candidate_path_memory_gap_audit,outer_loop_spatial_flow_belief_safe_explore_exploit_memory_v2_2
heavy_cluster,spatial_flow_belief_memory_h10,10,final_heldout,4,r10_l7_full_domain_randomisation_arena_wide_training,r10_l7_full_domain_randomisation_arena_wide_training,r10_heavy_cluster_spatial_flow_belief_memory_h10_final_0004,6,inflight_boundary_near,boundary_near,mild_turn_right,primvar_mild_turn_right_transition_object_01b5cdd5409c,baseline_and_memory_winner_match,True,primvar_mild_turn_right_transition_object_01b5cdd5409c,primvar_mild_turn_right_transition_object_01b5cdd5409c,0.0,0.0,0.03,0.0,1.0,-0.0004652017079509,-0.0004652017079509,0.0,0.0,0.0376481483337673,0.9623518516662328,0.0192470370333246,0.0,0.1,0.2,0.0,0.0,0,0,0.9623518516662328,0.9623518516662328,decision_level_baseline_vs_candidate_path_memory_gap_audit,outer_loop_spatial_flow_belief_safe_explore_exploit_memory_v2_2
heavy_cluster,spatial_flow_belief_memory_h10,10,final_heldout,4,r10_l7_full_domain_randomisation_arena_wide_training,r10_l7_full_domain_randomisation_arena_wide_training,r10_heavy_cluster_spatial_flow_belief_memory_h10_final_0004,7,inflight_boundary_near,boundary_near,lift_dwell_arc,primvar_lift_dwell_arc_transition_object_2a54829d66c4,baseline_and_memory_winner_match,True,primvar_lift_dwell_arc_transition_object_2a54829d66c4,primvar_lift_dwell_arc_transition_object_2a54829d66c4,0.0,0.0,0.03,0.0,1.0,-0.0004153123683452,-0.0004153123683452,0.0,0.0,0.0413927274470705,0.9586072725529294,0.0191721454510585,0.0,0.1,0.2,0.0,0.0,0,0,0.9586072725529294,0.9586072725529294,decision_level_baseline_vs_candidate_path_memory_gap_audit,outer_loop_spatial_flow_belief_safe_explore_exploit_memory_v2_2
heavy_cluster,spatial_flow_belief_memory_h10,10,final_heldout,4,r10_l7_full_domain_randomisation_arena_wide_training,r10_l7_full_domain_randomisation_arena_wide_training,r10_heavy_cluster_spatial_flow_belief_memory_h10_final_0004,8,inflight_boundary_near,boundary_near,mild_turn_right,primvar_mild_turn_right_transition_object_01b5cdd5409c,baseline_and_memory_winner_match,True,primvar_mild_turn_right_transition_object_01b5cdd5409c,primvar_mild_turn_right_transition_object_01b5cdd5409c,0.0,0.0,0.03,0.0,1.0,-0.0002653728857211,-0.0002653728857211,0.0,0.0,0.0334527447950575,0.9665472552049424,0.0193309451040988,0.0,0.1,0.2,0.0,0.0,0,0,0.9665472552049424,0.9665472552049424,decision_level_baseline_vs_candidate_path_memory_gap_audit,outer_loop_spatial_flow_belief_safe_explore_exploit_memory_v2_2
heavy_cluster,spatial_flow_belief_memory_h10,10,final_heldout,4,r10_l7_full_domain_randomisation_arena_wide_training,r10_l7_full_domain_randomisation_arena_wide_training,r10_heavy_cluster_spatial_flow_belief_memory_h10_final_0004,9,inflight_boundary_near,boundary_near,mild_turn_left,primvar_mild_turn_left_transition_object_fee0dc32131a,baseline_and_memory_winner_match,True,primvar_mild_turn_left_transition_object_fee0dc32131a,primvar_mild_turn_left_transition_object_fee0dc32131a,0.0,0.0,0.03,0.0,1.0,-0.0002922619313654,-0.0002922619313654,0.0,0.0,0.0423040102664857,0.9576959897335142,0.0191539197946702,0.0,0.1,0.2,0.0,0.0,0,0,0.9576959897335142,0.9576959897335142,decision_level_baseline_vs_candidate_path_memory_gap_audit,outer_loop_spatial_flow_belief_safe_explore_exploit_memory_v2_2
heavy_cluster,spatial_flow_belief_memory_h10,10,final_heldout,4,r10_l7_full_domain_randomisation_arena_wide_training,r10_l7_full_domain_randomisation_arena_wide_training,r10_heavy_cluster_spatial_flow_belief_memory_h10_final_0004,10,inflight_boundary_near,boundary_near,mild_turn_right,primvar_mild_turn_right_transition_object_01b5cdd5409c,baseline_and_memory_winner_match,True,primvar_mild_turn_right_transition_object_01b5cdd5409c,primvar_mild_turn_right_transition_object_01b5cdd5409c,0.0,0.0,0.03,0.0,1.0,-0.0001856883353816,-0.0001856883353816,0.0,0.0,0.0291489570061265,0.9708510429938736,0.0194170208598774,0.0,0.1,0.2,0.0,0.0,0,0,0.9708510429938736,0.9708510429938736,decision_level_baseline_vs_candidate_path_memory_gap_audit,outer_loop_spatial_flow_belief_safe_explore_exploit_memory_v2_2
heavy_cluster,spatial_flow_belief_memory_h10,10,final_heldout,4,r10_l7_full_domain_randomisation_arena_wide_training,r10_l7_full_domain_randomisation_arena_wide_training,r10_heavy_cluster_spatial_flow_belief_memory_h10_final_0004,11,inflight_boundary_near,boundary_near,mild_turn_left,primvar_mild_turn_left_transition_object_fee0dc32131a,baseline_and_memory_winner_match,True,primvar_mild_turn_left_transition_object_fee0dc32131a,primvar_mild_turn_left_transition_object_fee0dc32131a,0.0,0.0,0.03,0.0,1.0,-0.0002938409071457,-0.0002938409071457,0.0,0.0,0.0484585339011972,0.5397436963062582,0.0107948739261251,0.0,0.1,0.2,0.0,0.0,0,0,0.9515414660988027,0.5397436963062582,decision_level_baseline_vs_candidate_path_memory_gap_audit,outer_loop_spatial_flow_belief_safe_explore_exploit_memory_v2_2
heavy_cluster,spatial_flow_belief_memory_h10,10,final_heldout,8,r10_l7_full_domain_randomisation_arena_wide_training,r10_l7_full_domain_randomisation_arena_wide_training,r10_heavy_cluster_spatial_flow_belief_memory_h10_final_0008,0,launch_gate,launch_gate,safe_exit_or_recovery_handoff,primvar_safe_exit_or_recovery_handoff_transition_object_d17d451ad8d8,baseline_and_memory_winner_match,True,primvar_safe_exit_or_recovery_handoff_transition_object_d17d451ad8d8,primvar_safe_exit_or_recovery_handoff_transition_object_d17d451ad8d8,0.0,0.0,0.03,0.0,1.0,2.053355140307911e-05,2.053355140307911e-05,0.0,0.0,0.0013934485467163,0.5294410036817077,0.0105888200736341,0.0,0.1,0.2,0.0002506667848203,0.0615875924996353,7,3,0.9986065514532836,0.5294410036817077,decision_level_baseline_vs_candidate_path_memory_gap_audit,outer_loop_spatial_flow_belief_safe_explore_exploit_memory_v2_2
heavy_cluster,spatial_flow_belief_memory_h10,10,final_heldout,8,r10_l7_full_domain_randomisation_arena_wide_training,r10_l7_full_domain_randomisation_arena_wide_training,r10_heavy_cluster_spatial_flow_belief_memory_h10_final_0008,1,inflight_nominal,inflight_stable,recovery,primvar_recovery_transition_object_4268876749b8,baseline_and_memory_winner_match,True,primvar_recovery_transition_object_4268876749b8,primvar_recovery_transition_object_4268876749b8,0.0,0.0,0.03,0.0,1.0,1.5379463440989838e-05,1.5379463440989838e-05,0.0,0.0,0.0537016534905319,0.521528315230718,0.0104305663046143,0.0,0.1,0.2,0.0,0.0,7,0,0.946298346509468,0.521528315230718,decision_level_baseline_vs_candidate_path_memory_gap_audit,outer_loop_spatial_flow_belief_safe_explore_exploit_memory_v2_2
heavy_cluster,spatial_flow_belief_memory_h10,10,final_heldout,8,r10_l7_full_domain_randomisation_arena_wide_training,r10_l7_full_domain_randomisation_arena_wide_training,r10_heavy_cluster_spatial_flow_belief_memory_h10_final_0008,2,inflight_recovery_edge,recoverable_degraded,safe_exit_or_recovery_handoff,primvar_safe_exit_or_recovery_handoff_transition_object_a195686788f5,baseline_and_memory_winner_match,True,primvar_safe_exit_or_recovery_handoff_transition_object_a195686788f5,primvar_safe_exit_or_recovery_handoff_transition_object_a195686788f5,0.0,0.0,0.03,0.0,1.0,-0.0001498339688576,-0.0001498339688576,0.0,0.0,0.0509661896142364,0.3931456256525887,0.0078629125130517,0.0,0.1,0.2,4.046923759298687e-08,0.0001094152081599,7,7,0.9490338103857636,0.3931456256525887,decision_level_baseline_vs_candidate_path_memory_gap_audit,outer_loop_spatial_flow_belief_safe_explore_exploit_memory_v2_2
heavy_cluster,spatial_flow_belief_memory_h10,10,final_heldout,8,r10_l7_full_domain_randomisation_arena_wide_training,r10_l7_full_domain_randomisation_arena_wide_training,r10_heavy_cluster_spatial_flow_belief_memory_h10_final_0008,3,inflight_recovery_edge,recoverable_degraded,safe_exit_or_recovery_handoff,primvar_safe_exit_or_recovery_handoff_transition_object_a195686788f5,baseline_and_memory_winner_match,True,primvar_safe_exit_or_recovery_handoff_transition_object_a195686788f5,primvar_safe_exit_or_recovery_handoff_transition_object_a195686788f5,0.0,0.0,0.03,0.0,1.0,-0.000231878648752,-0.000231878648752,0.0,0.0,0.049011069423009,0.4103384872061344,0.0082067697441226,0.0,0.1,0.2,9.426107987362194e-08,0.0001628886153435,7,3,0.950988930576991,0.4103384872061344,decision_level_baseline_vs_candidate_path_memory_gap_audit,outer_loop_spatial_flow_belief_safe_explore_exploit_memory_v2_2
heavy_cluster,spatial_flow_belief_memory_h10,10,final_heldout,8,r10_l7_full_domain_randomisation_arena_wide_training,r10_l7_full_domain_randomisation_arena_wide_training,r10_heavy_cluster_spatial_flow_belief_memory_h10_final_0008,4,inflight_recovery_edge,recoverable_degraded,safe_exit_or_recovery_handoff,primvar_safe_exit_or_recovery_handoff_transition_object_a195686788f5,baseline_and_memory_winner_match,True,primvar_safe_exit_or_recovery_handoff_transition_object_a195686788f5,primvar_safe_exit_or_recovery_handoff_transition_object_a195686788f5,0.0,0.0,0.03,0.0,1.0,-0.0002698124544391,-0.0002698124544391,0.0,0.0,0.0518356653539114,0.4284707206635785,0.0085694144132715,0.0,0.1,0.2,4.233070584158919e-07,0.0004594844173818,7,1,0.9481643346460886,0.4284707206635785,decision_level_baseline_vs_candidate_path_memory_gap_audit,outer_loop_spatial_flow_belief_safe_explore_exploit_memory_v2_2
heavy_cluster,spatial_flow_belief_memory_h10,10,final_heldout,8,r10_l7_full_domain_randomisation_arena_wide_training,r10_l7_full_domain_randomisation_arena_wide_training,r10_heavy_cluster_spatial_flow_belief_memory_h10_final_0008,5,inflight_recovery_edge,recoverable_degraded,safe_exit_or_recovery_handoff,primvar_safe_exit_or_recovery_handoff_transition_object_a195686788f5,baseline_and_memory_winner_match,True,primvar_safe_exit_or_recovery_handoff_transition_object_a195686788f5,primvar_safe_exit_or_recovery_handoff_transition_object_a195686788f5,0.0,0.0,0.03,0.0,1.0,-0.0003388562951711,-0.0003388562951711,0.0,0.0,0.0571521814491639,0.4486868428227054,0.0089737368564541,0.0,0.1,0.2,1.532535734955649e-12,4.1721059033087286e-10,7,5,0.942847818550836,0.4486868428227054,decision_level_baseline_vs_candidate_path_memory_gap_audit,outer_loop_spatial_flow_belief_safe_explore_exploit_memory_v2_2
heavy_cluster,spatial_flow_belief_memory_h10,10,final_heldout,8,r10_l7_full_domain_randomisation_arena_wide_training,r10_l7_full_domain_randomisation_arena_wide_training,r10_heavy_cluster_spatial_flow_belief_memory_h10_final_0008,6,inflight_nominal,inflight_stable,recovery,primvar_recovery_transition_object_4268876749b8,baseline_and_memory_winner_match,True,primvar_recovery_transition_object_4268876749b8,primvar_recovery_transition_object_4268876749b8,0.0,0.0,0.03,0.0,1.0,-0.0002966113454401,-0.0002966113454401,0.0,0.0,0.0404607352952049,0.7295650436378632,0.0145913008727572,0.0,0.1,0.2,7.814934040159273e-13,9.024925686307383e-10,7,6,0.9595392647047952,0.7295650436378632,decision_level_baseline_vs_candidate_path_memory_gap_audit,outer_loop_spatial_flow_belief_safe_explore_exploit_memory_v2_2
heavy_cluster,spatial_flow_belief_memory_h10,10,final_heldout,8,r10_l7_full_domain_randomisation_arena_wide_training,r10_l7_full_domain_randomisation_arena_wide_training,r10_heavy_cluster_spatial_flow_belief_memory_h10_final_0008,7,inflight_recovery_edge,recoverable_degraded,safe_exit_or_recovery_handoff,primvar_safe_exit_or_recovery_handoff_transition_object_a195686788f5,baseline_and_memory_winner_match,True,primvar_safe_exit_or_recovery_handoff_transition_object_a195686788f5,primvar_safe_exit_or_recovery_handoff_transition_object_a195686788f5,0.0,0.0,0.03,0.0,1.0,-0.0003931697704139,-0.0003931697704139,0.0,0.0,0.0468750587632581,0.5176352139111994,0.0103527042782239,0.0,0.1,0.2,0.0,0.0,7,0,0.953124941236742,0.5176352139111994,decision_level_baseline_vs_candidate_path_memory_gap_audit,outer_loop_spatial_flow_belief_safe_explore_exploit_memory_v2_2
heavy_cluster,spatial_flow_belief_memory_h10,10,final_heldout,8,r10_l7_full_domain_randomisation_arena_wide_training,r10_l7_full_domain_randomisation_arena_wide_training,r10_heavy_cluster_spatial_flow_belief_memory_h10_final_0008,8,inflight_nominal,inflight_stable,recovery,primvar_recovery_transition_object_4268876749b8,baseline_and_memory_winner_match,True,primvar_recovery_transition_object_4268876749b8,primvar_recovery_transition_object_4268876749b8,0.0,0.0,0.03,0.0,1.0,-0.0004392246162643,-0.0004392246162643,0.0,0.0,0.0482419359179232,0.8971308656873321,0.0179426173137466,0.0,0.1,0.2,0.0,0.0,0,0,0.9517580640820767,0.8971308656873321,decision_level_baseline_vs_candidate_path_memory_gap_audit,outer_loop_spatial_flow_belief_safe_explore_exploit_memory_v2_2
heavy_cluster,spatial_flow_belief_memory_h10,10,final_heldout,8,r10_l7_full_domain_randomisation_arena_wide_training,r10_l7_full_domain_randomisation_arena_wide_training,r10_heavy_cluster_spatial_flow_belief_memory_h10_final_0008,9,inflight_boundary_near,boundary_near,safe_exit_or_recovery_handoff,primvar_safe_exit_or_recovery_handoff_transition_object_ac25a091328a,baseline_and_memory_winner_match,True,primvar_safe_exit_or_recovery_handoff_transition_object_ac25a091328a,primvar_safe_exit_or_recovery_handoff_transition_object_ac25a091328a,0.0,0.0,0.03,0.0,1.0,-0.000253842300443,-0.000253842300443,0.0,0.0,0.0339766415445372,0.9660233584554628,0.0193204671691092,0.0,0.1,0.2,0.0,0.0,0,0,0.9660233584554628,0.9660233584554628,decision_level_baseline_vs_candidate_path_memory_gap_audit,outer_loop_spatial_flow_belief_safe_explore_exploit_memory_v2_2
heavy_cluster,spatial_flow_belief_memory_h10,10,final_heldout,8,r10_l7_full_domain_randomisation_arena_wide_training,r10_l7_full_domain_randomisation_arena_wide_training,r10_heavy_cluster_spatial_flow_belief_memory_h10_final_0008,10,inflight_boundary_near,boundary_near,energy_retaining_bank,primvar_energy_retaining_bank_transition_object_a0ebd6810f1f,baseline_and_memory_winner_match,True,primvar_energy_retaining_bank_transition_object_a0ebd6810f1f,primvar_energy_retaining_bank_transition_object_a0ebd6810f1f,0.0,0.0,0.03,0.0,1.0,-0.0001909163653062,-0.0001909163653062,0.0,0.0,0.0316426355925342,0.9683573644074658,0.0193671472881493,0.0,0.1,0.2,0.0,0.0,0,0,0.9683573644074658,0.9683573644074658,decision_level_baseline_vs_candidate_path_memory_gap_audit,outer_loop_spatial_flow_belief_safe_explore_exploit_memory_v2_2
heavy_cluster,spatial_flow_belief_memory_h10,10,final_heldout,8,r10_l7_full_domain_randomisation_arena_wide_training,r10_l7_full_domain_randomisation_arena_wide_training,r10_heavy_cluster_spatial_flow_belief_memory_h10_final_0008,11,inflight_boundary_near,boundary_near,lift_dwell_arc,primvar_lift_dwell_arc_transition_object_2a54829d66c4,baseline_and_memory_winner_match,True,primvar_lift_dwell_arc_transition_object_2a54829d66c4,primvar_lift_dwell_arc_transition_object_2a54829d66c4,0.0,0.0,0.03,0.0,1.0,-0.0002152831989292,-0.0002152831989292,0.0,0.0,0.0294271881585101,0.97057281184149,0.0194114562368298,0.0,0.1,0.2,0.0,0.0,0,0,0.97057281184149,0.97057281184149,decision_level_baseline_vs_candidate_path_memory_gap_audit,outer_loop_spatial_flow_belief_safe_explore_exploit_memory_v2_2
heavy_cluster,spatial_flow_belief_memory_h10,10,final_heldout,9,r10_l7_full_domain_randomisation_arena_wide_training,r10_l7_full_domain_randomisation_arena_wide_training,r10_heavy_cluster_spatial_flow_belief_memory_h10_final_0009,0,launch_gate,launch_gate,energy_retaining_bank,primvar_energy_retaining_bank_transition_object_6ec7c5c41896,baseline_and_memory_winner_match,True,primvar_energy_retaining_bank_transition_object_6ec7c5c41896,primvar_energy_retaining_bank_transition_object_6ec7c5c41896,0.0,0.0,0.03,0.0,1.0,4.4885675486772136e-05,4.4885675486772136e-05,0.0,0.0,0.0101078621026023,0.6608318215318928,0.0132166364306378,0.0,0.1,0.2,0.0,0.0,7,0,0.9898921378973976,0.6608318215318928,decision_level_baseline_vs_candidate_path_memory_gap_audit,outer_loop_spatial_flow_belief_safe_explore_exploit_memory_v2_2
heavy_cluster,spatial_flow_belief_memory_h10,10,final_heldout,9,r10_l7_full_domain_randomisation_arena_wide_training,r10_l7_full_domain_randomisation_arena_wide_training,r10_heavy_cluster_spatial_flow_belief_memory_h10_final_0009,1,inflight_boundary_near,boundary_near,mild_turn_right,primvar_mild_turn_right_transition_object_01b5cdd5409c,baseline_and_memory_winner_match,True,primvar_mild_turn_right_transition_object_01b5cdd5409c,primvar_mild_turn_right_transition_object_01b5cdd5409c,0.0,0.0,0.03,0.0,1.0,0.0001216932588911,0.0001216932588911,0.0,0.0,0.035843679880375,0.693204607815672,0.0138640921563134,0.0,0.1,0.2,0.0,0.0,7,0,0.9641563201196248,0.693204607815672,decision_level_baseline_vs_candidate_path_memory_gap_audit,outer_loop_spatial_flow_belief_safe_explore_exploit_memory_v2_2
heavy_cluster,spatial_flow_belief_memory_h10,10,final_heldout,9,r10_l7_full_domain_randomisation_arena_wide_training,r10_l7_full_domain_randomisation_arena_wide_training,r10_heavy_cluster_spatial_flow_belief_memory_h10_final_0009,2,inflight_boundary_near,boundary_near,mild_turn_right,primvar_mild_turn_right_transition_object_01b5cdd5409c,baseline_and_memory_winner_match,True,primvar_mild_turn_right_transition_object_01b5cdd5409c,primvar_mild_turn_right_transition_object_01b5cdd5409c,0.0,0.0,0.03,0.0,1.0,9.958974355983584e-05,9.958974355983584e-05,0.0,0.0,0.0302690233640781,0.7648816490530204,0.0152976329810604,0.0,0.1,0.2,0.0,0.0,7,0,0.969730976635922,0.7648816490530204,decision_level_baseline_vs_candidate_path_memory_gap_audit,outer_loop_spatial_flow_belief_safe_explore_exploit_memory_v2_2
heavy_cluster,spatial_flow_belief_memory_h10,10,final_heldout,9,r10_l7_full_domain_randomisation_arena_wide_training,r10_l7_full_domain_randomisation_arena_wide_training,r10_heavy_cluster_spatial_flow_belief_memory_h10_final_0009,3,inflight_boundary_near,boundary_near,mild_turn_right,primvar_mild_turn_right_transition_object_01b5cdd5409c,baseline_and_memory_winner_match,True,primvar_mild_turn_right_transition_object_01b5cdd5409c,primvar_mild_turn_right_transition_object_01b5cdd5409c,0.0,0.0,0.03,0.0,1.0,-0.0001357482729078,-0.0001357482729078,0.0,0.0,0.0377792602034869,0.8475184836334385,0.0169503696726687,0.0,0.1,0.2,0.0,0.0,4,0,0.962220739796513,0.8475184836334385,decision_level_baseline_vs_candidate_path_memory_gap_audit,outer_loop_spatial_flow_belief_safe_explore_exploit_memory_v2_2
heavy_cluster,spatial_flow_belief_memory_h10,10,final_heldout,9,r10_l7_full_domain_randomisation_arena_wide_training,r10_l7_full_domain_randomisation_arena_wide_training,r10_heavy_cluster_spatial_flow_belief_memory_h10_final_0009,4,inflight_boundary_near,boundary_near,lift_entry,primvar_lift_entry_transition_object_299a4397174a,baseline_and_memory_winner_match,True,primvar_lift_entry_transition_object_299a4397174a,primvar_lift_entry_transition_object_299a4397174a,0.0,0.0,0.03,0.0,1.0,-0.0002998651060575,-0.0002998651060575,0.0,0.0,0.0386591157773527,0.9613408842226472,0.0192268176844529,0.0,0.1,0.2,0.0,0.0,0,0,0.9613408842226472,0.9613408842226472,decision_level_baseline_vs_candidate_path_memory_gap_audit,outer_loop_spatial_flow_belief_safe_explore_exploit_memory_v2_2
heavy_cluster,spatial_flow_belief_memory_h10,10,final_heldout,9,r10_l7_full_domain_randomisation_arena_wide_training,r10_l7_full_domain_randomisation_arena_wide_training,r10_heavy_cluster_spatial_flow_belief_memory_h10_final_0009,5,inflight_boundary_near,boundary_near,lift_entry,primvar_lift_entry_transition_object_299a4397174a,baseline_and_memory_winner_match,True,primvar_lift_entry_transition_object_299a4397174a,primvar_lift_entry_transition_object_299a4397174a,0.0,0.0,0.03,0.0,1.0,-0.0002910656943444,-0.0002910656943444,0.0,0.0,0.0333093701498463,0.9666906298501536,0.019333812597003,0.0,0.1,0.2,0.0,0.0,0,0,0.9666906298501536,0.9666906298501536,decision_level_baseline_vs_candidate_path_memory_gap_audit,outer_loop_spatial_flow_belief_safe_explore_exploit_memory_v2_2
heavy_cluster,spatial_flow_belief_memory_h10,10,final_heldout,9,r10_l7_full_domain_randomisation_arena_wide_training,r10_l7_full_domain_randomisation_arena_wide_training,r10_heavy_cluster_spatial_flow_belief_memory_h10_final_0009,6,inflight_boundary_near,boundary_near,lift_entry,primvar_lift_entry_transition_object_299a4397174a,baseline_and_memory_winner_match,True,primvar_lift_entry_transition_object_299a4397174a,primvar_lift_entry_transition_object_299a4397174a,0.0,0.0,0.03,0.0,1.0,-0.0002036030135172,-0.0002036030135172,0.0,0.0,0.0268915633950893,0.9731084366049106,0.0194621687320982,0.0,0.1,0.2,0.0,0.0,0,0,0.9731084366049106,0.9731084366049106,decision_level_baseline_vs_candidate_path_memory_gap_audit,outer_loop_spatial_flow_belief_safe_explore_exploit_memory_v2_2
heavy_cluster,spatial_flow_belief_memory_h10,10,final_heldout,9,r10_l7_full_domain_randomisation_arena_wide_training,r10_l7_full_domain_randomisation_arena_wide_training,r10_heavy_cluster_spatial_flow_belief_memory_h10_final_0009,7,inflight_boundary_near,boundary_near,lift_entry,primvar_lift_entry_transition_object_299a4397174a,baseline_and_memory_winner_match,True,primvar_lift_entry_transition_object_299a4397174a,primvar_lift_entry_transition_object_299a4397174a,0.0,0.0,0.03,0.0,1.0,-0.0001333169276169,-0.0001333169276169,0.0,0.0,0.0624109944565806,0.9375890055434194,0.0187517801108683,0.0,0.1,0.2,0.0,0.0,0,0,0.9375890055434194,0.9375890055434194,decision_level_baseline_vs_candidate_path_memory_gap_audit,outer_loop_spatial_flow_belief_safe_explore_exploit_memory_v2_2
heavy_cluster,spatial_flow_belief_memory_h10,10,final_heldout,9,r10_l7_full_domain_randomisation_arena_wide_training,r10_l7_full_domain_randomisation_arena_wide_training,r10_heavy_cluster_spatial_flow_belief_memory_h10_final_0009,8,inflight_boundary_near,boundary_near,lift_entry,primvar_lift_entry_transition_object_299a4397174a,baseline_and_memory_winner_match,True,primvar_lift_entry_transition_object_299a4397174a,primvar_lift_entry_transition_object_299a4397174a,0.0,0.0,0.03,0.0,1.0,-3.4645820056633525e-05,-3.4645820056633525e-05,0.0,0.0,0.0694564320821905,0.9305435679178096,0.0186108713583561,0.0,0.1,0.2,0.0,0.0,0,0,0.9305435679178096,0.9305435679178096,decision_level_baseline_vs_candidate_path_memory_gap_audit,outer_loop_spatial_flow_belief_safe_explore_exploit_memory_v2_2
heavy_cluster,spatial_flow_belief_memory_h30,30,final_heldout,0,r10_l7_full_domain_randomisation_arena_wide_training,r10_l7_full_domain_randomisation_arena_wide_training,r10_heavy_cluster_spatial_flow_belief_memory_h30_final_0000,0,launch_gate,launch_gate,mild_turn_right,primvar_mild_turn_right_transition_object_37acc62dccb1,baseline_and_memory_winner_match,True,primvar_mild_turn_right_transition_object_37acc62dccb1,primvar_mild_turn_right_transition_object_37acc62dccb1,0.0,0.0,0.03,0.0,1.0,7.990008592306808e-06,7.990008592306808e-06,0.0,0.0,0.0045056817253256,0.7014751788727769,0.0140295035774555,0.0,0.1,0.2,7.411814325837676e-11,2.4036100862352368e-08,7,3,0.9954943182746744,0.7014751788727769,decision_level_baseline_vs_candidate_path_memory_gap_audit,outer_loop_spatial_flow_belief_safe_explore_exploit_memory_v2_2
heavy_cluster,spatial_flow_belief_memory_h30,30,final_heldout,0,r10_l7_full_domain_randomisation_arena_wide_training,r10_l7_full_domain_randomisation_arena_wide_training,r10_heavy_cluster_spatial_flow_belief_memory_h30_final_0000,1,inflight_boundary_near,boundary_near,recovery,primvar_recovery_transition_object_2a5c20ec4293,baseline_and_memory_winner_match,True,primvar_recovery_transition_object_2a5c20ec4293,primvar_recovery_transition_object_2a5c20ec4293,0.0,0.0,0.03,0.0,1.0,5.426012722697937e-05,5.426012722697937e-05,0.0,0.0,0.0803611999376257,0.6940110295021552,0.0138802205900431,0.0,0.1,0.2,0.0,0.0,7,0,0.9196388000623744,0.6940110295021552,decision_level_baseline_vs_candidate_path_memory_gap_audit,outer_loop_spatial_flow_belief_safe_explore_exploit_memory_v2_2
heavy_cluster,spatial_flow_belief_memory_h30,30,final_heldout,0,r10_l7_full_domain_randomisation_arena_wide_training,r10_l7_full_domain_randomisation_arena_wide_training,r10_heavy_cluster_spatial_flow_belief_memory_h30_final_0000,2,inflight_boundary_near,boundary_near,recovery,primvar_recovery_transition_object_2a5c20ec4293,baseline_and_memory_winner_match,True,primvar_recovery_transition_object_2a5c20ec4293,primvar_recovery_transition_object_2a5c20ec4293,0.0,0.0,0.03,0.0,1.0,4.695942231081052e-05,4.695942231081052e-05,0.0,0.0,0.07017832570981,0.7705015435000601,0.0154100308700012,0.0,0.1,0.2,0.0,0.0,7,0,0.92982167429019,0.7705015435000601,decision_level_baseline_vs_candidate_path_memory_gap_audit,outer_loop_spatial_flow_belief_safe_explore_exploit_memory_v2_2
heavy_cluster,spatial_flow_belief_memory_h30,30,final_heldout,0,r10_l7_full_domain_randomisation_arena_wide_training,r10_l7_full_domain_randomisation_arena_wide_training,r10_heavy_cluster_spatial_flow_belief_memory_h30_final_0000,3,inflight_boundary_near,boundary_near,recovery,primvar_recovery_transition_object_2a5c20ec4293,baseline_and_memory_winner_match,True,primvar_recovery_transition_object_2a5c20ec4293,primvar_recovery_transition_object_2a5c20ec4293,0.0,0.0,0.03,0.0,1.0,-4.3384544949010007e-05,-4.3384544949010007e-05,0.0,0.0,0.045837398035413,0.8908447643418042,0.017816895286836,0.0,0.1,0.2,0.0,0.0,0,0,0.954162601964587,0.8908447643418042,decision_level_baseline_vs_candidate_path_memory_gap_audit,outer_loop_spatial_flow_belief_safe_explore_exploit_memory_v2_2
heavy_cluster,spatial_flow_belief_memory_h30,30,final_heldout,0,r10_l7_full_domain_randomisation_arena_wide_training,r10_l7_full_domain_randomisation_arena_wide_training,r10_heavy_cluster_spatial_flow_belief_memory_h30_final_0000,4,inflight_boundary_near,boundary_near,mild_turn_left,primvar_mild_turn_left_transition_object_fee0dc32131a,baseline_and_memory_winner_match,True,primvar_mild_turn_left_transition_object_fee0dc32131a,primvar_mild_turn_left_transition_object_fee0dc32131a,0.0,0.0,0.03,0.0,1.0,-1.618200796738023e-05,-1.618200796738023e-05,0.0,0.0,0.0359031354202541,0.964096864579746,0.0192819372915949,0.0,0.1,0.2,0.0,0.0,0,0,0.964096864579746,0.964096864579746,decision_level_baseline_vs_candidate_path_memory_gap_audit,outer_loop_spatial_flow_belief_safe_explore_exploit_memory_v2_2
heavy_cluster,spatial_flow_belief_memory_h30,30,final_heldout,0,r10_l7_full_domain_randomisation_arena_wide_training,r10_l7_full_domain_randomisation_arena_wide_training,r10_heavy_cluster_spatial_flow_belief_memory_h30_final_0000,5,inflight_boundary_near,boundary_near,mild_turn_left,primvar_mild_turn_left_transition_object_fee0dc32131a,baseline_and_memory_winner_match,True,primvar_mild_turn_left_transition_object_fee0dc32131a,primvar_mild_turn_left_transition_object_fee0dc32131a,0.0,0.0,0.03,0.0,1.0,-2.58425514498839e-05,-2.58425514498839e-05,0.0,0.0,0.0317599734732165,0.9682400265267836,0.0193648005305356,0.0,0.1,0.2,0.0,0.0,0,0,0.9682400265267836,0.9682400265267836,decision_level_baseline_vs_candidate_path_memory_gap_audit,outer_loop_spatial_flow_belief_safe_explore_exploit_memory_v2_2
heavy_cluster,spatial_flow_belief_memory_h30,30,final_heldout,0,r10_l7_full_domain_randomisation_arena_wide_training,r10_l7_full_domain_randomisation_arena_wide_training,r10_heavy_cluster_spatial_flow_belief_memory_h30_final_0000,6,inflight_boundary_near,boundary_near,mild_turn_left,primvar_mild_turn_left_transition_object_fee0dc32131a,baseline_and_memory_winner_match,True,primvar_mild_turn_left_transition_object_fee0dc32131a,primvar_mild_turn_left_transition_object_fee0dc32131a,0.0,0.0,0.03,0.0,1.0,-4.90933226013901e-05,-4.90933226013901e-05,0.0,0.0,0.0343113351205581,0.9656886648794418,0.0193137732975888,0.0,0.1,0.2,0.0,0.0,0,0,0.9656886648794418,0.9656886648794418,decision_level_baseline_vs_candidate_path_memory_gap_audit,outer_loop_spatial_flow_belief_safe_explore_exploit_memory_v2_2
heavy_cluster,spatial_flow_belief_memory_h30,30,final_heldout,0,r10_l7_full_domain_randomisation_arena_wide_training,r10_l7_full_domain_randomisation_arena_wide_training,r10_heavy_cluster_spatial_flow_belief_memory_h30_final_0000,7,inflight_boundary_near,boundary_near,lift_entry,primvar_lift_entry_transition_object_299a4397174a,rejected_exploration_cross_family_without_memory_confidence,False,primvar_lift_entry_transition_object_299a4397174a,primvar_recovery_transition_object_2a5c20ec4293,3.996802888650564e-15,-2.220446049250313e-16,0.03,0.0,1.0,-6.005964693822641e-05,-6.005964693822641e-05,0.0,-2.220446049250313e-07,0.0309553964457842,0.9690446035542156,0.0193808920710843,0.0,0.1,0.2,0.0,0.0,0,0,0.9690446035540022,0.9690446035540022,decision_level_baseline_vs_candidate_path_memory_gap_audit,outer_loop_spatial_flow_belief_safe_explore_exploit_memory_v2_2
heavy_cluster,spatial_flow_belief_memory_h30,30,final_heldout,0,r10_l7_full_domain_randomisation_arena_wide_training,r10_l7_full_domain_randomisation_arena_wide_training,r10_heavy_cluster_spatial_flow_belief_memory_h30_final_0000,8,inflight_boundary_near,boundary_near,lift_entry,primvar_lift_entry_transition_object_299a4397174a,baseline_and_memory_winner_match,True,primvar_lift_entry_transition_object_299a4397174a,primvar_lift_entry_transition_object_299a4397174a,0.0,0.0,0.03,0.0,1.0,-8.441570182138314e-05,-8.441570182138314e-05,0.0,0.0,0.0394598467215927,0.9605401532784072,0.0192108030655681,0.0,0.1,0.2,0.0,0.0,0,0,0.9605401532784072,0.9605401532784072,decision_level_baseline_vs_candidate_path_memory_gap_audit,outer_loop_spatial_flow_belief_safe_explore_exploit_memory_v2_2
heavy_cluster,spatial_flow_belief_memory_h30,30,final_heldout,5,r10_l7_full_domain_randomisation_arena_wide_training,r10_l7_full_domain_randomisation_arena_wide_training,r10_heavy_cluster_spatial_flow_belief_memory_h30_final_0005,0,launch_gate,launch_gate,mild_turn_right,primvar_mild_turn_right_transition_object_37acc62dccb1,baseline_and_memory_winner_match,True,primvar_mild_turn_right_transition_object_37acc62dccb1,primvar_mild_turn_right_transition_object_37acc62dccb1,0.0,0.0,0.03,0.0,1.0,-8.332859029458461e-07,-8.332859029458461e-07,0.0,0.0,0.001397916654084,0.7035471562139721,0.0140709431242794,0.0,0.1,0.2,0.0,0.0,7,0,0.998602083345916,0.7035471562139721,decision_level_baseline_vs_candidate_path_memory_gap_audit,outer_loop_spatial_flow_belief_safe_explore_exploit_memory_v2_2
heavy_cluster,spatial_flow_belief_memory_h30,30,final_heldout,5,r10_l7_full_domain_randomisation_arena_wide_training,r10_l7_full_domain_randomisation_arena_wide_training,r10_heavy_cluster_spatial_flow_belief_memory_h30_final_0005,1,inflight_boundary_near,boundary_near,recovery,primvar_recovery_transition_object_2a5c20ec4293,baseline_and_memory_winner_match,True,primvar_recovery_transition_object_2a5c20ec4293,primvar_recovery_transition_object_2a5c20ec4293,0.0,0.0,0.03,0.0,1.0,0.0004216484972803,0.0004216484972803,0.0,0.0,0.0341490836508656,0.735290364432337,0.0147058072886467,0.0,0.1,0.2,0.0,0.0,7,0,0.9658509163491344,0.735290364432337,decision_level_baseline_vs_candidate_path_memory_gap_audit,outer_loop_spatial_flow_belief_safe_explore_exploit_memory_v2_2
heavy_cluster,spatial_flow_belief_memory_h30,30,final_heldout,5,r10_l7_full_domain_randomisation_arena_wide_training,r10_l7_full_domain_randomisation_arena_wide_training,r10_heavy_cluster_spatial_flow_belief_memory_h30_final_0005,2,inflight_boundary_near,boundary_near,recovery,primvar_recovery_transition_object_2a5c20ec4293,baseline_and_memory_winner_match,True,primvar_recovery_transition_object_2a5c20ec4293,primvar_recovery_transition_object_2a5c20ec4293,0.0,0.0,0.03,0.0,1.0,0.0003749675491357,0.0003749675491357,0.0,0.0,0.0330418623034935,0.8174984904954092,0.0163499698099081,0.0,0.1,0.2,0.0,0.0,7,0,0.9669581376965064,0.8174984904954092,decision_level_baseline_vs_candidate_path_memory_gap_audit,outer_loop_spatial_flow_belief_safe_explore_exploit_memory_v2_2
heavy_cluster,spatial_flow_belief_memory_h30,30,final_heldout,5,r10_l7_full_domain_randomisation_arena_wide_training,r10_l7_full_domain_randomisation_arena_wide_training,r10_heavy_cluster_spatial_flow_belief_memory_h30_final_0005,3,inflight_boundary_near,boundary_near,recovery,primvar_recovery_transition_object_2a5c20ec4293,baseline_and_memory_winner_match,True,primvar_recovery_transition_object_2a5c20ec4293,primvar_recovery_transition_object_2a5c20ec4293,0.0,0.0,0.03,0.0,1.0,0.0002726879063257,0.0002726879063257,0.0,0.0,0.0378630779879225,0.9262864117799215,0.0185257282355984,0.0,0.1,0.2,0.0,0.0,0,0,0.9621369220120776,0.9262864117799215,decision_level_baseline_vs_candidate_path_memory_gap_audit,outer_loop_spatial_flow_belief_safe_explore_exploit_memory_v2_2
heavy_cluster,spatial_flow_belief_memory_h30,30,final_heldout,5,r10_l7_full_domain_randomisation_arena_wide_training,r10_l7_full_domain_randomisation_arena_wide_training,r10_heavy_cluster_spatial_flow_belief_memory_h30_final_0005,4,inflight_boundary_near,boundary_near,lift_entry,primvar_lift_entry_transition_object_299a4397174a,baseline_and_memory_winner_match,True,primvar_lift_entry_transition_object_299a4397174a,primvar_lift_entry_transition_object_299a4397174a,0.0,0.0,0.03,0.0,1.0,0.0001612537297339,0.0001612537297339,0.0,0.0,0.0381018115724648,0.9618981884275352,0.0192379637685507,0.0,0.1,0.2,0.0,0.0,0,0,0.9618981884275352,0.9618981884275352,decision_level_baseline_vs_candidate_path_memory_gap_audit,outer_loop_spatial_flow_belief_safe_explore_exploit_memory_v2_2
heavy_cluster,spatial_flow_belief_memory_h30,30,final_heldout,5,r10_l7_full_domain_randomisation_arena_wide_training,r10_l7_full_domain_randomisation_arena_wide_training,r10_heavy_cluster_spatial_flow_belief_memory_h30_final_0005,5,inflight_boundary_near,boundary_near,mild_turn_left,primvar_mild_turn_left_transition_object_fee0dc32131a,baseline_and_memory_winner_match,True,primvar_mild_turn_left_transition_object_fee0dc32131a,primvar_mild_turn_left_transition_object_fee0dc32131a,0.0,0.0,0.03,0.0,1.0,6.521591261066106e-05,6.521591261066106e-05,0.0,0.0,0.0386892392138655,0.9613107607861344,0.0192262152157226,0.0,0.1,0.2,0.0,0.0,0,0,0.9613107607861344,0.9613107607861344,decision_level_baseline_vs_candidate_path_memory_gap_audit,outer_loop_spatial_flow_belief_safe_explore_exploit_memory_v2_2
heavy_cluster,spatial_flow_belief_memory_h30,30,final_heldout,5,r10_l7_full_domain_randomisation_arena_wide_training,r10_l7_full_domain_randomisation_arena_wide_training,r10_heavy_cluster_spatial_flow_belief_memory_h30_final_0005,6,inflight_boundary_near,boundary_near,mild_turn_left,primvar_mild_turn_left_transition_object_fee0dc32131a,baseline_and_memory_winner_match,True,primvar_mild_turn_left_transition_object_fee0dc32131a,primvar_mild_turn_left_transition_object_fee0dc32131a,0.0,0.0,0.03,0.0,1.0,1.8520295297363989e-06,1.8520295297363989e-06,0.0,0.0,0.0431494561067849,0.956850543893215,0.0191370108778643,0.0,0.1,0.2,0.0,0.0,0,0,0.956850543893215,0.956850543893215,decision_level_baseline_vs_candidate_path_memory_gap_audit,outer_loop_spatial_flow_belief_safe_explore_exploit_memory_v2_2
heavy_cluster,spatial_flow_belief_memory_h30,30,final_heldout,5,r10_l7_full_domain_randomisation_arena_wide_training,r10_l7_full_domain_randomisation_arena_wide_training,r10_heavy_cluster_spatial_flow_belief_memory_h30_final_0005,7,inflight_boundary_near,boundary_near,mild_turn_left,primvar_mild_turn_left_transition_object_fee0dc32131a,baseline_and_memory_winner_match,True,primvar_mild_turn_left_transition_object_fee0dc32131a,primvar_mild_turn_left_transition_object_fee0dc32131a,0.0,0.0,0.03,0.0,1.0,3.740148073294591e-05,3.740148073294591e-05,0.0,0.0,0.0466590154009755,0.9533409845990244,0.0190668196919804,0.0,0.1,0.2,0.0,0.0,0,0,0.9533409845990244,0.9533409845990244,decision_level_baseline_vs_candidate_path_memory_gap_audit,outer_loop_spatial_flow_belief_safe_explore_exploit_memory_v2_2
heavy_cluster,spatial_flow_belief_memory_h30,30,final_heldout,5,r10_l7_full_domain_randomisation_arena_wide_training,r10_l7_full_domain_randomisation_arena_wide_training,r10_heavy_cluster_spatial_flow_belief_memory_h30_final_0005,8,inflight_boundary_near,boundary_near,mild_turn_left,primvar_mild_turn_left_transition_object_fee0dc32131a,baseline_and_memory_winner_match,True,primvar_mild_turn_left_transition_object_fee0dc32131a,primvar_mild_turn_left_transition_object_fee0dc32131a,0.0,0.0,0.03,0.0,1.0,7.442298570459194e-05,7.442298570459194e-05,0.0,0.0,0.0392908636035804,0.9607091363964196,0.0192141827279283,0.0,0.1,0.2,0.0,0.0,0,0,0.9607091363964196,0.9607091363964196,decision_level_baseline_vs_candidate_path_memory_gap_audit,outer_loop_spatial_flow_belief_safe_explore_exploit_memory_v2_2
heavy_cluster,spatial_flow_belief_memory_h30,30,final_heldout,1,r10_l7_full_domain_randomisation_arena_wide_training,r10_l7_full_domain_randomisation_arena_wide_training,r10_heavy_cluster_spatial_flow_belief_memory_h30_final_0001,0,launch_gate,launch_gate,mild_turn_left,primvar_mild_turn_left_transition_object_c5942d118f74,baseline_and_memory_winner_match,True,primvar_mild_turn_left_transition_object_c5942d118f74,primvar_mild_turn_left_transition_object_c5942d118f74,0.0,0.0,0.03,0.0,1.0,3.162739844642104e-05,3.162739844642104e-05,0.0,0.0,0.0359748704659337,0.6075497245656302,0.0121509944913126,0.0,0.1,0.2,0.0,0.0,7,0,0.9640251295340664,0.6075497245656302,decision_level_baseline_vs_candidate_path_memory_gap_audit,outer_loop_spatial_flow_belief_safe_explore_exploit_memory_v2_2
heavy_cluster,spatial_flow_belief_memory_h30,30,final_heldout,1,r10_l7_full_domain_randomisation_arena_wide_training,r10_l7_full_domain_randomisation_arena_wide_training,r10_heavy_cluster_spatial_flow_belief_memory_h30_final_0001,1,inflight_nominal,inflight_stable,lift_entry,primvar_lift_entry_transition_object_a65393bbc7f9,baseline_and_memory_winner_match,True,primvar_lift_entry_transition_object_a65393bbc7f9,primvar_lift_entry_transition_object_a65393bbc7f9,0.0,0.0,0.03,0.0,1.0,9.396390892524308e-05,9.396390892524308e-05,0.0,0.0,0.0800904068724912,0.5403467486035802,0.0108069349720716,0.0,0.1,0.2,0.0,0.0,7,0,0.9199095931275088,0.5403467486035802,decision_level_baseline_vs_candidate_path_memory_gap_audit,outer_loop_spatial_flow_belief_safe_explore_exploit_memory_v2_2
heavy_cluster,spatial_flow_belief_memory_h30,30,final_heldout,1,r10_l7_full_domain_randomisation_arena_wide_training,r10_l7_full_domain_randomisation_arena_wide_training,r10_heavy_cluster_spatial_flow_belief_memory_h30_final_0001,2,inflight_nominal,inflight_stable,lift_entry,primvar_lift_entry_transition_object_a65393bbc7f9,baseline_and_memory_winner_match,True,primvar_lift_entry_transition_object_a65393bbc7f9,primvar_lift_entry_transition_object_a65393bbc7f9,0.0,0.0,0.03,0.0,1.0,-2.226944375127715e-06,-2.226944375127715e-06,0.0,0.0,0.0800000000000777,0.572634137994161,0.0114526827598832,0.0,0.1,0.2,0.0,0.0,7,0,0.9199999999999224,0.572634137994161,decision_level_baseline_vs_candidate_path_memory_gap_audit,outer_loop_spatial_flow_belief_safe_explore_exploit_memory_v2_2
heavy_cluster,spatial_flow_belief_memory_h30,30,final_heldout,1,r10_l7_full_domain_randomisation_arena_wide_training,r10_l7_full_domain_randomisation_arena_wide_training,r10_heavy_cluster_spatial_flow_belief_memory_h30_final_0001,3,inflight_nominal,inflight_stable,lift_entry,primvar_lift_entry_transition_object_a65393bbc7f9,baseline_and_memory_winner_match,True,primvar_lift_entry_transition_object_a65393bbc7f9,primvar_lift_entry_transition_object_a65393bbc7f9,0.0,0.0,0.03,0.0,1.0,-7.375843331325349e-05,-7.375843331325349e-05,0.0,0.0,0.0790515779619975,0.6145739837507282,0.0122914796750145,0.0,0.1,0.2,0.0,0.0,7,0,0.9209484220380024,0.6145739837507282,decision_level_baseline_vs_candidate_path_memory_gap_audit,outer_loop_spatial_flow_belief_safe_explore_exploit_memory_v2_2
heavy_cluster,spatial_flow_belief_memory_h30,30,final_heldout,1,r10_l7_full_domain_randomisation_arena_wide_training,r10_l7_full_domain_randomisation_arena_wide_training,r10_heavy_cluster_spatial_flow_belief_memory_h30_final_0001,4,inflight_nominal,inflight_stable,lift_entry,primvar_lift_entry_transition_object_a65393bbc7f9,baseline_and_memory_winner_match,True,primvar_lift_entry_transition_object_a65393bbc7f9,primvar_lift_entry_transition_object_a65393bbc7f9,0.0,0.0,0.03,0.0,1.0,-0.0001231659156446,-0.0001231659156446,0.0,0.0,0.0358593054946448,0.6979571664220134,0.0139591433284402,0.0,0.1,0.2,0.0,0.0,7,0,0.9641406945053552,0.6979571664220134,decision_level_baseline_vs_candidate_path_memory_gap_audit,outer_loop_spatial_flow_belief_safe_explore_exploit_memory_v2_2
heavy_cluster,spatial_flow_belief_memory_h30,30,final_heldout,1,r10_l7_full_domain_randomisation_arena_wide_training,r10_l7_full_domain_randomisation_arena_wide_training,r10_heavy_cluster_spatial_flow_belief_memory_h30_final_0001,5,inflight_nominal,inflight_stable,lift_entry,primvar_lift_entry_transition_object_a65393bbc7f9,baseline_and_memory_winner_match,True,primvar_lift_entry_transition_object_a65393bbc7f9,primvar_lift_entry_transition_object_a65393bbc7f9,0.0,0.0,0.03,0.0,1.0,-0.0001653406938633,-0.0001653406938633,0.0,0.0,0.0441619274554612,0.7613203519254933,0.0152264070385098,0.0,0.1,0.2,1.7796609367566734e-15,2.247137643860894e-13,7,5,0.9558380725445388,0.7613203519254933,decision_level_baseline_vs_candidate_path_memory_gap_audit,outer_loop_spatial_flow_belief_safe_explore_exploit_memory_v2_2
heavy_cluster,spatial_flow_belief_memory_h30,30,final_heldout,1,r10_l7_full_domain_randomisation_arena_wide_training,r10_l7_full_domain_randomisation_arena_wide_training,r10_heavy_cluster_spatial_flow_belief_memory_h30_final_0001,6,inflight_nominal,inflight_stable,lift_entry,primvar_lift_entry_transition_object_a65393bbc7f9,baseline_and_memory_winner_match,True,primvar_lift_entry_transition_object_a65393bbc7f9,primvar_lift_entry_transition_object_a65393bbc7f9,0.0,0.0,0.03,0.0,1.0,-0.000135823440033,-0.000135823440033,0.0,0.0,0.0361271717410055,0.8623248615491937,0.0172464972309838,0.0,0.1,0.2,0.0,0.0,1,0,0.9638728282589945,0.8623248615491937,decision_level_baseline_vs_candidate_path_memory_gap_audit,outer_loop_spatial_flow_belief_safe_explore_exploit_memory_v2_2
heavy_cluster,spatial_flow_belief_memory_h30,30,final_heldout,1,r10_l7_full_domain_randomisation_arena_wide_training,r10_l7_full_domain_randomisation_arena_wide_training,r10_heavy_cluster_spatial_flow_belief_memory_h30_final_0001,7,inflight_nominal,inflight_stable,lift_entry,primvar_lift_entry_transition_object_a65393bbc7f9,baseline_and_memory_winner_match,True,primvar_lift_entry_transition_object_a65393bbc7f9,primvar_lift_entry_transition_object_a65393bbc7f9,0.0,0.0,0.03,0.0,1.0,-0.000111772335277,-0.000111772335277,0.0,0.0,0.0312847087047748,0.9687152912952252,0.0193743058259045,0.0,0.1,0.2,0.0,0.0,0,0,0.9687152912952252,0.9687152912952252,decision_level_baseline_vs_candidate_path_memory_gap_audit,outer_loop_spatial_flow_belief_safe_explore_exploit_memory_v2_2
heavy_cluster,spatial_flow_belief_memory_h30,30,final_heldout,1,r10_l7_full_domain_randomisation_arena_wide_training,r10_l7_full_domain_randomisation_arena_wide_training,r10_heavy_cluster_spatial_flow_belief_memory_h30_final_0001,8,inflight_boundary_near,boundary_near,lift_dwell_arc,primvar_lift_dwell_arc_transition_object_2a54829d66c4,baseline_and_memory_winner_match,True,primvar_lift_dwell_arc_transition_object_2a54829d66c4,primvar_lift_dwell_arc_transition_object_2a54829d66c4,0.0,0.0,0.03,0.0,1.0,-0.0002331409794007,-0.0002331409794007,0.0,0.0,0.0800000000000197,0.9199999999999804,0.0183999999999996,0.0,0.1,0.2,0.0,0.0,0,0,0.9199999999999804,0.9199999999999804,decision_level_baseline_vs_candidate_path_memory_gap_audit,outer_loop_spatial_flow_belief_safe_explore_exploit_memory_v2_2
heavy_cluster,spatial_flow_belief_memory_h30,30,final_heldout,1,r10_l7_full_domain_randomisation_arena_wide_training,r10_l7_full_domain_randomisation_arena_wide_training,r10_heavy_cluster_spatial_flow_belief_memory_h30_final_0001,9,inflight_boundary_near,boundary_near,lift_dwell_arc,primvar_lift_dwell_arc_transition_object_2a54829d66c4,baseline_and_memory_winner_match,True,primvar_lift_dwell_arc_transition_object_2a54829d66c4,primvar_lift_dwell_arc_transition_object_2a54829d66c4,0.0,0.0,0.03,0.0,1.0,-1.564605192805324e-05,-1.564605192805324e-05,0.0,0.0,0.0320017541133568,0.9679982458866432,0.0193599649177328,0.0,0.1,0.2,0.0,0.0,0,0,0.9679982458866432,0.9679982458866432,decision_level_baseline_vs_candidate_path_memory_gap_audit,outer_loop_spatial_flow_belief_safe_explore_exploit_memory_v2_2
heavy_cluster,spatial_flow_belief_memory_h30,30,final_heldout,1,r10_l7_full_domain_randomisation_arena_wide_training,r10_l7_full_domain_randomisation_arena_wide_training,r10_heavy_cluster_spatial_flow_belief_memory_h30_final_0001,10,inflight_boundary_near,boundary_near,lift_dwell_arc,primvar_lift_dwell_arc_transition_object_2a54829d66c4,baseline_and_memory_winner_match,True,primvar_lift_dwell_arc_transition_object_2a54829d66c4,primvar_lift_dwell_arc_transition_object_2a54829d66c4,0.0,0.0,0.03,0.0,1.0,8.392161601844528e-05,8.392161601844528e-05,0.0,0.0,0.0373260240767987,0.9626739759232013,0.019253479518464,0.0,0.1,0.2,0.0,0.0,0,0,0.9626739759232013,0.9626739759232013,decision_level_baseline_vs_candidate_path_memory_gap_audit,outer_loop_spatial_flow_belief_safe_explore_exploit_memory_v2_2
heavy_cluster,spatial_flow_belief_memory_h30,30,final_heldout,1,r10_l7_full_domain_randomisation_arena_wide_training,r10_l7_full_domain_randomisation_arena_wide_training,r10_heavy_cluster_spatial_flow_belief_memory_h30_final_0001,11,inflight_boundary_near,boundary_near,lift_dwell_arc,primvar_lift_dwell_arc_transition_object_2a54829d66c4,baseline_and_memory_winner_match,True,primvar_lift_dwell_arc_transition_object_2a54829d66c4,primvar_lift_dwell_arc_transition_object_2a54829d66c4,0.0,0.0,0.03,0.0,1.0,8.632636828465046e-05,8.632636828465046e-05,0.0,0.0,0.0314987842481388,0.9685012157518612,0.0193700243150372,0.0,0.1,0.2,0.0,0.0,0,0,0.9685012157518612,0.9685012157518612,decision_level_baseline_vs_candidate_path_memory_gap_audit,outer_loop_spatial_flow_belief_safe_explore_exploit_memory_v2_2
balanced_cluster,no_memory_baseline,0,final_heldout,0,r10_l7_full_domain_randomisation_arena_wide_training,r10_l7_full_domain_randomisation_arena_wide_training,r10_balanced_cluster_no_memory_baseline_final_0000,0,launch_gate,launch_gate,lift_dwell_arc,primvar_lift_dwell_arc_transition_object_6ae229f6947e,not_active_no_candidate_path_memory,True,primvar_lift_dwell_arc_transition_object_6ae229f6947e,primvar_lift_dwell_arc_transition_object_6ae229f6947e,0.0,0.0,0.03,0.0,0.0,0.0,0.0,0.0,0.0,0.0,0.7059084560289167,0.0,0.0,0.1,0.2,0.0,0.0,0,0,1.0,0.7059084560289167,decision_level_baseline_vs_candidate_path_memory_gap_audit,outer_loop_spatial_flow_belief_safe_explore_exploit_memory_v2_2
balanced_cluster,no_memory_baseline,0,final_heldout,0,r10_l7_full_domain_randomisation_arena_wide_training,r10_l7_full_domain_randomisation_arena_wide_training,r10_balanced_cluster_no_memory_baseline_final_0000,1,inflight_boundary_near,boundary_near,recovery,primvar_recovery_transition_object_5e492c9a9375,not_active_no_candidate_path_memory,True,primvar_recovery_transition_object_5e492c9a9375,primvar_recovery_transition_object_5e492c9a9375,0.0,0.0,0.03,0.0,0.0,0.0,0.0,0.0,0.0,0.0,0.7535907143899157,0.0,0.0,0.1,0.2,0.0,0.0,0,0,1.0,0.7535907143899157,decision_level_baseline_vs_candidate_path_memory_gap_audit,outer_loop_spatial_flow_belief_safe_explore_exploit_memory_v2_2
balanced_cluster,no_memory_baseline,0,final_heldout,0,r10_l7_full_domain_randomisation_arena_wide_training,r10_l7_full_domain_randomisation_arena_wide_training,r10_balanced_cluster_no_memory_baseline_final_0000,2,inflight_boundary_near,boundary_near,recovery,primvar_recovery_transition_object_5e492c9a9375,not_active_no_candidate_path_memory,True,primvar_recovery_transition_object_5e492c9a9375,primvar_recovery_transition_object_5e492c9a9375,0.0,0.0,0.03,0.0,0.0,0.0,0.0,0.0,0.0,0.0,0.8274162386231667,0.0,0.0,0.1,0.2,0.0,0.0,0,0,1.0,0.8274162386231667,decision_level_baseline_vs_candidate_path_memory_gap_audit,outer_loop_spatial_flow_belief_safe_explore_exploit_memory_v2_2
balanced_cluster,no_memory_baseline,0,final_heldout,0,r10_l7_full_domain_randomisation_arena_wide_training,r10_l7_full_domain_randomisation_arena_wide_training,r10_balanced_cluster_no_memory_baseline_final_0000,3,inflight_boundary_near,boundary_near,recovery,primvar_recovery_transition_object_5e492c9a9375,not_active_no_candidate_path_memory,True,primvar_recovery_transition_object_5e492c9a9375,primvar_recovery_transition_object_5e492c9a9375,0.0,0.0,0.03,0.0,0.0,0.0,0.0,0.0,0.0,0.0,0.9347435033377792,0.0,0.0,0.1,0.2,0.0,0.0,0,0,1.0,0.9347435033377792,decision_level_baseline_vs_candidate_path_memory_gap_audit,outer_loop_spatial_flow_belief_safe_explore_exploit_memory_v2_2
balanced_cluster,no_memory_baseline,0,final_heldout,0,r10_l7_full_domain_randomisation_arena_wide_training,r10_l7_full_domain_randomisation_arena_wide_training,r10_balanced_cluster_no_memory_baseline_final_0000,4,inflight_boundary_near,boundary_near,mild_turn_left,primvar_mild_turn_left_transition_object_72b921ad790a,not_active_no_candidate_path_memory,True,primvar_mild_turn_left_transition_object_72b921ad790a,primvar_mild_turn_left_transition_object_72b921ad790a,0.0,0.0,0.03,0.0,0.0,0.0,0.0,0.0,0.0,0.0,1.0,0.0,0.0,0.1,0.2,0.0,0.0,0,0,1.0,1.0,decision_level_baseline_vs_candidate_path_memory_gap_audit,outer_loop_spatial_flow_belief_safe_explore_exploit_memory_v2_2
balanced_cluster,no_memory_baseline,0,final_heldout,0,r10_l7_full_domain_randomisation_arena_wide_training,r10_l7_full_domain_randomisation_arena_wide_training,r10_balanced_cluster_no_memory_baseline_final_0000,5,inflight_boundary_near,boundary_near,mild_turn_left,primvar_mild_turn_left_transition_object_72b921ad790a,not_active_no_candidate_path_memory,True,primvar_mild_turn_left_transition_object_72b921ad790a,primvar_mild_turn_left_transition_object_72b921ad790a,0.0,0.0,0.03,0.0,0.0,0.0,0.0,0.0,0.0,0.0,1.0,0.0,0.0,0.1,0.2,0.0,0.0,0,0,1.0,1.0,decision_level_baseline_vs_candidate_path_memory_gap_audit,outer_loop_spatial_flow_belief_safe_explore_exploit_memory_v2_2
balanced_cluster,no_memory_baseline,0,final_heldout,0,r10_l7_full_domain_randomisation_arena_wide_training,r10_l7_full_domain_randomisation_arena_wide_training,r10_balanced_cluster_no_memory_baseline_final_0000,6,inflight_boundary_near,boundary_near,mild_turn_left,primvar_mild_turn_left_transition_object_72b921ad790a,not_active_no_candidate_path_memory,True,primvar_mild_turn_left_transition_object_72b921ad790a,primvar_mild_turn_left_transition_object_72b921ad790a,0.0,0.0,0.03,0.0,0.0,0.0,0.0,0.0,0.0,0.0,1.0,0.0,0.0,0.1,0.2,0.0,0.0,0,0,1.0,1.0,decision_level_baseline_vs_candidate_path_memory_gap_audit,outer_loop_spatial_flow_belief_safe_explore_exploit_memory_v2_2
balanced_cluster,no_memory_baseline,0,final_heldout,0,r10_l7_full_domain_randomisation_arena_wide_training,r10_l7_full_domain_randomisation_arena_wide_training,r10_balanced_cluster_no_memory_baseline_final_0000,7,inflight_boundary_near,boundary_near,mild_turn_left,primvar_mild_turn_left_transition_object_72b921ad790a,not_active_no_candidate_path_memory,True,primvar_mild_turn_left_transition_object_72b921ad790a,primvar_mild_turn_left_transition_object_72b921ad790a,0.0,0.0,0.03,0.0,0.0,0.0,0.0,0.0,0.0,0.0,1.0,0.0,0.0,0.1,0.2,0.0,0.0,0,0,1.0,1.0,decision_level_baseline_vs_candidate_path_memory_gap_audit,outer_loop_spatial_flow_belief_safe_explore_exploit_memory_v2_2
balanced_cluster,no_memory_baseline,0,final_heldout,0,r10_l7_full_domain_randomisation_arena_wide_training,r10_l7_full_domain_randomisation_arena_wide_training,r10_balanced_cluster_no_memory_baseline_final_0000,8,inflight_boundary_near,boundary_near,mild_turn_left,primvar_mild_turn_left_transition_object_72b921ad790a,not_active_no_candidate_path_memory,True,primvar_mild_turn_left_transition_object_72b921ad790a,primvar_mild_turn_left_transition_object_72b921ad790a,0.0,0.0,0.03,0.0,0.0,0.0,0.0,0.0,0.0,0.0,1.0,0.0,0.0,0.1,0.2,0.0,0.0,0,0,1.0,1.0,decision_level_baseline_vs_candidate_path_memory_gap_audit,outer_loop_spatial_flow_belief_safe_explore_exploit_memory_v2_2
balanced_cluster,no_memory_baseline,0,final_heldout,1,r10_l7_full_domain_randomisation_arena_wide_training,r10_l7_full_domain_randomisation_arena_wide_training,r10_balanced_cluster_no_memory_baseline_final_0001,0,launch_gate,launch_gate,glide,primvar_glide_transition_object_ad817af95d9e,not_active_no_candidate_path_memory,True,primvar_glide_transition_object_ad817af95d9e,primvar_glide_transition_object_ad817af95d9e,0.0,0.0,0.03,0.0,0.0,0.0,0.0,0.0,0.0,0.0,0.5917411216287154,0.0,0.0,0.1,0.2,0.0,0.0,0,0,1.0,0.5917411216287154,decision_level_baseline_vs_candidate_path_memory_gap_audit,outer_loop_spatial_flow_belief_safe_explore_exploit_memory_v2_2
balanced_cluster,no_memory_baseline,0,final_heldout,1,r10_l7_full_domain_randomisation_arena_wide_training,r10_l7_full_domain_randomisation_arena_wide_training,r10_balanced_cluster_no_memory_baseline_final_0001,1,inflight_nominal,inflight_stable,lift_entry,primvar_lift_entry_transition_object_a65393bbc7f9,not_active_no_candidate_path_memory,True,primvar_lift_entry_transition_object_a65393bbc7f9,primvar_lift_entry_transition_object_a65393bbc7f9,0.0,0.0,0.03,0.0,0.0,0.0,0.0,0.0,0.0,0.0,0.5873911443476845,0.0,0.0,0.1,0.2,0.0,0.0,0,0,1.0,0.5873911443476845,decision_level_baseline_vs_candidate_path_memory_gap_audit,outer_loop_spatial_flow_belief_safe_explore_exploit_memory_v2_2
balanced_cluster,no_memory_baseline,0,final_heldout,1,r10_l7_full_domain_randomisation_arena_wide_training,r10_l7_full_domain_randomisation_arena_wide_training,r10_balanced_cluster_no_memory_baseline_final_0001,2,inflight_nominal,inflight_stable,lift_entry,primvar_lift_entry_transition_object_a65393bbc7f9,not_active_no_candidate_path_memory,True,primvar_lift_entry_transition_object_a65393bbc7f9,primvar_lift_entry_transition_object_a65393bbc7f9,0.0,0.0,0.03,0.0,0.0,0.0,0.0,0.0,0.0,0.0,0.6223965468761407,0.0,0.0,0.1,0.2,0.0,0.0,0,0,1.0,0.6223965468761407,decision_level_baseline_vs_candidate_path_memory_gap_audit,outer_loop_spatial_flow_belief_safe_explore_exploit_memory_v2_2
balanced_cluster,no_memory_baseline,0,final_heldout,1,r10_l7_full_domain_randomisation_arena_wide_training,r10_l7_full_domain_randomisation_arena_wide_training,r10_balanced_cluster_no_memory_baseline_final_0001,3,inflight_nominal,inflight_stable,lift_entry,primvar_lift_entry_transition_object_a65393bbc7f9,not_active_no_candidate_path_memory,True,primvar_lift_entry_transition_object_a65393bbc7f9,primvar_lift_entry_transition_object_a65393bbc7f9,0.0,0.0,0.03,0.0,0.0,0.0,0.0,0.0,0.0,0.0,0.6671254499879413,0.0,0.0,0.1,0.2,0.0,0.0,0,0,1.0,0.6671254499879413,decision_level_baseline_vs_candidate_path_memory_gap_audit,outer_loop_spatial_flow_belief_safe_explore_exploit_memory_v2_2
balanced_cluster,no_memory_baseline,0,final_heldout,1,r10_l7_full_domain_randomisation_arena_wide_training,r10_l7_full_domain_randomisation_arena_wide_training,r10_balanced_cluster_no_memory_baseline_final_0001,4,inflight_nominal,inflight_stable,lift_entry,primvar_lift_entry_transition_object_cbc5fe69f0f0,not_active_no_candidate_path_memory,True,primvar_lift_entry_transition_object_cbc5fe69f0f0,primvar_lift_entry_transition_object_cbc5fe69f0f0,0.0,0.0,0.03,0.0,0.0,0.0,0.0,0.0,0.0,0.0,0.7737167569023435,0.0,0.0,0.1,0.2,0.0,0.0,0,0,1.0,0.7737167569023435,decision_level_baseline_vs_candidate_path_memory_gap_audit,outer_loop_spatial_flow_belief_safe_explore_exploit_memory_v2_2
balanced_cluster,no_memory_baseline,0,final_heldout,1,r10_l7_full_domain_randomisation_arena_wide_training,r10_l7_full_domain_randomisation_arena_wide_training,r10_balanced_cluster_no_memory_baseline_final_0001,5,inflight_nominal,inflight_stable,lift_entry,primvar_lift_entry_transition_object_cbc5fe69f0f0,not_active_no_candidate_path_memory,True,primvar_lift_entry_transition_object_cbc5fe69f0f0,primvar_lift_entry_transition_object_cbc5fe69f0f0,0.0,0.0,0.03,0.0,0.0,0.0,0.0,0.0,0.0,0.0,0.8549500834702577,0.0,0.0,0.1,0.2,0.0,0.0,0,0,1.0,0.8549500834702577,decision_level_baseline_vs_candidate_path_memory_gap_audit,outer_loop_spatial_flow_belief_safe_explore_exploit_memory_v2_2
balanced_cluster,no_memory_baseline,0,final_heldout,1,r10_l7_full_domain_randomisation_arena_wide_training,r10_l7_full_domain_randomisation_arena_wide_training,r10_balanced_cluster_no_memory_baseline_final_0001,6,inflight_nominal,inflight_stable,lift_entry,primvar_lift_entry_transition_object_cbc5fe69f0f0,not_active_no_candidate_path_memory,True,primvar_lift_entry_transition_object_cbc5fe69f0f0,primvar_lift_entry_transition_object_cbc5fe69f0f0,0.0,0.0,0.03,0.0,0.0,0.0,0.0,0.0,0.0,0.0,0.9655184782009268,0.0,0.0,0.1,0.2,0.0,0.0,0,0,1.0,0.9655184782009268,decision_level_baseline_vs_candidate_path_memory_gap_audit,outer_loop_spatial_flow_belief_safe_explore_exploit_memory_v2_2
balanced_cluster,no_memory_baseline,0,final_heldout,1,r10_l7_full_domain_randomisation_arena_wide_training,r10_l7_full_domain_randomisation_arena_wide_training,r10_balanced_cluster_no_memory_baseline_final_0001,7,inflight_boundary_near,boundary_near,energy_retaining_bank,primvar_energy_retaining_bank_transition_object_f378f7a74cce,not_active_no_candidate_path_memory,True,primvar_energy_retaining_bank_transition_object_f378f7a74cce,primvar_energy_retaining_bank_transition_object_f378f7a74cce,0.0,0.0,0.03,0.0,0.0,0.0,0.0,0.0,0.0,0.0,1.0,0.0,0.0,0.1,0.2,0.0,0.0,0,0,1.0,1.0,decision_level_baseline_vs_candidate_path_memory_gap_audit,outer_loop_spatial_flow_belief_safe_explore_exploit_memory_v2_2
balanced_cluster,no_memory_baseline,0,final_heldout,1,r10_l7_full_domain_randomisation_arena_wide_training,r10_l7_full_domain_randomisation_arena_wide_training,r10_balanced_cluster_no_memory_baseline_final_0001,8,inflight_boundary_near,boundary_near,mild_turn_right,primvar_mild_turn_right_transition_object_79dc6a9b8274,not_active_no_candidate_path_memory,True,primvar_mild_turn_right_transition_object_79dc6a9b8274,primvar_mild_turn_right_transition_object_79dc6a9b8274,0.0,0.0,0.03,0.0,0.0,0.0,0.0,0.0,0.0,0.0,1.0,0.0,0.0,0.1,0.2,0.0,0.0,0,0,1.0,1.0,decision_level_baseline_vs_candidate_path_memory_gap_audit,outer_loop_spatial_flow_belief_safe_explore_exploit_memory_v2_2
balanced_cluster,no_memory_baseline,0,final_heldout,1,r10_l7_full_domain_randomisation_arena_wide_training,r10_l7_full_domain_randomisation_arena_wide_training,r10_balanced_cluster_no_memory_baseline_final_0001,9,inflight_boundary_near,boundary_near,mild_turn_right,primvar_mild_turn_right_transition_object_79dc6a9b8274,not_active_no_candidate_path_memory,True,primvar_mild_turn_right_transition_object_79dc6a9b8274,primvar_mild_turn_right_transition_object_79dc6a9b8274,0.0,0.0,0.03,0.0,0.0,0.0,0.0,0.0,0.0,0.0,1.0,0.0,0.0,0.1,0.2,0.0,0.0,0,0,1.0,1.0,decision_level_baseline_vs_candidate_path_memory_gap_audit,outer_loop_spatial_flow_belief_safe_explore_exploit_memory_v2_2
balanced_cluster,no_memory_baseline,0,final_heldout,1,r10_l7_full_domain_randomisation_arena_wide_training,r10_l7_full_domain_randomisation_arena_wide_training,r10_balanced_cluster_no_memory_baseline_final_0001,10,inflight_boundary_near,boundary_near,mild_turn_right,primvar_mild_turn_right_transition_object_79dc6a9b8274,not_active_no_candidate_path_memory,True,primvar_mild_turn_right_transition_object_79dc6a9b8274,primvar_mild_turn_right_transition_object_79dc6a9b8274,0.0,0.0,0.03,0.0,0.0,0.0,0.0,0.0,0.0,0.0,1.0,0.0,0.0,0.1,0.2,0.0,0.0,0,0,1.0,1.0,decision_level_baseline_vs_candidate_path_memory_gap_audit,outer_loop_spatial_flow_belief_safe_explore_exploit_memory_v2_2
balanced_cluster,no_memory_baseline,0,final_heldout,1,r10_l7_full_domain_randomisation_arena_wide_training,r10_l7_full_domain_randomisation_arena_wide_training,r10_balanced_cluster_no_memory_baseline_final_0001,11,inflight_boundary_near,boundary_near,lift_dwell_arc,primvar_lift_dwell_arc_transition_object_3d4acb04abc7,not_active_no_candidate_path_memory,True,primvar_lift_dwell_arc_transition_object_3d4acb04abc7,primvar_lift_dwell_arc_transition_object_3d4acb04abc7,0.0,0.0,0.03,0.0,0.0,0.0,0.0,0.0,0.0,0.0,1.0,0.0,0.0,0.1,0.2,0.0,0.0,0,0,1.0,1.0,decision_level_baseline_vs_candidate_path_memory_gap_audit,outer_loop_spatial_flow_belief_safe_explore_exploit_memory_v2_2
balanced_cluster,no_memory_baseline,0,final_heldout,2,r10_l7_full_domain_randomisation_arena_wide_training,r10_l7_full_domain_randomisation_arena_wide_training,r10_balanced_cluster_no_memory_baseline_final_0002,0,launch_gate,launch_gate,mild_turn_left,primvar_mild_turn_left_transition_object_c5942d118f74,not_active_no_candidate_path_memory,True,primvar_mild_turn_left_transition_object_c5942d118f74,primvar_mild_turn_left_transition_object_c5942d118f74,0.0,0.0,0.03,0.0,0.0,0.0,0.0,0.0,0.0,0.0,0.6274905671197689,0.0,0.0,0.1,0.2,0.0,0.0,0,0,1.0,0.6274905671197689,decision_level_baseline_vs_candidate_path_memory_gap_audit,outer_loop_spatial_flow_belief_safe_explore_exploit_memory_v2_2
balanced_cluster,no_memory_baseline,0,final_heldout,2,r10_l7_full_domain_randomisation_arena_wide_training,r10_l7_full_domain_randomisation_arena_wide_training,r10_balanced_cluster_no_memory_baseline_final_0002,1,inflight_nominal,inflight_stable,mild_turn_left,primvar_mild_turn_left_transition_object_c0027154e9bd,not_active_no_candidate_path_memory,True,primvar_mild_turn_left_transition_object_c0027154e9bd,primvar_mild_turn_left_transition_object_c0027154e9bd,0.0,0.0,0.03,0.0,0.0,0.0,0.0,0.0,0.0,0.0,0.6696940102215148,0.0,0.0,0.1,0.2,0.0,0.0,0,0,1.0,0.6696940102215148,decision_level_baseline_vs_candidate_path_memory_gap_audit,outer_loop_spatial_flow_belief_safe_explore_exploit_memory_v2_2
balanced_cluster,no_memory_baseline,0,final_heldout,2,r10_l7_full_domain_randomisation_arena_wide_training,r10_l7_full_domain_randomisation_arena_wide_training,r10_balanced_cluster_no_memory_baseline_final_0002,2,inflight_recovery_edge,recoverable_degraded,safe_exit_or_recovery_handoff,primvar_safe_exit_or_recovery_handoff_transition_object_89fe6c2843f5,not_active_no_candidate_path_memory,True,primvar_safe_exit_or_recovery_handoff_transition_object_89fe6c2843f5,primvar_safe_exit_or_recovery_handoff_transition_object_89fe6c2843f5,0.0,0.0,0.03,0.0,0.0,0.0,0.0,0.0,0.0,0.0,0.671221912125413,0.0,0.0,0.1,0.2,0.0,0.0,0,0,1.0,0.671221912125413,decision_level_baseline_vs_candidate_path_memory_gap_audit,outer_loop_spatial_flow_belief_safe_explore_exploit_memory_v2_2
balanced_cluster,no_memory_baseline,0,final_heldout,2,r10_l7_full_domain_randomisation_arena_wide_training,r10_l7_full_domain_randomisation_arena_wide_training,r10_balanced_cluster_no_memory_baseline_final_0002,3,inflight_recovery_edge,recoverable_degraded,safe_exit_or_recovery_handoff,primvar_safe_exit_or_recovery_handoff_transition_object_89fe6c2843f5,not_active_no_candidate_path_memory,True,primvar_safe_exit_or_recovery_handoff_transition_object_89fe6c2843f5,primvar_safe_exit_or_recovery_handoff_transition_object_89fe6c2843f5,0.0,0.0,0.03,0.0,0.0,0.0,0.0,0.0,0.0,0.0,0.7298347378447496,0.0,0.0,0.1,0.2,0.0,0.0,0,0,1.0,0.7298347378447496,decision_level_baseline_vs_candidate_path_memory_gap_audit,outer_loop_spatial_flow_belief_safe_explore_exploit_memory_v2_2
balanced_cluster,no_memory_baseline,0,final_heldout,2,r10_l7_full_domain_randomisation_arena_wide_training,r10_l7_full_domain_randomisation_arena_wide_training,r10_balanced_cluster_no_memory_baseline_final_0002,4,inflight_recovery_edge,recoverable_degraded,safe_exit_or_recovery_handoff,primvar_safe_exit_or_recovery_handoff_transition_object_89fe6c2843f5,not_active_no_candidate_path_memory,True,primvar_safe_exit_or_recovery_handoff_transition_object_89fe6c2843f5,primvar_safe_exit_or_recovery_handoff_transition_object_89fe6c2843f5,0.0,0.0,0.03,0.0,0.0,0.0,0.0,0.0,0.0,0.0,0.7986861335562998,0.0,0.0,0.1,0.2,0.0,0.0,0,0,1.0,0.7986861335562998,decision_level_baseline_vs_candidate_path_memory_gap_audit,outer_loop_spatial_flow_belief_safe_explore_exploit_memory_v2_2
balanced_cluster,no_memory_baseline,0,final_heldout,2,r10_l7_full_domain_randomisation_arena_wide_training,r10_l7_full_domain_randomisation_arena_wide_training,r10_balanced_cluster_no_memory_baseline_final_0002,5,inflight_recovery_edge,recoverable_degraded,safe_exit_or_recovery_handoff,primvar_safe_exit_or_recovery_handoff_transition_object_89fe6c2843f5,not_active_no_candidate_path_memory,True,primvar_safe_exit_or_recovery_handoff_transition_object_89fe6c2843f5,primvar_safe_exit_or_recovery_handoff_transition_object_89fe6c2843f5,0.0,0.0,0.03,0.0,0.0,0.0,0.0,0.0,0.0,0.0,0.8815661168252574,0.0,0.0,0.1,0.2,0.0,0.0,0,0,1.0,0.8815661168252574,decision_level_baseline_vs_candidate_path_memory_gap_audit,outer_loop_spatial_flow_belief_safe_explore_exploit_memory_v2_2
balanced_cluster,no_memory_baseline,0,final_heldout,2,r10_l7_full_domain_randomisation_arena_wide_training,r10_l7_full_domain_randomisation_arena_wide_training,r10_balanced_cluster_no_memory_baseline_final_0002,6,inflight_recovery_edge,recoverable_degraded,safe_exit_or_recovery_handoff,primvar_safe_exit_or_recovery_handoff_transition_object_89fe6c2843f5,not_active_no_candidate_path_memory,True,primvar_safe_exit_or_recovery_handoff_transition_object_89fe6c2843f5,primvar_safe_exit_or_recovery_handoff_transition_object_89fe6c2843f5,0.0,0.0,0.03,0.0,0.0,0.0,0.0,0.0,0.0,0.0,0.9841055731720354,0.0,0.0,0.1,0.2,0.0,0.0,0,0,1.0,0.9841055731720354,decision_level_baseline_vs_candidate_path_memory_gap_audit,outer_loop_spatial_flow_belief_safe_explore_exploit_memory_v2_2
balanced_cluster,no_memory_baseline,0,final_heldout,2,r10_l7_full_domain_randomisation_arena_wide_training,r10_l7_full_domain_randomisation_arena_wide_training,r10_balanced_cluster_no_memory_baseline_final_0002,7,inflight_recovery_edge,recoverable_degraded,safe_exit_or_recovery_handoff,primvar_safe_exit_or_recovery_handoff_transition_object_89fe6c2843f5,not_active_no_candidate_path_memory,True,primvar_safe_exit_or_recovery_handoff_transition_object_89fe6c2843f5,primvar_safe_exit_or_recovery_handoff_transition_object_89fe6c2843f5,0.0,0.0,0.03,0.0,0.0,0.0,0.0,0.0,0.0,0.0,1.0,0.0,0.0,0.1,0.2,0.0,0.0,0,0,1.0,1.0,decision_level_baseline_vs_candidate_path_memory_gap_audit,outer_loop_spatial_flow_belief_safe_explore_exploit_memory_v2_2
balanced_cluster,no_memory_baseline,0,final_heldout,2,r10_l7_full_domain_randomisation_arena_wide_training,r10_l7_full_domain_randomisation_arena_wide_training,r10_balanced_cluster_no_memory_baseline_final_0002,8,inflight_boundary_near,boundary_near,energy_retaining_bank,primvar_energy_retaining_bank_transition_object_f378f7a74cce,not_active_no_candidate_path_memory,True,primvar_energy_retaining_bank_transition_object_f378f7a74cce,primvar_energy_retaining_bank_transition_object_f378f7a74cce,0.0,0.0,0.03,0.0,0.0,0.0,0.0,0.0,0.0,0.0,1.0,0.0,0.0,0.1,0.2,0.0,0.0,0,0,1.0,1.0,decision_level_baseline_vs_candidate_path_memory_gap_audit,outer_loop_spatial_flow_belief_safe_explore_exploit_memory_v2_2
balanced_cluster,no_memory_baseline,0,final_heldout,2,r10_l7_full_domain_randomisation_arena_wide_training,r10_l7_full_domain_randomisation_arena_wide_training,r10_balanced_cluster_no_memory_baseline_final_0002,9,inflight_boundary_near,boundary_near,energy_retaining_bank,primvar_energy_retaining_bank_transition_object_f378f7a74cce,not_active_no_candidate_path_memory,True,primvar_energy_retaining_bank_transition_object_f378f7a74cce,primvar_energy_retaining_bank_transition_object_f378f7a74cce,0.0,0.0,0.03,0.0,0.0,0.0,0.0,0.0,0.0,0.0,1.0,0.0,0.0,0.1,0.2,0.0,0.0,0,0,1.0,1.0,decision_level_baseline_vs_candidate_path_memory_gap_audit,outer_loop_spatial_flow_belief_safe_explore_exploit_memory_v2_2
balanced_cluster,no_memory_baseline,0,final_heldout,2,r10_l7_full_domain_randomisation_arena_wide_training,r10_l7_full_domain_randomisation_arena_wide_training,r10_balanced_cluster_no_memory_baseline_final_0002,10,inflight_boundary_near,boundary_near,energy_retaining_bank,primvar_energy_retaining_bank_transition_object_f378f7a74cce,not_active_no_candidate_path_memory,True,primvar_energy_retaining_bank_transition_object_f378f7a74cce,primvar_energy_retaining_bank_transition_object_f378f7a74cce,0.0,0.0,0.03,0.0,0.0,0.0,0.0,0.0,0.0,0.0,1.0,0.0,0.0,0.1,0.2,0.0,0.0,0,0,1.0,1.0,decision_level_baseline_vs_candidate_path_memory_gap_audit,outer_loop_spatial_flow_belief_safe_explore_exploit_memory_v2_2
balanced_cluster,no_memory_baseline,0,final_heldout,2,r10_l7_full_domain_randomisation_arena_wide_training,r10_l7_full_domain_randomisation_arena_wide_training,r10_balanced_cluster_no_memory_baseline_final_0002,11,inflight_boundary_near,boundary_near,lift_entry,primvar_lift_entry_transition_object_28b2b3339374,not_active_no_candidate_path_memory,True,primvar_lift_entry_transition_object_28b2b3339374,primvar_lift_entry_transition_object_28b2b3339374,0.0,0.0,0.03,0.0,0.0,0.0,0.0,0.0,0.0,0.0,1.0,0.0,0.0,0.1,0.2,0.0,0.0,0,0,1.0,1.0,decision_level_baseline_vs_candidate_path_memory_gap_audit,outer_loop_spatial_flow_belief_safe_explore_exploit_memory_v2_2
balanced_cluster,no_memory_baseline,0,final_heldout,3,r10_l7_full_domain_randomisation_arena_wide_training,r10_l7_full_domain_randomisation_arena_wide_training,r10_balanced_cluster_no_memory_baseline_final_0003,0,launch_gate,launch_gate,lift_dwell_arc,primvar_lift_dwell_arc_transition_object_3319bf584ff9,not_active_no_candidate_path_memory,True,primvar_lift_dwell_arc_transition_object_3319bf584ff9,primvar_lift_dwell_arc_transition_object_3319bf584ff9,0.0,0.0,0.03,0.0,0.0,0.0,0.0,0.0,0.0,0.0,0.7488611774484629,0.0,0.0,0.1,0.2,0.0,0.0,0,0,1.0,0.7488611774484629,decision_level_baseline_vs_candidate_path_memory_gap_audit,outer_loop_spatial_flow_belief_safe_explore_exploit_memory_v2_2
balanced_cluster,no_memory_baseline,0,final_heldout,3,r10_l7_full_domain_randomisation_arena_wide_training,r10_l7_full_domain_randomisation_arena_wide_training,r10_balanced_cluster_no_memory_baseline_final_0003,1,inflight_boundary_near,boundary_near,lift_dwell_arc,primvar_lift_dwell_arc_transition_object_429425bf6b2c,not_active_no_candidate_path_memory,True,primvar_lift_dwell_arc_transition_object_429425bf6b2c,primvar_lift_dwell_arc_transition_object_429425bf6b2c,0.0,0.0,0.03,0.0,0.0,0.0,0.0,0.0,0.0,0.0,0.8260866759998511,0.0,0.0,0.1,0.2,0.0,0.0,0,0,1.0,0.8260866759998511,decision_level_baseline_vs_candidate_path_memory_gap_audit,outer_loop_spatial_flow_belief_safe_explore_exploit_memory_v2_2
balanced_cluster,no_memory_baseline,0,final_heldout,3,r10_l7_full_domain_randomisation_arena_wide_training,r10_l7_full_domain_randomisation_arena_wide_training,r10_balanced_cluster_no_memory_baseline_final_0003,2,inflight_boundary_near,boundary_near,lift_dwell_arc,primvar_lift_dwell_arc_transition_object_429425bf6b2c,not_active_no_candidate_path_memory,True,primvar_lift_dwell_arc_transition_object_429425bf6b2c,primvar_lift_dwell_arc_transition_object_429425bf6b2c,0.0,0.0,0.03,0.0,0.0,0.0,0.0,0.0,0.0,0.0,0.9282516696470784,0.0,0.0,0.1,0.2,0.0,0.0,0,0,1.0,0.9282516696470784,decision_level_baseline_vs_candidate_path_memory_gap_audit,outer_loop_spatial_flow_belief_safe_explore_exploit_memory_v2_2
balanced_cluster,no_memory_baseline,0,final_heldout,3,r10_l7_full_domain_randomisation_arena_wide_training,r10_l7_full_domain_randomisation_arena_wide_training,r10_balanced_cluster_no_memory_baseline_final_0003,3,inflight_boundary_near,boundary_near,lift_entry,primvar_lift_entry_transition_object_7cbbfa819927,not_active_no_candidate_path_memory,True,primvar_lift_entry_transition_object_7cbbfa819927,primvar_lift_entry_transition_object_7cbbfa819927,0.0,0.0,0.03,0.0,0.0,0.0,0.0,0.0,0.0,0.0,1.0,0.0,0.0,0.1,0.2,0.0,0.0,0,0,1.0,1.0,decision_level_baseline_vs_candidate_path_memory_gap_audit,outer_loop_spatial_flow_belief_safe_explore_exploit_memory_v2_2
balanced_cluster,no_memory_baseline,0,final_heldout,3,r10_l7_full_domain_randomisation_arena_wide_training,r10_l7_full_domain_randomisation_arena_wide_training,r10_balanced_cluster_no_memory_baseline_final_0003,4,inflight_boundary_near,boundary_near,lift_entry,primvar_lift_entry_transition_object_7cbbfa819927,not_active_no_candidate_path_memory,True,primvar_lift_entry_transition_object_7cbbfa819927,primvar_lift_entry_transition_object_7cbbfa819927,0.0,0.0,0.03,0.0,0.0,0.0,0.0,0.0,0.0,0.0,1.0,0.0,0.0,0.1,0.2,0.0,0.0,0,0,1.0,1.0,decision_level_baseline_vs_candidate_path_memory_gap_audit,outer_loop_spatial_flow_belief_safe_explore_exploit_memory_v2_2
balanced_cluster,no_memory_baseline,0,final_heldout,3,r10_l7_full_domain_randomisation_arena_wide_training,r10_l7_full_domain_randomisation_arena_wide_training,r10_balanced_cluster_no_memory_baseline_final_0003,5,inflight_boundary_near,boundary_near,lift_dwell_arc,primvar_lift_dwell_arc_transition_object_429425bf6b2c,not_active_no_candidate_path_memory,True,primvar_lift_dwell_arc_transition_object_429425bf6b2c,primvar_lift_dwell_arc_transition_object_429425bf6b2c,0.0,0.0,0.03,0.0,0.0,0.0,0.0,0.0,0.0,0.0,1.0,0.0,0.0,0.1,0.2,0.0,0.0,0,0,1.0,1.0,decision_level_baseline_vs_candidate_path_memory_gap_audit,outer_loop_spatial_flow_belief_safe_explore_exploit_memory_v2_2
balanced_cluster,no_memory_baseline,0,final_heldout,3,r10_l7_full_domain_randomisation_arena_wide_training,r10_l7_full_domain_randomisation_arena_wide_training,r10_balanced_cluster_no_memory_baseline_final_0003,6,inflight_boundary_near,boundary_near,recovery,primvar_recovery_transition_object_5e492c9a9375,not_active_no_candidate_path_memory,True,primvar_recovery_transition_object_5e492c9a9375,primvar_recovery_transition_object_5e492c9a9375,0.0,0.0,0.03,0.0,0.0,0.0,0.0,0.0,0.0,0.0,1.0,0.0,0.0,0.1,0.2,0.0,0.0,0,0,1.0,1.0,decision_level_baseline_vs_candidate_path_memory_gap_audit,outer_loop_spatial_flow_belief_safe_explore_exploit_memory_v2_2
balanced_cluster,no_memory_baseline,0,final_heldout,3,r10_l7_full_domain_randomisation_arena_wide_training,r10_l7_full_domain_randomisation_arena_wide_training,r10_balanced_cluster_no_memory_baseline_final_0003,7,inflight_boundary_near,boundary_near,recovery,primvar_recovery_transition_object_5e492c9a9375,not_active_no_candidate_path_memory,True,primvar_recovery_transition_object_5e492c9a9375,primvar_recovery_transition_object_5e492c9a9375,0.0,0.0,0.03,0.0,0.0,0.0,0.0,0.0,0.0,0.0,1.0,0.0,0.0,0.1,0.2,0.0,0.0,0,0,1.0,1.0,decision_level_baseline_vs_candidate_path_memory_gap_audit,outer_loop_spatial_flow_belief_safe_explore_exploit_memory_v2_2
balanced_cluster,no_memory_baseline,0,final_heldout,4,r10_l7_full_domain_randomisation_arena_wide_training,r10_l7_full_domain_randomisation_arena_wide_training,r10_balanced_cluster_no_memory_baseline_final_0004,0,launch_gate,launch_gate,glide,primvar_glide_transition_object_ad817af95d9e,not_active_no_candidate_path_memory,True,primvar_glide_transition_object_ad817af95d9e,primvar_glide_transition_object_ad817af95d9e,0.0,0.0,0.03,0.0,0.0,0.0,0.0,0.0,0.0,0.0,0.5957927290757824,0.0,0.0,0.1,0.2,0.0,0.0,0,0,1.0,0.5957927290757824,decision_level_baseline_vs_candidate_path_memory_gap_audit,outer_loop_spatial_flow_belief_safe_explore_exploit_memory_v2_2
balanced_cluster,no_memory_baseline,0,final_heldout,4,r10_l7_full_domain_randomisation_arena_wide_training,r10_l7_full_domain_randomisation_arena_wide_training,r10_balanced_cluster_no_memory_baseline_final_0004,1,inflight_nominal,inflight_stable,lift_entry,primvar_lift_entry_transition_object_cbc5fe69f0f0,not_active_no_candidate_path_memory,True,primvar_lift_entry_transition_object_cbc5fe69f0f0,primvar_lift_entry_transition_object_cbc5fe69f0f0,0.0,0.0,0.03,0.0,0.0,0.0,0.0,0.0,0.0,0.0,0.631103977857251,0.0,0.0,0.1,0.2,0.0,0.0,0,0,1.0,0.631103977857251,decision_level_baseline_vs_candidate_path_memory_gap_audit,outer_loop_spatial_flow_belief_safe_explore_exploit_memory_v2_2
balanced_cluster,no_memory_baseline,0,final_heldout,4,r10_l7_full_domain_randomisation_arena_wide_training,r10_l7_full_domain_randomisation_arena_wide_training,r10_balanced_cluster_no_memory_baseline_final_0004,2,inflight_recovery_edge,recoverable_degraded,safe_exit_or_recovery_handoff,primvar_safe_exit_or_recovery_handoff_transition_object_89fe6c2843f5,not_active_no_candidate_path_memory,True,primvar_safe_exit_or_recovery_handoff_transition_object_89fe6c2843f5,primvar_safe_exit_or_recovery_handoff_transition_object_89fe6c2843f5,0.0,0.0,0.03,0.0,0.0,0.0,0.0,0.0,0.0,0.0,0.6711373974881757,0.0,0.0,0.1,0.2,0.0,0.0,0,0,1.0,0.6711373974881757,decision_level_baseline_vs_candidate_path_memory_gap_audit,outer_loop_spatial_flow_belief_safe_explore_exploit_memory_v2_2
balanced_cluster,no_memory_baseline,0,final_heldout,4,r10_l7_full_domain_randomisation_arena_wide_training,r10_l7_full_domain_randomisation_arena_wide_training,r10_balanced_cluster_no_memory_baseline_final_0004,3,inflight_recovery_edge,recoverable_degraded,safe_exit_or_recovery_handoff,primvar_safe_exit_or_recovery_handoff_transition_object_89fe6c2843f5,not_active_no_candidate_path_memory,True,primvar_safe_exit_or_recovery_handoff_transition_object_89fe6c2843f5,primvar_safe_exit_or_recovery_handoff_transition_object_89fe6c2843f5,0.0,0.0,0.03,0.0,0.0,0.0,0.0,0.0,0.0,0.0,0.7205372226008862,0.0,0.0,0.1,0.2,0.0,0.0,0,0,1.0,0.7205372226008862,decision_level_baseline_vs_candidate_path_memory_gap_audit,outer_loop_spatial_flow_belief_safe_explore_exploit_memory_v2_2
balanced_cluster,no_memory_baseline,0,final_heldout,4,r10_l7_full_domain_randomisation_arena_wide_training,r10_l7_full_domain_randomisation_arena_wide_training,r10_balanced_cluster_no_memory_baseline_final_0004,4,inflight_boundary_near,boundary_near,energy_retaining_bank,primvar_energy_retaining_bank_transition_object_f378f7a74cce,not_active_no_candidate_path_memory,True,primvar_energy_retaining_bank_transition_object_f378f7a74cce,primvar_energy_retaining_bank_transition_object_f378f7a74cce,0.0,0.0,0.03,0.0,0.0,0.0,0.0,0.0,0.0,0.0,0.7877509490656908,0.0,0.0,0.1,0.2,0.0,0.0,0,0,1.0,0.7877509490656908,decision_level_baseline_vs_candidate_path_memory_gap_audit,outer_loop_spatial_flow_belief_safe_explore_exploit_memory_v2_2
balanced_cluster,no_memory_baseline,0,final_heldout,4,r10_l7_full_domain_randomisation_arena_wide_training,r10_l7_full_domain_randomisation_arena_wide_training,r10_balanced_cluster_no_memory_baseline_final_0004,5,inflight_boundary_near,boundary_near,energy_retaining_bank,primvar_energy_retaining_bank_transition_object_f378f7a74cce,not_active_no_candidate_path_memory,True,primvar_energy_retaining_bank_transition_object_f378f7a74cce,primvar_energy_retaining_bank_transition_object_f378f7a74cce,0.0,0.0,0.03,0.0,0.0,0.0,0.0,0.0,0.0,0.0,0.8638056483779794,0.0,0.0,0.1,0.2,0.0,0.0,0,0,1.0,0.8638056483779794,decision_level_baseline_vs_candidate_path_memory_gap_audit,outer_loop_spatial_flow_belief_safe_explore_exploit_memory_v2_2
balanced_cluster,no_memory_baseline,0,final_heldout,4,r10_l7_full_domain_randomisation_arena_wide_training,r10_l7_full_domain_randomisation_arena_wide_training,r10_balanced_cluster_no_memory_baseline_final_0004,6,inflight_boundary_near,boundary_near,lift_entry,primvar_lift_entry_transition_object_28b2b3339374,not_active_no_candidate_path_memory,True,primvar_lift_entry_transition_object_28b2b3339374,primvar_lift_entry_transition_object_28b2b3339374,0.0,0.0,0.03,0.0,0.0,0.0,0.0,0.0,0.0,0.0,1.0,0.0,0.0,0.1,0.2,0.0,0.0,0,0,1.0,1.0,decision_level_baseline_vs_candidate_path_memory_gap_audit,outer_loop_spatial_flow_belief_safe_explore_exploit_memory_v2_2
balanced_cluster,no_memory_baseline,0,final_heldout,4,r10_l7_full_domain_randomisation_arena_wide_training,r10_l7_full_domain_randomisation_arena_wide_training,r10_balanced_cluster_no_memory_baseline_final_0004,7,inflight_boundary_near,boundary_near,lift_entry,primvar_lift_entry_transition_object_28b2b3339374,not_active_no_candidate_path_memory,True,primvar_lift_entry_transition_object_28b2b3339374,primvar_lift_entry_transition_object_28b2b3339374,0.0,0.0,0.03,0.0,0.0,0.0,0.0,0.0,0.0,0.0,1.0,0.0,0.0,0.1,0.2,0.0,0.0,0,0,1.0,1.0,decision_level_baseline_vs_candidate_path_memory_gap_audit,outer_loop_spatial_flow_belief_safe_explore_exploit_memory_v2_2
balanced_cluster,no_memory_baseline,0,final_heldout,4,r10_l7_full_domain_randomisation_arena_wide_training,r10_l7_full_domain_randomisation_arena_wide_training,r10_balanced_cluster_no_memory_baseline_final_0004,8,inflight_boundary_near,boundary_near,lift_entry,primvar_lift_entry_transition_object_28b2b3339374,not_active_no_candidate_path_memory,True,primvar_lift_entry_transition_object_28b2b3339374,primvar_lift_entry_transition_object_28b2b3339374,0.0,0.0,0.03,0.0,0.0,0.0,0.0,0.0,0.0,0.0,1.0,0.0,0.0,0.1,0.2,0.0,0.0,0,0,1.0,1.0,decision_level_baseline_vs_candidate_path_memory_gap_audit,outer_loop_spatial_flow_belief_safe_explore_exploit_memory_v2_2
balanced_cluster,no_memory_baseline,0,final_heldout,4,r10_l7_full_domain_randomisation_arena_wide_training,r10_l7_full_domain_randomisation_arena_wide_training,r10_balanced_cluster_no_memory_baseline_final_0004,9,inflight_boundary_near,boundary_near,lift_entry,primvar_lift_entry_transition_object_28b2b3339374,not_active_no_candidate_path_memory,True,primvar_lift_entry_transition_object_28b2b3339374,primvar_lift_entry_transition_object_28b2b3339374,0.0,0.0,0.03,0.0,0.0,0.0,0.0,0.0,0.0,0.0,1.0,0.0,0.0,0.1,0.2,0.0,0.0,0,0,1.0,1.0,decision_level_baseline_vs_candidate_path_memory_gap_audit,outer_loop_spatial_flow_belief_safe_explore_exploit_memory_v2_2
balanced_cluster,no_memory_baseline,0,final_heldout,4,r10_l7_full_domain_randomisation_arena_wide_training,r10_l7_full_domain_randomisation_arena_wide_training,r10_balanced_cluster_no_memory_baseline_final_0004,10,inflight_boundary_near,boundary_near,lift_entry,primvar_lift_entry_transition_object_28b2b3339374,not_active_no_candidate_path_memory,True,primvar_lift_entry_transition_object_28b2b3339374,primvar_lift_entry_transition_object_28b2b3339374,0.0,0.0,0.03,0.0,0.0,0.0,0.0,0.0,0.0,0.0,1.0,0.0,0.0,0.1,0.2,0.0,0.0,0,0,1.0,1.0,decision_level_baseline_vs_candidate_path_memory_gap_audit,outer_loop_spatial_flow_belief_safe_explore_exploit_memory_v2_2
balanced_cluster,no_memory_baseline,0,final_heldout,5,r10_l7_full_domain_randomisation_arena_wide_training,r10_l7_full_domain_randomisation_arena_wide_training,r10_balanced_cluster_no_memory_baseline_final_0005,0,launch_gate,launch_gate,mild_turn_right,primvar_mild_turn_right_transition_object_31fc88ec0052,not_active_no_candidate_path_memory,True,primvar_mild_turn_right_transition_object_31fc88ec0052,primvar_mild_turn_right_transition_object_31fc88ec0052,0.0,0.0,0.03,0.0,0.0,0.0,0.0,0.0,0.0,0.0,0.7702041677361668,0.0,0.0,0.1,0.2,0.0,0.0,0,0,1.0,0.7702041677361668,decision_level_baseline_vs_candidate_path_memory_gap_audit,outer_loop_spatial_flow_belief_safe_explore_exploit_memory_v2_2
balanced_cluster,no_memory_baseline,0,final_heldout,5,r10_l7_full_domain_randomisation_arena_wide_training,r10_l7_full_domain_randomisation_arena_wide_training,r10_balanced_cluster_no_memory_baseline_final_0005,1,inflight_boundary_near,boundary_near,lift_dwell_arc,primvar_lift_dwell_arc_transition_object_429425bf6b2c,not_active_no_candidate_path_memory,True,primvar_lift_dwell_arc_transition_object_429425bf6b2c,primvar_lift_dwell_arc_transition_object_429425bf6b2c,0.0,0.0,0.03,0.0,0.0,0.0,0.0,0.0,0.0,0.0,0.8099278852035374,0.0,0.0,0.1,0.2,0.0,0.0,0,0,1.0,0.8099278852035374,decision_level_baseline_vs_candidate_path_memory_gap_audit,outer_loop_spatial_flow_belief_safe_explore_exploit_memory_v2_2
balanced_cluster,no_memory_baseline,0,final_heldout,5,r10_l7_full_domain_randomisation_arena_wide_training,r10_l7_full_domain_randomisation_arena_wide_training,r10_balanced_cluster_no_memory_baseline_final_0005,2,inflight_boundary_near,boundary_near,recovery,primvar_recovery_transition_object_5e492c9a9375,not_active_no_candidate_path_memory,True,primvar_recovery_transition_object_5e492c9a9375,primvar_recovery_transition_object_5e492c9a9375,0.0,0.0,0.03,0.0,0.0,0.0,0.0,0.0,0.0,0.0,0.8440335038231361,0.0,0.0,0.1,0.2,0.0,0.0,0,0,1.0,0.8440335038231361,decision_level_baseline_vs_candidate_path_memory_gap_audit,outer_loop_spatial_flow_belief_safe_explore_exploit_memory_v2_2
balanced_cluster,no_memory_baseline,0,final_heldout,5,r10_l7_full_domain_randomisation_arena_wide_training,r10_l7_full_domain_randomisation_arena_wide_training,r10_balanced_cluster_no_memory_baseline_final_0005,3,inflight_boundary_near,boundary_near,recovery,primvar_recovery_transition_object_5e492c9a9375,not_active_no_candidate_path_memory,True,primvar_recovery_transition_object_5e492c9a9375,primvar_recovery_transition_object_5e492c9a9375,0.0,0.0,0.03,0.0,0.0,0.0,0.0,0.0,0.0,0.0,0.9551674965368684,0.0,0.0,0.1,0.2,0.0,0.0,0,0,1.0,0.9551674965368684,decision_level_baseline_vs_candidate_path_memory_gap_audit,outer_loop_spatial_flow_belief_safe_explore_exploit_memory_v2_2
balanced_cluster,no_memory_baseline,0,final_heldout,5,r10_l7_full_domain_randomisation_arena_wide_training,r10_l7_full_domain_randomisation_arena_wide_training,r10_balanced_cluster_no_memory_baseline_final_0005,4,inflight_boundary_near,boundary_near,glide,primvar_glide_transition_object_a48e56700ce9,not_active_no_candidate_path_memory,True,primvar_glide_transition_object_a48e56700ce9,primvar_glide_transition_object_a48e56700ce9,0.0,0.0,0.03,0.0,0.0,0.0,0.0,0.0,0.0,0.0,1.0,0.0,0.0,0.1,0.2,0.0,0.0,0,0,1.0,1.0,decision_level_baseline_vs_candidate_path_memory_gap_audit,outer_loop_spatial_flow_belief_safe_explore_exploit_memory_v2_2
balanced_cluster,no_memory_baseline,0,final_heldout,5,r10_l7_full_domain_randomisation_arena_wide_training,r10_l7_full_domain_randomisation_arena_wide_training,r10_balanced_cluster_no_memory_baseline_final_0005,5,inflight_boundary_near,boundary_near,mild_turn_left,primvar_mild_turn_left_transition_object_72b921ad790a,not_active_no_candidate_path_memory,True,primvar_mild_turn_left_transition_object_72b921ad790a,primvar_mild_turn_left_transition_object_72b921ad790a,0.0,0.0,0.03,0.0,0.0,0.0,0.0,0.0,0.0,0.0,1.0,0.0,0.0,0.1,0.2,0.0,0.0,0,0,1.0,1.0,decision_level_baseline_vs_candidate_path_memory_gap_audit,outer_loop_spatial_flow_belief_safe_explore_exploit_memory_v2_2
balanced_cluster,no_memory_baseline,0,final_heldout,5,r10_l7_full_domain_randomisation_arena_wide_training,r10_l7_full_domain_randomisation_arena_wide_training,r10_balanced_cluster_no_memory_baseline_final_0005,6,inflight_boundary_near,boundary_near,mild_turn_left,primvar_mild_turn_left_transition_object_72b921ad790a,not_active_no_candidate_path_memory,True,primvar_mild_turn_left_transition_object_72b921ad790a,primvar_mild_turn_left_transition_object_72b921ad790a,0.0,0.0,0.03,0.0,0.0,0.0,0.0,0.0,0.0,0.0,1.0,0.0,0.0,0.1,0.2,0.0,0.0,0,0,1.0,1.0,decision_level_baseline_vs_candidate_path_memory_gap_audit,outer_loop_spatial_flow_belief_safe_explore_exploit_memory_v2_2
balanced_cluster,no_memory_baseline,0,final_heldout,5,r10_l7_full_domain_randomisation_arena_wide_training,r10_l7_full_domain_randomisation_arena_wide_training,r10_balanced_cluster_no_memory_baseline_final_0005,7,inflight_boundary_near,boundary_near,mild_turn_left,primvar_mild_turn_left_transition_object_72b921ad790a,not_active_no_candidate_path_memory,True,primvar_mild_turn_left_transition_object_72b921ad790a,primvar_mild_turn_left_transition_object_72b921ad790a,0.0,0.0,0.03,0.0,0.0,0.0,0.0,0.0,0.0,0.0,1.0,0.0,0.0,0.1,0.2,0.0,0.0,0,0,1.0,1.0,decision_level_baseline_vs_candidate_path_memory_gap_audit,outer_loop_spatial_flow_belief_safe_explore_exploit_memory_v2_2
balanced_cluster,no_memory_baseline,0,final_heldout,5,r10_l7_full_domain_randomisation_arena_wide_training,r10_l7_full_domain_randomisation_arena_wide_training,r10_balanced_cluster_no_memory_baseline_final_0005,8,inflight_boundary_near,boundary_near,mild_turn_left,primvar_mild_turn_left_transition_object_72b921ad790a,not_active_no_candidate_path_memory,True,primvar_mild_turn_left_transition_object_72b921ad790a,primvar_mild_turn_left_transition_object_72b921ad790a,0.0,0.0,0.03,0.0,0.0,0.0,0.0,0.0,0.0,0.0,1.0,0.0,0.0,0.1,0.2,0.0,0.0,0,0,1.0,1.0,decision_level_baseline_vs_candidate_path_memory_gap_audit,outer_loop_spatial_flow_belief_safe_explore_exploit_memory_v2_2
balanced_cluster,no_memory_baseline,0,final_heldout,6,r10_l7_full_domain_randomisation_arena_wide_training,r10_l7_full_domain_randomisation_arena_wide_training,r10_balanced_cluster_no_memory_baseline_final_0006,0,launch_gate,launch_gate,mild_turn_left,primvar_mild_turn_left_transition_object_c5942d118f74,not_active_no_candidate_path_memory,True,primvar_mild_turn_left_transition_object_c5942d118f74,primvar_mild_turn_left_transition_object_c5942d118f74,0.0,0.0,0.03,0.0,0.0,0.0,0.0,0.0,0.0,0.0,0.6393110014564335,0.0,0.0,0.1,0.2,0.0,0.0,0,0,1.0,0.6393110014564335,decision_level_baseline_vs_candidate_path_memory_gap_audit,outer_loop_spatial_flow_belief_safe_explore_exploit_memory_v2_2
balanced_cluster,no_memory_baseline,0,final_heldout,6,r10_l7_full_domain_randomisation_arena_wide_training,r10_l7_full_domain_randomisation_arena_wide_training,r10_balanced_cluster_no_memory_baseline_final_0006,1,inflight_nominal,inflight_stable,lift_entry,primvar_lift_entry_transition_object_cbc5fe69f0f0,not_active_no_candidate_path_memory,True,primvar_lift_entry_transition_object_cbc5fe69f0f0,primvar_lift_entry_transition_object_cbc5fe69f0f0,0.0,0.0,0.03,0.0,0.0,0.0,0.0,0.0,0.0,0.0,0.642762551530536,0.0,0.0,0.1,0.2,0.0,0.0,0,0,1.0,0.642762551530536,decision_level_baseline_vs_candidate_path_memory_gap_audit,outer_loop_spatial_flow_belief_safe_explore_exploit_memory_v2_2
balanced_cluster,no_memory_baseline,0,final_heldout,6,r10_l7_full_domain_randomisation_arena_wide_training,r10_l7_full_domain_randomisation_arena_wide_training,r10_balanced_cluster_no_memory_baseline_final_0006,2,inflight_recovery_edge,recoverable_degraded,safe_exit_or_recovery_handoff,primvar_safe_exit_or_recovery_handoff_transition_object_89fe6c2843f5,not_active_no_candidate_path_memory,True,primvar_safe_exit_or_recovery_handoff_transition_object_89fe6c2843f5,primvar_safe_exit_or_recovery_handoff_transition_object_89fe6c2843f5,0.0,0.0,0.03,0.0,0.0,0.0,0.0,0.0,0.0,0.0,0.6891798984904569,0.0,0.0,0.1,0.2,0.0,0.0,0,0,1.0,0.6891798984904569,decision_level_baseline_vs_candidate_path_memory_gap_audit,outer_loop_spatial_flow_belief_safe_explore_exploit_memory_v2_2
balanced_cluster,no_memory_baseline,0,final_heldout,6,r10_l7_full_domain_randomisation_arena_wide_training,r10_l7_full_domain_randomisation_arena_wide_training,r10_balanced_cluster_no_memory_baseline_final_0006,3,inflight_recovery_edge,recoverable_degraded,safe_exit_or_recovery_handoff,primvar_safe_exit_or_recovery_handoff_transition_object_89fe6c2843f5,not_active_no_candidate_path_memory,True,primvar_safe_exit_or_recovery_handoff_transition_object_89fe6c2843f5,primvar_safe_exit_or_recovery_handoff_transition_object_89fe6c2843f5,0.0,0.0,0.03,0.0,0.0,0.0,0.0,0.0,0.0,0.0,0.7417263597009494,0.0,0.0,0.1,0.2,0.0,0.0,0,0,1.0,0.7417263597009494,decision_level_baseline_vs_candidate_path_memory_gap_audit,outer_loop_spatial_flow_belief_safe_explore_exploit_memory_v2_2
balanced_cluster,no_memory_baseline,0,final_heldout,6,r10_l7_full_domain_randomisation_arena_wide_training,r10_l7_full_domain_randomisation_arena_wide_training,r10_balanced_cluster_no_memory_baseline_final_0006,4,inflight_recovery_edge,recoverable_degraded,safe_exit_or_recovery_handoff,primvar_safe_exit_or_recovery_handoff_transition_object_295e4572e0ce,not_active_no_candidate_path_memory,True,primvar_safe_exit_or_recovery_handoff_transition_object_295e4572e0ce,primvar_safe_exit_or_recovery_handoff_transition_object_295e4572e0ce,0.0,0.0,0.03,0.0,0.0,0.0,0.0,0.0,0.0,0.0,0.5798565005173634,0.0,0.0,0.1,0.2,0.0,0.0,0,0,1.0,0.5798565005173634,decision_level_baseline_vs_candidate_path_memory_gap_audit,outer_loop_spatial_flow_belief_safe_explore_exploit_memory_v2_2
balanced_cluster,no_memory_baseline,0,final_heldout,6,r10_l7_full_domain_randomisation_arena_wide_training,r10_l7_full_domain_randomisation_arena_wide_training,r10_balanced_cluster_no_memory_baseline_final_0006,5,inflight_recovery_edge,recoverable_degraded,safe_exit_or_recovery_handoff,primvar_safe_exit_or_recovery_handoff_transition_object_295e4572e0ce,not_active_no_candidate_path_memory,True,primvar_safe_exit_or_recovery_handoff_transition_object_295e4572e0ce,primvar_safe_exit_or_recovery_handoff_transition_object_295e4572e0ce,0.0,0.0,0.03,0.0,0.0,0.0,0.0,0.0,0.0,0.0,0.6183725327758013,0.0,0.0,0.1,0.2,0.0,0.0,0,0,1.0,0.6183725327758013,decision_level_baseline_vs_candidate_path_memory_gap_audit,outer_loop_spatial_flow_belief_safe_explore_exploit_memory_v2_2
balanced_cluster,no_memory_baseline,0,final_heldout,6,r10_l7_full_domain_randomisation_arena_wide_training,r10_l7_full_domain_randomisation_arena_wide_training,r10_balanced_cluster_no_memory_baseline_final_0006,6,inflight_recovery_edge,recoverable_degraded,safe_exit_or_recovery_handoff,primvar_safe_exit_or_recovery_handoff_transition_object_295e4572e0ce,not_active_no_candidate_path_memory,True,primvar_safe_exit_or_recovery_handoff_transition_object_295e4572e0ce,primvar_safe_exit_or_recovery_handoff_transition_object_295e4572e0ce,0.0,0.0,0.03,0.0,0.0,0.0,0.0,0.0,0.0,0.0,0.6596827353952363,0.0,0.0,0.1,0.2,0.0,0.0,0,0,1.0,0.6596827353952363,decision_level_baseline_vs_candidate_path_memory_gap_audit,outer_loop_spatial_flow_belief_safe_explore_exploit_memory_v2_2
balanced_cluster,no_memory_baseline,0,final_heldout,6,r10_l7_full_domain_randomisation_arena_wide_training,r10_l7_full_domain_randomisation_arena_wide_training,r10_balanced_cluster_no_memory_baseline_final_0006,7,inflight_recovery_edge,recoverable_degraded,safe_exit_or_recovery_handoff,primvar_safe_exit_or_recovery_handoff_transition_object_295e4572e0ce,not_active_no_candidate_path_memory,True,primvar_safe_exit_or_recovery_handoff_transition_object_295e4572e0ce,primvar_safe_exit_or_recovery_handoff_transition_object_295e4572e0ce,0.0,0.0,0.03,0.0,0.0,0.0,0.0,0.0,0.0,0.0,0.7042800053793778,0.0,0.0,0.1,0.2,0.0,0.0,0,0,1.0,0.7042800053793778,decision_level_baseline_vs_candidate_path_memory_gap_audit,outer_loop_spatial_flow_belief_safe_explore_exploit_memory_v2_2
balanced_cluster,no_memory_baseline,0,final_heldout,6,r10_l7_full_domain_randomisation_arena_wide_training,r10_l7_full_domain_randomisation_arena_wide_training,r10_balanced_cluster_no_memory_baseline_final_0006,8,inflight_recovery_edge,recoverable_degraded,safe_exit_or_recovery_handoff,primvar_safe_exit_or_recovery_handoff_transition_object_295e4572e0ce,not_active_no_candidate_path_memory,True,primvar_safe_exit_or_recovery_handoff_transition_object_295e4572e0ce,primvar_safe_exit_or_recovery_handoff_transition_object_295e4572e0ce,0.0,0.0,0.03,0.0,0.0,0.0,0.0,0.0,0.0,0.0,0.7453131865766852,0.0,0.0,0.1,0.2,0.0,0.0,0,0,1.0,0.7453131865766852,decision_level_baseline_vs_candidate_path_memory_gap_audit,outer_loop_spatial_flow_belief_safe_explore_exploit_memory_v2_2
balanced_cluster,no_memory_baseline,0,final_heldout,6,r10_l7_full_domain_randomisation_arena_wide_training,r10_l7_full_domain_randomisation_arena_wide_training,r10_balanced_cluster_no_memory_baseline_final_0006,9,inflight_boundary_near,boundary_near,mild_turn_left,primvar_mild_turn_left_transition_object_8f717fa6b160,not_active_no_candidate_path_memory,True,primvar_mild_turn_left_transition_object_8f717fa6b160,primvar_mild_turn_left_transition_object_8f717fa6b160,0.0,0.0,0.03,0.0,0.0,0.0,0.0,0.0,0.0,0.0,0.7910514696761756,0.0,0.0,0.1,0.2,0.0,0.0,0,0,1.0,0.7910514696761756,decision_level_baseline_vs_candidate_path_memory_gap_audit,outer_loop_spatial_flow_belief_safe_explore_exploit_memory_v2_2
balanced_cluster,no_memory_baseline,0,final_heldout,6,r10_l7_full_domain_randomisation_arena_wide_training,r10_l7_full_domain_randomisation_arena_wide_training,r10_balanced_cluster_no_memory_baseline_final_0006,10,inflight_boundary_near,boundary_near,mild_turn_left,primvar_mild_turn_left_transition_object_8f717fa6b160,not_active_no_candidate_path_memory,True,primvar_mild_turn_left_transition_object_8f717fa6b160,primvar_mild_turn_left_transition_object_8f717fa6b160,0.0,0.0,0.03,0.0,0.0,0.0,0.0,0.0,0.0,0.0,0.7826738642331466,0.0,0.0,0.1,0.2,0.0,0.0,0,0,1.0,0.7826738642331466,decision_level_baseline_vs_candidate_path_memory_gap_audit,outer_loop_spatial_flow_belief_safe_explore_exploit_memory_v2_2
balanced_cluster,no_memory_baseline,0,final_heldout,6,r10_l7_full_domain_randomisation_arena_wide_training,r10_l7_full_domain_randomisation_arena_wide_training,r10_balanced_cluster_no_memory_baseline_final_0006,11,inflight_boundary_near,boundary_near,mild_turn_left,primvar_mild_turn_left_transition_object_8f717fa6b160,not_active_no_candidate_path_memory,True,primvar_mild_turn_left_transition_object_8f717fa6b160,primvar_mild_turn_left_transition_object_8f717fa6b160,0.0,0.0,0.03,0.0,0.0,0.0,0.0,0.0,0.0,0.0,0.7308877906648956,0.0,0.0,0.1,0.2,0.0,0.0,0,0,1.0,0.7308877906648956,decision_level_baseline_vs_candidate_path_memory_gap_audit,outer_loop_spatial_flow_belief_safe_explore_exploit_memory_v2_2
balanced_cluster,no_memory_baseline,0,final_heldout,6,r10_l7_full_domain_randomisation_arena_wide_training,r10_l7_full_domain_randomisation_arena_wide_training,r10_balanced_cluster_no_memory_baseline_final_0006,12,inflight_boundary_near,boundary_near,mild_turn_left,primvar_mild_turn_left_transition_object_8f717fa6b160,not_active_no_candidate_path_memory,True,primvar_mild_turn_left_transition_object_8f717fa6b160,primvar_mild_turn_left_transition_object_8f717fa6b160,0.0,0.0,0.03,0.0,0.0,0.0,0.0,0.0,0.0,0.0,0.6149622658680574,0.0,0.0,0.1,0.2,0.0,0.0,0,0,1.0,0.6149622658680574,decision_level_baseline_vs_candidate_path_memory_gap_audit,outer_loop_spatial_flow_belief_safe_explore_exploit_memory_v2_2
balanced_cluster,no_memory_baseline,0,final_heldout,6,r10_l7_full_domain_randomisation_arena_wide_training,r10_l7_full_domain_randomisation_arena_wide_training,r10_balanced_cluster_no_memory_baseline_final_0006,13,inflight_boundary_near,boundary_near,mild_turn_left,primvar_mild_turn_left_transition_object_8f717fa6b160,not_active_no_candidate_path_memory,True,primvar_mild_turn_left_transition_object_8f717fa6b160,primvar_mild_turn_left_transition_object_8f717fa6b160,0.0,0.0,0.03,0.0,0.0,0.0,0.0,0.0,0.0,0.0,0.4093207985417088,0.0,0.0,0.1,0.2,0.0,0.0,0,0,1.0,0.4093207985417088,decision_level_baseline_vs_candidate_path_memory_gap_audit,outer_loop_spatial_flow_belief_safe_explore_exploit_memory_v2_2
balanced_cluster,no_memory_baseline,0,final_heldout,7,r10_l7_full_domain_randomisation_arena_wide_training,r10_l7_full_domain_randomisation_arena_wide_training,r10_balanced_cluster_no_memory_baseline_final_0007,0,launch_gate,launch_gate,lift_entry,primvar_lift_entry_transition_object_98afa4aae6f0,not_active_no_candidate_path_memory,True,primvar_lift_entry_transition_object_98afa4aae6f0,primvar_lift_entry_transition_object_98afa4aae6f0,0.0,0.0,0.03,0.0,0.0,0.0,0.0,0.0,0.0,0.0,0.4843472575776184,0.0,0.0,0.1,0.2,0.0,0.0,0,0,1.0,0.4843472575776184,decision_level_baseline_vs_candidate_path_memory_gap_audit,outer_loop_spatial_flow_belief_safe_explore_exploit_memory_v2_2
balanced_cluster,no_memory_baseline,0,final_heldout,7,r10_l7_full_domain_randomisation_arena_wide_training,r10_l7_full_domain_randomisation_arena_wide_training,r10_balanced_cluster_no_memory_baseline_final_0007,1,inflight_nominal,inflight_stable,glide,primvar_glide_transition_object_9fabfcb9ede1,not_active_no_candidate_path_memory,True,primvar_glide_transition_object_9fabfcb9ede1,primvar_glide_transition_object_9fabfcb9ede1,0.0,0.0,0.03,0.0,0.0,0.0,0.0,0.0,0.0,0.0,0.501727108100898,0.0,0.0,0.1,0.2,0.0,0.0,0,0,1.0,0.501727108100898,decision_level_baseline_vs_candidate_path_memory_gap_audit,outer_loop_spatial_flow_belief_safe_explore_exploit_memory_v2_2
balanced_cluster,no_memory_baseline,0,final_heldout,7,r10_l7_full_domain_randomisation_arena_wide_training,r10_l7_full_domain_randomisation_arena_wide_training,r10_balanced_cluster_no_memory_baseline_final_0007,2,inflight_nominal,inflight_stable,glide,primvar_glide_transition_object_9fabfcb9ede1,not_active_no_candidate_path_memory,True,primvar_glide_transition_object_9fabfcb9ede1,primvar_glide_transition_object_9fabfcb9ede1,0.0,0.0,0.03,0.0,0.0,0.0,0.0,0.0,0.0,0.0,0.5217039107537169,0.0,0.0,0.1,0.2,0.0,0.0,0,0,1.0,0.5217039107537169,decision_level_baseline_vs_candidate_path_memory_gap_audit,outer_loop_spatial_flow_belief_safe_explore_exploit_memory_v2_2
balanced_cluster,no_memory_baseline,0,final_heldout,7,r10_l7_full_domain_randomisation_arena_wide_training,r10_l7_full_domain_randomisation_arena_wide_training,r10_balanced_cluster_no_memory_baseline_final_0007,3,inflight_nominal,inflight_stable,lift_dwell_arc,primvar_lift_dwell_arc_transition_object_f5212e7a8993,not_active_no_candidate_path_memory,True,primvar_lift_dwell_arc_transition_object_f5212e7a8993,primvar_lift_dwell_arc_transition_object_f5212e7a8993,0.0,0.0,0.03,0.0,0.0,0.0,0.0,0.0,0.0,0.0,0.5997977053377801,0.0,0.0,0.1,0.2,0.0,0.0,0,0,1.0,0.5997977053377801,decision_level_baseline_vs_candidate_path_memory_gap_audit,outer_loop_spatial_flow_belief_safe_explore_exploit_memory_v2_2
balanced_cluster,no_memory_baseline,0,final_heldout,7,r10_l7_full_domain_randomisation_arena_wide_training,r10_l7_full_domain_randomisation_arena_wide_training,r10_balanced_cluster_no_memory_baseline_final_0007,4,inflight_nominal,inflight_stable,lift_dwell_arc,primvar_lift_dwell_arc_transition_object_f5212e7a8993,not_active_no_candidate_path_memory,True,primvar_lift_dwell_arc_transition_object_f5212e7a8993,primvar_lift_dwell_arc_transition_object_f5212e7a8993,0.0,0.0,0.03,0.0,0.0,0.0,0.0,0.0,0.0,0.0,0.6313040285189999,0.0,0.0,0.1,0.2,0.0,0.0,0,0,1.0,0.6313040285189999,decision_level_baseline_vs_candidate_path_memory_gap_audit,outer_loop_spatial_flow_belief_safe_explore_exploit_memory_v2_2
balanced_cluster,no_memory_baseline,0,final_heldout,7,r10_l7_full_domain_randomisation_arena_wide_training,r10_l7_full_domain_randomisation_arena_wide_training,r10_balanced_cluster_no_memory_baseline_final_0007,5,inflight_nominal,inflight_stable,lift_dwell_arc,primvar_lift_dwell_arc_transition_object_f5212e7a8993,not_active_no_candidate_path_memory,True,primvar_lift_dwell_arc_transition_object_f5212e7a8993,primvar_lift_dwell_arc_transition_object_f5212e7a8993,0.0,0.0,0.03,0.0,0.0,0.0,0.0,0.0,0.0,0.0,0.6678889916505591,0.0,0.0,0.1,0.2,0.0,0.0,0,0,1.0,0.6678889916505591,decision_level_baseline_vs_candidate_path_memory_gap_audit,outer_loop_spatial_flow_belief_safe_explore_exploit_memory_v2_2
balanced_cluster,no_memory_baseline,0,final_heldout,7,r10_l7_full_domain_randomisation_arena_wide_training,r10_l7_full_domain_randomisation_arena_wide_training,r10_balanced_cluster_no_memory_baseline_final_0007,6,inflight_nominal,inflight_stable,lift_dwell_arc,primvar_lift_dwell_arc_transition_object_f5212e7a8993,not_active_no_candidate_path_memory,True,primvar_lift_dwell_arc_transition_object_f5212e7a8993,primvar_lift_dwell_arc_transition_object_f5212e7a8993,0.0,0.0,0.03,0.0,0.0,0.0,0.0,0.0,0.0,0.0,0.7119673506348795,0.0,0.0,0.1,0.2,0.0,0.0,0,0,1.0,0.7119673506348795,decision_level_baseline_vs_candidate_path_memory_gap_audit,outer_loop_spatial_flow_belief_safe_explore_exploit_memory_v2_2
balanced_cluster,no_memory_baseline,0,final_heldout,7,r10_l7_full_domain_randomisation_arena_wide_training,r10_l7_full_domain_randomisation_arena_wide_training,r10_balanced_cluster_no_memory_baseline_final_0007,7,inflight_nominal,inflight_stable,recovery,primvar_recovery_transition_object_4268876749b8,not_active_no_candidate_path_memory,True,primvar_recovery_transition_object_4268876749b8,primvar_recovery_transition_object_4268876749b8,0.0,0.0,0.03,0.0,0.0,0.0,0.0,0.0,0.0,0.0,0.7676492087975328,0.0,0.0,0.1,0.2,0.0,0.0,0,0,1.0,0.7676492087975328,decision_level_baseline_vs_candidate_path_memory_gap_audit,outer_loop_spatial_flow_belief_safe_explore_exploit_memory_v2_2
balanced_cluster,no_memory_baseline,0,final_heldout,7,r10_l7_full_domain_randomisation_arena_wide_training,r10_l7_full_domain_randomisation_arena_wide_training,r10_balanced_cluster_no_memory_baseline_final_0007,8,inflight_nominal,inflight_stable,recovery,primvar_recovery_transition_object_4268876749b8,not_active_no_candidate_path_memory,True,primvar_recovery_transition_object_4268876749b8,primvar_recovery_transition_object_4268876749b8,0.0,0.0,0.03,0.0,0.0,0.0,0.0,0.0,0.0,0.0,0.8411722089156948,0.0,0.0,0.1,0.2,0.0,0.0,0,0,1.0,0.8411722089156948,decision_level_baseline_vs_candidate_path_memory_gap_audit,outer_loop_spatial_flow_belief_safe_explore_exploit_memory_v2_2
balanced_cluster,no_memory_baseline,0,final_heldout,7,r10_l7_full_domain_randomisation_arena_wide_training,r10_l7_full_domain_randomisation_arena_wide_training,r10_balanced_cluster_no_memory_baseline_final_0007,9,inflight_boundary_near,boundary_near,safe_exit_or_recovery_handoff,primvar_safe_exit_or_recovery_handoff_transition_object_c6fd7c11ff80,not_active_no_candidate_path_memory,True,primvar_safe_exit_or_recovery_handoff_transition_object_c6fd7c11ff80,primvar_safe_exit_or_recovery_handoff_transition_object_c6fd7c11ff80,0.0,0.0,0.03,0.0,0.0,0.0,0.0,0.0,0.0,0.0,0.939832537015724,0.0,0.0,0.1,0.2,0.0,0.0,0,0,1.0,0.939832537015724,decision_level_baseline_vs_candidate_path_memory_gap_audit,outer_loop_spatial_flow_belief_safe_explore_exploit_memory_v2_2
balanced_cluster,no_memory_baseline,0,final_heldout,7,r10_l7_full_domain_randomisation_arena_wide_training,r10_l7_full_domain_randomisation_arena_wide_training,r10_balanced_cluster_no_memory_baseline_final_0007,10,inflight_boundary_near,boundary_near,,,,False,,,0.0,0.0,0.0,0.0,0.0,0.0,0.0,0.0,0.0,0.0,1.0,0.0,0.0,0.0,0.0,0.0,0.0,0,0,0.0,0.0,decision_level_baseline_vs_candidate_path_memory_gap_audit,outer_loop_spatial_flow_belief_safe_explore_exploit_memory_v2_2
balanced_cluster,no_memory_baseline,0,final_heldout,8,r10_l7_full_domain_randomisation_arena_wide_training,r10_l7_full_domain_randomisation_arena_wide_training,r10_balanced_cluster_no_memory_baseline_final_0008,0,launch_gate,launch_gate,safe_exit_or_recovery_handoff,primvar_safe_exit_or_recovery_handoff_transition_object_d17d451ad8d8,not_active_no_candidate_path_memory,True,primvar_safe_exit_or_recovery_handoff_transition_object_d17d451ad8d8,primvar_safe_exit_or_recovery_handoff_transition_object_d17d451ad8d8,0.0,0.0,0.03,0.0,0.0,0.0,0.0,0.0,0.0,0.0,0.530179781928334,0.0,0.0,0.1,0.2,0.0,0.0,0,0,1.0,0.530179781928334,decision_level_baseline_vs_candidate_path_memory_gap_audit,outer_loop_spatial_flow_belief_safe_explore_exploit_memory_v2_2
balanced_cluster,no_memory_baseline,0,final_heldout,8,r10_l7_full_domain_randomisation_arena_wide_training,r10_l7_full_domain_randomisation_arena_wide_training,r10_balanced_cluster_no_memory_baseline_final_0008,1,inflight_nominal,inflight_stable,recovery,primvar_recovery_transition_object_4268876749b8,not_active_no_candidate_path_memory,True,primvar_recovery_transition_object_4268876749b8,primvar_recovery_transition_object_4268876749b8,0.0,0.0,0.03,0.0,0.0,0.0,0.0,0.0,0.0,0.0,0.5511246185248406,0.0,0.0,0.1,0.2,0.0,0.0,0,0,1.0,0.5511246185248406,decision_level_baseline_vs_candidate_path_memory_gap_audit,outer_loop_spatial_flow_belief_safe_explore_exploit_memory_v2_2
balanced_cluster,no_memory_baseline,0,final_heldout,8,r10_l7_full_domain_randomisation_arena_wide_training,r10_l7_full_domain_randomisation_arena_wide_training,r10_balanced_cluster_no_memory_baseline_final_0008,2,inflight_recovery_edge,recoverable_degraded,safe_exit_or_recovery_handoff,primvar_safe_exit_or_recovery_handoff_transition_object_295e4572e0ce,not_active_no_candidate_path_memory,True,primvar_safe_exit_or_recovery_handoff_transition_object_295e4572e0ce,primvar_safe_exit_or_recovery_handoff_transition_object_295e4572e0ce,0.0,0.0,0.03,0.0,0.0,0.0,0.0,0.0,0.0,0.0,0.4969253098355076,0.0,0.0,0.1,0.2,0.0,0.0,0,0,1.0,0.4969253098355076,decision_level_baseline_vs_candidate_path_memory_gap_audit,outer_loop_spatial_flow_belief_safe_explore_exploit_memory_v2_2
balanced_cluster,no_memory_baseline,0,final_heldout,8,r10_l7_full_domain_randomisation_arena_wide_training,r10_l7_full_domain_randomisation_arena_wide_training,r10_balanced_cluster_no_memory_baseline_final_0008,3,inflight_recovery_edge,recoverable_degraded,safe_exit_or_recovery_handoff,primvar_safe_exit_or_recovery_handoff_transition_object_295e4572e0ce,not_active_no_candidate_path_memory,True,primvar_safe_exit_or_recovery_handoff_transition_object_295e4572e0ce,primvar_safe_exit_or_recovery_handoff_transition_object_295e4572e0ce,0.0,0.0,0.03,0.0,0.0,0.0,0.0,0.0,0.0,0.0,0.522709908373298,0.0,0.0,0.1,0.2,0.0,0.0,0,0,1.0,0.522709908373298,decision_level_baseline_vs_candidate_path_memory_gap_audit,outer_loop_spatial_flow_belief_safe_explore_exploit_memory_v2_2
balanced_cluster,no_memory_baseline,0,final_heldout,8,r10_l7_full_domain_randomisation_arena_wide_training,r10_l7_full_domain_randomisation_arena_wide_training,r10_balanced_cluster_no_memory_baseline_final_0008,4,inflight_nominal,inflight_stable,recovery,primvar_recovery_transition_object_4268876749b8,not_active_no_candidate_path_memory,True,primvar_recovery_transition_object_4268876749b8,primvar_recovery_transition_object_4268876749b8,0.0,0.0,0.03,0.0,0.0,0.0,0.0,0.0,0.0,0.0,0.6537674232879512,0.0,0.0,0.1,0.2,0.0,0.0,0,0,1.0,0.6537674232879512,decision_level_baseline_vs_candidate_path_memory_gap_audit,outer_loop_spatial_flow_belief_safe_explore_exploit_memory_v2_2
balanced_cluster,no_memory_baseline,0,final_heldout,8,r10_l7_full_domain_randomisation_arena_wide_training,r10_l7_full_domain_randomisation_arena_wide_training,r10_balanced_cluster_no_memory_baseline_final_0008,5,inflight_recovery_edge,recoverable_degraded,safe_exit_or_recovery_handoff,primvar_safe_exit_or_recovery_handoff_transition_object_295e4572e0ce,not_active_no_candidate_path_memory,True,primvar_safe_exit_or_recovery_handoff_transition_object_295e4572e0ce,primvar_safe_exit_or_recovery_handoff_transition_object_295e4572e0ce,0.0,0.0,0.03,0.0,0.0,0.0,0.0,0.0,0.0,0.0,0.5892781833723859,0.0,0.0,0.1,0.2,0.0,0.0,0,0,1.0,0.5892781833723859,decision_level_baseline_vs_candidate_path_memory_gap_audit,outer_loop_spatial_flow_belief_safe_explore_exploit_memory_v2_2
balanced_cluster,no_memory_baseline,0,final_heldout,8,r10_l7_full_domain_randomisation_arena_wide_training,r10_l7_full_domain_randomisation_arena_wide_training,r10_balanced_cluster_no_memory_baseline_final_0008,6,inflight_nominal,inflight_stable,recovery,primvar_recovery_transition_object_4268876749b8,not_active_no_candidate_path_memory,True,primvar_recovery_transition_object_4268876749b8,primvar_recovery_transition_object_4268876749b8,0.0,0.0,0.03,0.0,0.0,0.0,0.0,0.0,0.0,0.0,0.7613054588484801,0.0,0.0,0.1,0.2,0.0,0.0,0,0,1.0,0.7613054588484801,decision_level_baseline_vs_candidate_path_memory_gap_audit,outer_loop_spatial_flow_belief_safe_explore_exploit_memory_v2_2
balanced_cluster,no_memory_baseline,0,final_heldout,8,r10_l7_full_domain_randomisation_arena_wide_training,r10_l7_full_domain_randomisation_arena_wide_training,r10_balanced_cluster_no_memory_baseline_final_0008,7,inflight_nominal,inflight_stable,recovery,primvar_recovery_transition_object_4268876749b8,not_active_no_candidate_path_memory,True,primvar_recovery_transition_object_4268876749b8,primvar_recovery_transition_object_4268876749b8,0.0,0.0,0.03,0.0,0.0,0.0,0.0,0.0,0.0,0.0,0.8390349921977013,0.0,0.0,0.1,0.2,0.0,0.0,0,0,1.0,0.8390349921977013,decision_level_baseline_vs_candidate_path_memory_gap_audit,outer_loop_spatial_flow_belief_safe_explore_exploit_memory_v2_2
balanced_cluster,no_memory_baseline,0,final_heldout,8,r10_l7_full_domain_randomisation_arena_wide_training,r10_l7_full_domain_randomisation_arena_wide_training,r10_balanced_cluster_no_memory_baseline_final_0008,8,inflight_nominal,inflight_stable,lift_entry,primvar_lift_entry_transition_object_a65393bbc7f9,not_active_no_candidate_path_memory,True,primvar_lift_entry_transition_object_a65393bbc7f9,primvar_lift_entry_transition_object_a65393bbc7f9,0.0,0.0,0.03,0.0,0.0,0.0,0.0,0.0,0.0,0.0,1.0,0.0,0.0,0.1,0.2,0.0,0.0,0,0,1.0,1.0,decision_level_baseline_vs_candidate_path_memory_gap_audit,outer_loop_spatial_flow_belief_safe_explore_exploit_memory_v2_2
balanced_cluster,no_memory_baseline,0,final_heldout,8,r10_l7_full_domain_randomisation_arena_wide_training,r10_l7_full_domain_randomisation_arena_wide_training,r10_balanced_cluster_no_memory_baseline_final_0008,9,inflight_boundary_near,boundary_near,mild_turn_right,primvar_mild_turn_right_transition_object_79dc6a9b8274,not_active_no_candidate_path_memory,True,primvar_mild_turn_right_transition_object_79dc6a9b8274,primvar_mild_turn_right_transition_object_79dc6a9b8274,0.0,0.0,0.03,0.0,0.0,0.0,0.0,0.0,0.0,0.0,1.0,0.0,0.0,0.1,0.2,0.0,0.0,0,0,1.0,1.0,decision_level_baseline_vs_candidate_path_memory_gap_audit,outer_loop_spatial_flow_belief_safe_explore_exploit_memory_v2_2
balanced_cluster,no_memory_baseline,0,final_heldout,8,r10_l7_full_domain_randomisation_arena_wide_training,r10_l7_full_domain_randomisation_arena_wide_training,r10_balanced_cluster_no_memory_baseline_final_0008,10,inflight_boundary_near,boundary_near,mild_turn_right,primvar_mild_turn_right_transition_object_79dc6a9b8274,not_active_no_candidate_path_memory,True,primvar_mild_turn_right_transition_object_79dc6a9b8274,primvar_mild_turn_right_transition_object_79dc6a9b8274,0.0,0.0,0.03,0.0,0.0,0.0,0.0,0.0,0.0,0.0,1.0,0.0,0.0,0.1,0.2,0.0,0.0,0,0,1.0,1.0,decision_level_baseline_vs_candidate_path_memory_gap_audit,outer_loop_spatial_flow_belief_safe_explore_exploit_memory_v2_2
balanced_cluster,no_memory_baseline,0,final_heldout,8,r10_l7_full_domain_randomisation_arena_wide_training,r10_l7_full_domain_randomisation_arena_wide_training,r10_balanced_cluster_no_memory_baseline_final_0008,11,inflight_boundary_near,boundary_near,mild_turn_right,primvar_mild_turn_right_transition_object_79dc6a9b8274,not_active_no_candidate_path_memory,True,primvar_mild_turn_right_transition_object_79dc6a9b8274,primvar_mild_turn_right_transition_object_79dc6a9b8274,0.0,0.0,0.03,0.0,0.0,0.0,0.0,0.0,0.0,0.0,1.0,0.0,0.0,0.1,0.2,0.0,0.0,0,0,1.0,1.0,decision_level_baseline_vs_candidate_path_memory_gap_audit,outer_loop_spatial_flow_belief_safe_explore_exploit_memory_v2_2
balanced_cluster,no_memory_baseline,0,final_heldout,9,r10_l7_full_domain_randomisation_arena_wide_training,r10_l7_full_domain_randomisation_arena_wide_training,r10_balanced_cluster_no_memory_baseline_final_0009,0,launch_gate,launch_gate,energy_retaining_bank,primvar_energy_retaining_bank_transition_object_6ec7c5c41896,not_active_no_candidate_path_memory,True,primvar_energy_retaining_bank_transition_object_6ec7c5c41896,primvar_energy_retaining_bank_transition_object_6ec7c5c41896,0.0,0.0,0.03,0.0,0.0,0.0,0.0,0.0,0.0,0.0,0.667579624316996,0.0,0.0,0.1,0.2,0.0,0.0,0,0,1.0,0.667579624316996,decision_level_baseline_vs_candidate_path_memory_gap_audit,outer_loop_spatial_flow_belief_safe_explore_exploit_memory_v2_2
balanced_cluster,no_memory_baseline,0,final_heldout,9,r10_l7_full_domain_randomisation_arena_wide_training,r10_l7_full_domain_randomisation_arena_wide_training,r10_balanced_cluster_no_memory_baseline_final_0009,1,inflight_boundary_near,boundary_near,mild_turn_right,primvar_mild_turn_right_transition_object_7e69bebe251a,not_active_no_candidate_path_memory,True,primvar_mild_turn_right_transition_object_7e69bebe251a,primvar_mild_turn_right_transition_object_7e69bebe251a,0.0,0.0,0.03,0.0,0.0,0.0,0.0,0.0,0.0,0.0,0.7187530952645588,0.0,0.0,0.1,0.2,0.0,0.0,0,0,1.0,0.7187530952645588,decision_level_baseline_vs_candidate_path_memory_gap_audit,outer_loop_spatial_flow_belief_safe_explore_exploit_memory_v2_2
balanced_cluster,no_memory_baseline,0,final_heldout,9,r10_l7_full_domain_randomisation_arena_wide_training,r10_l7_full_domain_randomisation_arena_wide_training,r10_balanced_cluster_no_memory_baseline_final_0009,2,inflight_boundary_near,boundary_near,mild_turn_right,primvar_mild_turn_right_transition_object_7e69bebe251a,not_active_no_candidate_path_memory,True,primvar_mild_turn_right_transition_object_7e69bebe251a,primvar_mild_turn_right_transition_object_7e69bebe251a,0.0,0.0,0.03,0.0,0.0,0.0,0.0,0.0,0.0,0.0,0.7885672286841874,0.0,0.0,0.1,0.2,0.0,0.0,0,0,1.0,0.7885672286841874,decision_level_baseline_vs_candidate_path_memory_gap_audit,outer_loop_spatial_flow_belief_safe_explore_exploit_memory_v2_2
balanced_cluster,no_memory_baseline,0,final_heldout,9,r10_l7_full_domain_randomisation_arena_wide_training,r10_l7_full_domain_randomisation_arena_wide_training,r10_balanced_cluster_no_memory_baseline_final_0009,3,inflight_boundary_near,boundary_near,mild_turn_right,primvar_mild_turn_right_transition_object_7e69bebe251a,not_active_no_candidate_path_memory,True,primvar_mild_turn_right_transition_object_7e69bebe251a,primvar_mild_turn_right_transition_object_7e69bebe251a,0.0,0.0,0.03,0.0,0.0,0.0,0.0,0.0,0.0,0.0,0.8797686672445701,0.0,0.0,0.1,0.2,0.0,0.0,0,0,1.0,0.8797686672445701,decision_level_baseline_vs_candidate_path_memory_gap_audit,outer_loop_spatial_flow_belief_safe_explore_exploit_memory_v2_2
balanced_cluster,no_memory_baseline,0,final_heldout,9,r10_l7_full_domain_randomisation_arena_wide_training,r10_l7_full_domain_randomisation_arena_wide_training,r10_balanced_cluster_no_memory_baseline_final_0009,4,inflight_boundary_near,boundary_near,recovery,primvar_recovery_transition_object_5e492c9a9375,not_active_no_candidate_path_memory,True,primvar_recovery_transition_object_5e492c9a9375,primvar_recovery_transition_object_5e492c9a9375,0.0,0.0,0.03,0.0,0.0,0.0,0.0,0.0,0.0,0.0,1.0,0.0,0.0,0.1,0.2,0.0,0.0,0,0,1.0,1.0,decision_level_baseline_vs_candidate_path_memory_gap_audit,outer_loop_spatial_flow_belief_safe_explore_exploit_memory_v2_2
balanced_cluster,no_memory_baseline,0,final_heldout,9,r10_l7_full_domain_randomisation_arena_wide_training,r10_l7_full_domain_randomisation_arena_wide_training,r10_balanced_cluster_no_memory_baseline_final_0009,5,inflight_boundary_near,boundary_near,recovery,primvar_recovery_transition_object_5e492c9a9375,not_active_no_candidate_path_memory,True,primvar_recovery_transition_object_5e492c9a9375,primvar_recovery_transition_object_5e492c9a9375,0.0,0.0,0.03,0.0,0.0,0.0,0.0,0.0,0.0,0.0,1.0,0.0,0.0,0.1,0.2,0.0,0.0,0,0,1.0,1.0,decision_level_baseline_vs_candidate_path_memory_gap_audit,outer_loop_spatial_flow_belief_safe_explore_exploit_memory_v2_2
balanced_cluster,no_memory_baseline,0,final_heldout,9,r10_l7_full_domain_randomisation_arena_wide_training,r10_l7_full_domain_randomisation_arena_wide_training,r10_balanced_cluster_no_memory_baseline_final_0009,6,inflight_boundary_near,boundary_near,glide,primvar_glide_transition_object_a48e56700ce9,not_active_no_candidate_path_memory,True,primvar_glide_transition_object_a48e56700ce9,primvar_glide_transition_object_a48e56700ce9,0.0,0.0,0.03,0.0,0.0,0.0,0.0,0.0,0.0,0.0,1.0,0.0,0.0,0.1,0.2,0.0,0.0,0,0,1.0,1.0,decision_level_baseline_vs_candidate_path_memory_gap_audit,outer_loop_spatial_flow_belief_safe_explore_exploit_memory_v2_2
balanced_cluster,no_memory_baseline,0,final_heldout,9,r10_l7_full_domain_randomisation_arena_wide_training,r10_l7_full_domain_randomisation_arena_wide_training,r10_balanced_cluster_no_memory_baseline_final_0009,7,inflight_boundary_near,boundary_near,recovery,primvar_recovery_transition_object_5e492c9a9375,not_active_no_candidate_path_memory,True,primvar_recovery_transition_object_5e492c9a9375,primvar_recovery_transition_object_5e492c9a9375,0.0,0.0,0.03,0.0,0.0,0.0,0.0,0.0,0.0,0.0,1.0,0.0,0.0,0.1,0.2,0.0,0.0,0,0,1.0,1.0,decision_level_baseline_vs_candidate_path_memory_gap_audit,outer_loop_spatial_flow_belief_safe_explore_exploit_memory_v2_2
balanced_cluster,no_memory_baseline,0,final_heldout,9,r10_l7_full_domain_randomisation_arena_wide_training,r10_l7_full_domain_randomisation_arena_wide_training,r10_balanced_cluster_no_memory_baseline_final_0009,8,inflight_boundary_near,boundary_near,lift_entry,primvar_lift_entry_transition_object_7cbbfa819927,not_active_no_candidate_path_memory,True,primvar_lift_entry_transition_object_7cbbfa819927,primvar_lift_entry_transition_object_7cbbfa819927,0.0,0.0,0.03,0.0,0.0,0.0,0.0,0.0,0.0,0.0,1.0,0.0,0.0,0.1,0.2,0.0,0.0,0,0,1.0,1.0,decision_level_baseline_vs_candidate_path_memory_gap_audit,outer_loop_spatial_flow_belief_safe_explore_exploit_memory_v2_2
heavy_cluster,spatial_flow_belief_memory_h30,30,final_heldout,2,r10_l7_full_domain_randomisation_arena_wide_training,r10_l7_full_domain_randomisation_arena_wide_training,r10_heavy_cluster_spatial_flow_belief_memory_h30_final_0002,0,launch_gate,launch_gate,mild_turn_left,primvar_mild_turn_left_transition_object_c5942d118f74,baseline_and_memory_winner_match,True,primvar_mild_turn_left_transition_object_c5942d118f74,primvar_mild_turn_left_transition_object_c5942d118f74,0.0,0.0,0.03,0.0,1.0,0.000192857821765,0.000192857821765,0.0,0.0,0.0161771623409084,0.6173395503480836,0.0123467910069616,0.0,0.1,0.2,0.0,0.0,7,0,0.9838228376590916,0.6173395503480836,decision_level_baseline_vs_candidate_path_memory_gap_audit,outer_loop_spatial_flow_belief_safe_explore_exploit_memory_v2_2
heavy_cluster,spatial_flow_belief_memory_h30,30,final_heldout,2,r10_l7_full_domain_randomisation_arena_wide_training,r10_l7_full_domain_randomisation_arena_wide_training,r10_heavy_cluster_spatial_flow_belief_memory_h30_final_0002,1,inflight_nominal,inflight_stable,mild_turn_left,primvar_mild_turn_left_transition_object_c0027154e9bd,baseline_and_memory_winner_match,True,primvar_mild_turn_left_transition_object_c0027154e9bd,primvar_mild_turn_left_transition_object_c0027154e9bd,0.0,0.0,0.03,0.0,1.0,0.0002756521136542,0.0002756521136542,0.0,0.0,0.042742028019416,0.6410699300721917,0.0128213986014438,0.0,0.1,0.2,0.0,0.0,7,0,0.957257971980584,0.6410699300721917,decision_level_baseline_vs_candidate_path_memory_gap_audit,outer_loop_spatial_flow_belief_safe_explore_exploit_memory_v2_2
heavy_cluster,spatial_flow_belief_memory_h30,30,final_heldout,2,r10_l7_full_domain_randomisation_arena_wide_training,r10_l7_full_domain_randomisation_arena_wide_training,r10_heavy_cluster_spatial_flow_belief_memory_h30_final_0002,2,inflight_recovery_edge,recoverable_degraded,safe_exit_or_recovery_handoff,primvar_safe_exit_or_recovery_handoff_transition_object_a195686788f5,baseline_and_memory_winner_match,True,primvar_safe_exit_or_recovery_handoff_transition_object_a195686788f5,primvar_safe_exit_or_recovery_handoff_transition_object_a195686788f5,0.0,0.0,0.03,0.0,1.0,0.0009803087456616,0.0009803087456616,0.0,0.0,0.0872093762922915,0.3809931007751116,0.0076198620155022,0.0,0.1,0.2,0.0,0.0,7,0,0.9127906237077084,0.3809931007751116,decision_level_baseline_vs_candidate_path_memory_gap_audit,outer_loop_spatial_flow_belief_safe_explore_exploit_memory_v2_2
heavy_cluster,spatial_flow_belief_memory_h30,30,final_heldout,2,r10_l7_full_domain_randomisation_arena_wide_training,r10_l7_full_domain_randomisation_arena_wide_training,r10_heavy_cluster_spatial_flow_belief_memory_h30_final_0002,3,inflight_recovery_edge,recoverable_degraded,safe_exit_or_recovery_handoff,primvar_safe_exit_or_recovery_handoff_transition_object_a195686788f5,baseline_and_memory_winner_match,True,primvar_safe_exit_or_recovery_handoff_transition_object_a195686788f5,primvar_safe_exit_or_recovery_handoff_transition_object_a195686788f5,0.0,0.0,0.03,0.0,1.0,0.0017513213660878,0.0017513213660878,0.0,0.0,0.0785879276432007,0.4063005892316398,0.0081260117846327,0.0,0.1,0.2,9.47208773637996e-19,5.8692560151351936e-15,7,2,0.9214120723567992,0.4063005892316398,decision_level_baseline_vs_candidate_path_memory_gap_audit,outer_loop_spatial_flow_belief_safe_explore_exploit_memory_v2_2
heavy_cluster,spatial_flow_belief_memory_h30,30,final_heldout,2,r10_l7_full_domain_randomisation_arena_wide_training,r10_l7_full_domain_randomisation_arena_wide_training,r10_heavy_cluster_spatial_flow_belief_memory_h30_final_0002,4,inflight_recovery_edge,recoverable_degraded,safe_exit_or_recovery_handoff,primvar_safe_exit_or_recovery_handoff_transition_object_a195686788f5,baseline_and_memory_winner_match,True,primvar_safe_exit_or_recovery_handoff_transition_object_a195686788f5,primvar_safe_exit_or_recovery_handoff_transition_object_a195686788f5,0.0,0.0,0.03,0.0,1.0,0.0019084694558181,0.0019084694558181,0.0,0.0,0.1186103494721206,0.4124238443913678,0.0082484768878273,0.0,0.1,0.2,0.0,0.0,7,0,0.8813896505278793,0.4124238443913678,decision_level_baseline_vs_candidate_path_memory_gap_audit,outer_loop_spatial_flow_belief_safe_explore_exploit_memory_v2_2
heavy_cluster,spatial_flow_belief_memory_h30,30,final_heldout,2,r10_l7_full_domain_randomisation_arena_wide_training,r10_l7_full_domain_randomisation_arena_wide_training,r10_heavy_cluster_spatial_flow_belief_memory_h30_final_0002,5,inflight_recovery_edge,recoverable_degraded,safe_exit_or_recovery_handoff,primvar_safe_exit_or_recovery_handoff_transition_object_a195686788f5,baseline_and_memory_winner_match,True,primvar_safe_exit_or_recovery_handoff_transition_object_a195686788f5,primvar_safe_exit_or_recovery_handoff_transition_object_a195686788f5,0.0,0.0,0.03,0.0,1.0,0.0008231651456602,0.0008231651456602,0.0,0.0,0.0749101434886289,0.4627116510772636,0.0092542330215452,0.0,0.1,0.2,0.0,0.0,7,0,0.9250898565113712,0.4627116510772636,decision_level_baseline_vs_candidate_path_memory_gap_audit,outer_loop_spatial_flow_belief_safe_explore_exploit_memory_v2_2
heavy_cluster,spatial_flow_belief_memory_h30,30,final_heldout,2,r10_l7_full_domain_randomisation_arena_wide_training,r10_l7_full_domain_randomisation_arena_wide_training,r10_heavy_cluster_spatial_flow_belief_memory_h30_final_0002,6,inflight_recovery_edge,recoverable_degraded,safe_exit_or_recovery_handoff,primvar_safe_exit_or_recovery_handoff_transition_object_a195686788f5,baseline_and_memory_winner_match,True,primvar_safe_exit_or_recovery_handoff_transition_object_a195686788f5,primvar_safe_exit_or_recovery_handoff_transition_object_a195686788f5,0.0,0.0,0.03,0.0,1.0,-2.3129788250086936e-05,-2.3129788250086936e-05,0.0,0.0,0.0291575060670929,0.5265267840595468,0.0105305356811909,0.0,0.1,0.2,0.0,0.0,7,0,0.970842493932907,0.5265267840595468,decision_level_baseline_vs_candidate_path_memory_gap_audit,outer_loop_spatial_flow_belief_safe_explore_exploit_memory_v2_2
heavy_cluster,spatial_flow_belief_memory_h30,30,final_heldout,2,r10_l7_full_domain_randomisation_arena_wide_training,r10_l7_full_domain_randomisation_arena_wide_training,r10_heavy_cluster_spatial_flow_belief_memory_h30_final_0002,7,inflight_recovery_edge,recoverable_degraded,safe_exit_or_recovery_handoff,primvar_safe_exit_or_recovery_handoff_transition_object_a195686788f5,baseline_and_memory_winner_match,True,primvar_safe_exit_or_recovery_handoff_transition_object_a195686788f5,primvar_safe_exit_or_recovery_handoff_transition_object_a195686788f5,0.0,0.0,0.03,0.0,1.0,-0.0001988259821282,-0.0001988259821282,0.0,0.0,0.0346676054927141,0.5801886689984778,0.0116037733799695,0.0,0.1,0.2,0.0,0.0,7,0,0.9653323945072858,0.5801886689984778,decision_level_baseline_vs_candidate_path_memory_gap_audit,outer_loop_spatial_flow_belief_safe_explore_exploit_memory_v2_2
heavy_cluster,spatial_flow_belief_memory_h30,30,final_heldout,2,r10_l7_full_domain_randomisation_arena_wide_training,r10_l7_full_domain_randomisation_arena_wide_training,r10_heavy_cluster_spatial_flow_belief_memory_h30_final_0002,8,inflight_boundary_near,boundary_near,safe_exit_or_recovery_handoff,primvar_safe_exit_or_recovery_handoff_transition_object_ac25a091328a,baseline_and_memory_winner_match,True,primvar_safe_exit_or_recovery_handoff_transition_object_ac25a091328a,primvar_safe_exit_or_recovery_handoff_transition_object_ac25a091328a,0.0,0.0,0.03,0.0,1.0,-0.0002964865767192,-0.0002964865767192,0.0,0.0,0.0446447276405635,0.9553552723594364,0.0191071054471887,0.0,0.1,0.2,0.0,0.0,0,0,0.9553552723594364,0.9553552723594364,decision_level_baseline_vs_candidate_path_memory_gap_audit,outer_loop_spatial_flow_belief_safe_explore_exploit_memory_v2_2
heavy_cluster,spatial_flow_belief_memory_h30,30,final_heldout,2,r10_l7_full_domain_randomisation_arena_wide_training,r10_l7_full_domain_randomisation_arena_wide_training,r10_heavy_cluster_spatial_flow_belief_memory_h30_final_0002,9,inflight_boundary_near,boundary_near,safe_exit_or_recovery_handoff,primvar_safe_exit_or_recovery_handoff_transition_object_ac25a091328a,baseline_and_memory_winner_match,True,primvar_safe_exit_or_recovery_handoff_transition_object_ac25a091328a,primvar_safe_exit_or_recovery_handoff_transition_object_ac25a091328a,0.0,0.0,0.03,0.0,1.0,-0.0001690276810291,-0.0001690276810291,0.0,0.0,0.0383580236938899,0.96164197630611,0.0192328395261222,0.0,0.1,0.2,0.0,0.0,0,0,0.96164197630611,0.96164197630611,decision_level_baseline_vs_candidate_path_memory_gap_audit,outer_loop_spatial_flow_belief_safe_explore_exploit_memory_v2_2
heavy_cluster,spatial_flow_belief_memory_h30,30,final_heldout,2,r10_l7_full_domain_randomisation_arena_wide_training,r10_l7_full_domain_randomisation_arena_wide_training,r10_heavy_cluster_spatial_flow_belief_memory_h30_final_0002,10,inflight_boundary_near,boundary_near,safe_exit_or_recovery_handoff,primvar_safe_exit_or_recovery_handoff_transition_object_ac25a091328a,baseline_and_memory_winner_match,True,primvar_safe_exit_or_recovery_handoff_transition_object_ac25a091328a,primvar_safe_exit_or_recovery_handoff_transition_object_ac25a091328a,0.0,0.0,0.03,0.0,1.0,-0.0002325677483847,-0.0002325677483847,0.0,0.0,0.0407862445099002,0.9592137554900998,0.0191842751098019,0.0,0.1,0.2,0.0,0.0,0,0,0.9592137554900998,0.9592137554900998,decision_level_baseline_vs_candidate_path_memory_gap_audit,outer_loop_spatial_flow_belief_safe_explore_exploit_memory_v2_2
heavy_cluster,spatial_flow_belief_memory_h30,30,final_heldout,2,r10_l7_full_domain_randomisation_arena_wide_training,r10_l7_full_domain_randomisation_arena_wide_training,r10_heavy_cluster_spatial_flow_belief_memory_h30_final_0002,11,inflight_boundary_near,boundary_near,lift_dwell_arc,primvar_lift_dwell_arc_transition_object_2a54829d66c4,baseline_and_memory_winner_match,True,primvar_lift_dwell_arc_transition_object_2a54829d66c4,primvar_lift_dwell_arc_transition_object_2a54829d66c4,0.0,0.0,0.03,0.0,1.0,-0.0002724726160969,-0.0002724726160969,0.0,0.0,0.036362586500788,0.963637413499212,0.0192727482699842,0.0,0.1,0.2,0.0,0.0,0,0,0.963637413499212,0.963637413499212,decision_level_baseline_vs_candidate_path_memory_gap_audit,outer_loop_spatial_flow_belief_safe_explore_exploit_memory_v2_2
heavy_cluster,spatial_flow_belief_memory_h30,30,final_heldout,2,r10_l7_full_domain_randomisation_arena_wide_training,r10_l7_full_domain_randomisation_arena_wide_training,r10_heavy_cluster_spatial_flow_belief_memory_h30_final_0002,12,inflight_boundary_near,boundary_near,lift_dwell_arc,primvar_lift_dwell_arc_transition_object_2a54829d66c4,baseline_and_memory_winner_match,True,primvar_lift_dwell_arc_transition_object_2a54829d66c4,primvar_lift_dwell_arc_transition_object_2a54829d66c4,0.0,0.0,0.03,0.0,1.0,-0.0003475689835339,-0.0003475689835339,0.0,0.0,0.0410626830034002,0.7371387589070253,0.0147427751781405,0.0,0.1,0.2,0.0,0.0,0,0,0.9589373169965998,0.7371387589070253,decision_level_baseline_vs_candidate_path_memory_gap_audit,outer_loop_spatial_flow_belief_safe_explore_exploit_memory_v2_2
balanced_cluster,spatial_flow_belief_memory_h3,3,final_heldout,0,r10_l7_full_domain_randomisation_arena_wide_training,r10_l7_full_domain_randomisation_arena_wide_training,r10_balanced_cluster_spatial_flow_belief_memory_h3_final_0000,0,launch_gate,launch_gate,lift_dwell_arc,primvar_lift_dwell_arc_transition_object_6ae229f6947e,baseline_and_memory_winner_match,True,primvar_lift_dwell_arc_transition_object_6ae229f6947e,primvar_lift_dwell_arc_transition_object_6ae229f6947e,0.0,0.0,0.03,0.0,1.0,0.0001068296841306,0.0001068296841306,0.0,0.0,0.0325835303840927,0.6829074664035105,0.0136581493280702,0.0,0.1,0.2,0.0,0.0,7,0,0.9674164696159072,0.6829074664035105,decision_level_baseline_vs_candidate_path_memory_gap_audit,outer_loop_spatial_flow_belief_safe_explore_exploit_memory_v2_2
balanced_cluster,spatial_flow_belief_memory_h3,3,final_heldout,0,r10_l7_full_domain_randomisation_arena_wide_training,r10_l7_full_domain_randomisation_arena_wide_training,r10_balanced_cluster_spatial_flow_belief_memory_h3_final_0000,1,inflight_boundary_near,boundary_near,recovery,primvar_recovery_transition_object_5e492c9a9375,baseline_and_memory_winner_match,True,primvar_recovery_transition_object_5e492c9a9375,primvar_recovery_transition_object_5e492c9a9375,0.0,0.0,0.03,0.0,1.0,0.0001553357514927,0.0001553357514927,0.0,0.0,0.1062913770898867,0.67349051959526,0.0134698103919052,0.0,0.1,0.2,0.0,0.0,7,0,0.8937086229101132,0.67349051959526,decision_level_baseline_vs_candidate_path_memory_gap_audit,outer_loop_spatial_flow_belief_safe_explore_exploit_memory_v2_2
balanced_cluster,spatial_flow_belief_memory_h3,3,final_heldout,0,r10_l7_full_domain_randomisation_arena_wide_training,r10_l7_full_domain_randomisation_arena_wide_training,r10_balanced_cluster_spatial_flow_belief_memory_h3_final_0000,2,inflight_boundary_near,boundary_near,recovery,primvar_recovery_transition_object_5e492c9a9375,baseline_and_memory_winner_match,True,primvar_recovery_transition_object_5e492c9a9375,primvar_recovery_transition_object_5e492c9a9375,0.0,0.0,0.03,0.0,1.0,-3.2919252242802344e-05,-3.2919252242802344e-05,0.0,0.0,0.0632353336125592,0.7750942967373818,0.0155018859347476,0.0,0.1,0.2,0.0,0.0,7,0,0.9367646663874408,0.7750942967373818,decision_level_baseline_vs_candidate_path_memory_gap_audit,outer_loop_spatial_flow_belief_safe_explore_exploit_memory_v2_2
balanced_cluster,spatial_flow_belief_memory_h3,3,final_heldout,0,r10_l7_full_domain_randomisation_arena_wide_training,r10_l7_full_domain_randomisation_arena_wide_training,r10_balanced_cluster_spatial_flow_belief_memory_h3_final_0000,3,inflight_boundary_near,boundary_near,recovery,primvar_recovery_transition_object_5e492c9a9375,baseline_and_memory_winner_match,True,primvar_recovery_transition_object_5e492c9a9375,primvar_recovery_transition_object_5e492c9a9375,0.0,0.0,0.03,0.0,1.0,-1.2502301730110688e-05,-1.2502301730110688e-05,0.0,0.0,0.0385419610272649,0.8987166556616455,0.0179743331132329,0.0,0.1,0.2,0.0,0.0,0,0,0.9614580389727352,0.8987166556616455,decision_level_baseline_vs_candidate_path_memory_gap_audit,outer_loop_spatial_flow_belief_safe_explore_exploit_memory_v2_2
balanced_cluster,spatial_flow_belief_memory_h3,3,final_heldout,0,r10_l7_full_domain_randomisation_arena_wide_training,r10_l7_full_domain_randomisation_arena_wide_training,r10_balanced_cluster_spatial_flow_belief_memory_h3_final_0000,4,inflight_boundary_near,boundary_near,mild_turn_left,primvar_mild_turn_left_transition_object_72b921ad790a,rejected_exploration_cross_family_without_memory_confidence,False,primvar_mild_turn_left_transition_object_72b921ad790a,primvar_mild_turn_right_transition_object_7e69bebe251a,2.0505289122230157e-06,2.71308947308313e-07,0.03,0.0,1.0,-6.991665297606531e-06,-6.991665297606531e-06,0.0,271.308947308313,0.0350721025276839,0.964927897472316,0.0192985579494463,0.0,0.1,0.2,0.0,0.0,0,0,0.9648389364740638,0.9648389364740638,decision_level_baseline_vs_candidate_path_memory_gap_audit,outer_loop_spatial_flow_belief_safe_explore_exploit_memory_v2_2
balanced_cluster,spatial_flow_belief_memory_h3,3,final_heldout,0,r10_l7_full_domain_randomisation_arena_wide_training,r10_l7_full_domain_randomisation_arena_wide_training,r10_balanced_cluster_spatial_flow_belief_memory_h3_final_0000,5,inflight_boundary_near,boundary_near,mild_turn_left,primvar_mild_turn_left_transition_object_72b921ad790a,baseline_and_memory_winner_match,True,primvar_mild_turn_left_transition_object_72b921ad790a,primvar_mild_turn_left_transition_object_72b921ad790a,0.0,0.0,0.03,0.0,1.0,-9.541577281391156e-06,-9.541577281391156e-06,0.0,0.0,0.0347883380912603,0.9652116619087396,0.0193042332381747,0.0,0.1,0.2,0.0,0.0,0,0,0.9652116619087396,0.9652116619087396,decision_level_baseline_vs_candidate_path_memory_gap_audit,outer_loop_spatial_flow_belief_safe_explore_exploit_memory_v2_2
balanced_cluster,spatial_flow_belief_memory_h3,3,final_heldout,0,r10_l7_full_domain_randomisation_arena_wide_training,r10_l7_full_domain_randomisation_arena_wide_training,r10_balanced_cluster_spatial_flow_belief_memory_h3_final_0000,6,inflight_boundary_near,boundary_near,mild_turn_left,primvar_mild_turn_left_transition_object_72b921ad790a,baseline_and_memory_winner_match,True,primvar_mild_turn_left_transition_object_72b921ad790a,primvar_mild_turn_left_transition_object_72b921ad790a,0.0,0.0,0.03,0.0,1.0,-1.704638006150283e-05,-1.704638006150283e-05,0.0,0.0,0.026438961472904,0.973561038527096,0.0194712207705419,0.0,0.1,0.2,0.0,0.0,0,0,0.973561038527096,0.973561038527096,decision_level_baseline_vs_candidate_path_memory_gap_audit,outer_loop_spatial_flow_belief_safe_explore_exploit_memory_v2_2
balanced_cluster,spatial_flow_belief_memory_h3,3,final_heldout,0,r10_l7_full_domain_randomisation_arena_wide_training,r10_l7_full_domain_randomisation_arena_wide_training,r10_balanced_cluster_spatial_flow_belief_memory_h3_final_0000,7,inflight_boundary_near,boundary_near,mild_turn_left,primvar_mild_turn_left_transition_object_72b921ad790a,baseline_and_memory_winner_match,True,primvar_mild_turn_left_transition_object_72b921ad790a,primvar_mild_turn_left_transition_object_72b921ad790a,0.0,0.0,0.03,0.0,1.0,-2.4505569680810524e-05,-2.4505569680810524e-05,0.0,0.0,0.0298665628728835,0.9701334371271164,0.0194026687425423,0.0,0.1,0.2,0.0,0.0,0,0,0.9701334371271164,0.9701334371271164,decision_level_baseline_vs_candidate_path_memory_gap_audit,outer_loop_spatial_flow_belief_safe_explore_exploit_memory_v2_2
balanced_cluster,spatial_flow_belief_memory_h3,3,final_heldout,0,r10_l7_full_domain_randomisation_arena_wide_training,r10_l7_full_domain_randomisation_arena_wide_training,r10_balanced_cluster_spatial_flow_belief_memory_h3_final_0000,8,inflight_boundary_near,boundary_near,mild_turn_left,primvar_mild_turn_left_transition_object_72b921ad790a,baseline_and_memory_winner_match,True,primvar_mild_turn_left_transition_object_72b921ad790a,primvar_mild_turn_left_transition_object_72b921ad790a,0.0,0.0,0.03,0.0,1.0,-1.540607999239718e-05,-1.540607999239718e-05,0.0,0.0,0.0267305358422605,0.9732694641577394,0.0194653892831547,0.0,0.1,0.2,0.0,0.0,0,0,0.9732694641577394,0.9732694641577394,decision_level_baseline_vs_candidate_path_memory_gap_audit,outer_loop_spatial_flow_belief_safe_explore_exploit_memory_v2_2
heavy_cluster,spatial_flow_belief_memory_h30,30,final_heldout,6,r10_l7_full_domain_randomisation_arena_wide_training,r10_l7_full_domain_randomisation_arena_wide_training,r10_heavy_cluster_spatial_flow_belief_memory_h30_final_0006,0,launch_gate,launch_gate,mild_turn_left,primvar_mild_turn_left_transition_object_c5942d118f74,baseline_and_memory_winner_match,True,primvar_mild_turn_left_transition_object_c5942d118f74,primvar_mild_turn_left_transition_object_c5942d118f74,0.0,0.0,0.03,0.0,1.0,0.0,0.0,0.0,0.0,9.308969380205066e-16,0.6393110014564329,0.0127862200291286,0.0,0.1,0.2,2.2540077399117797e-25,8.651814889323905e-23,7,4,0.9999999999999992,0.6393110014564329,decision_level_baseline_vs_candidate_path_memory_gap_audit,outer_loop_spatial_flow_belief_safe_explore_exploit_memory_v2_2
heavy_cluster,spatial_flow_belief_memory_h30,30,final_heldout,6,r10_l7_full_domain_randomisation_arena_wide_training,r10_l7_full_domain_randomisation_arena_wide_training,r10_heavy_cluster_spatial_flow_belief_memory_h30_final_0006,1,inflight_nominal,inflight_stable,lift_entry,primvar_lift_entry_transition_object_a65393bbc7f9,baseline_and_memory_winner_match,True,primvar_lift_entry_transition_object_a65393bbc7f9,primvar_lift_entry_transition_object_a65393bbc7f9,0.0,0.0,0.03,0.0,1.0,0.0002099759965927,0.0002099759965927,0.0,0.0,0.0336140207139541,0.5833761273511116,0.0116675225470222,0.0,0.1,0.2,1.9982764993779895e-26,1.3250421576102222e-23,7,3,0.966385979286046,0.5833761273511116,decision_level_baseline_vs_candidate_path_memory_gap_audit,outer_loop_spatial_flow_belief_safe_explore_exploit_memory_v2_2
heavy_cluster,spatial_flow_belief_memory_h30,30,final_heldout,6,r10_l7_full_domain_randomisation_arena_wide_training,r10_l7_full_domain_randomisation_arena_wide_training,r10_heavy_cluster_spatial_flow_belief_memory_h30_final_0006,2,inflight_recovery_edge,recoverable_degraded,safe_exit_or_recovery_handoff,primvar_safe_exit_or_recovery_handoff_transition_object_a195686788f5,baseline_and_memory_winner_match,True,primvar_safe_exit_or_recovery_handoff_transition_object_a195686788f5,primvar_safe_exit_or_recovery_handoff_transition_object_a195686788f5,0.0,0.0,0.03,0.0,1.0,0.0003148405845398,0.0003148405845398,0.0,0.0,0.0427911103113249,0.4074305235441099,0.0081486104708822,0.0,0.1,0.2,3.6529920691619065e-26,1.001337926995372e-23,7,2,0.957208889688675,0.4074305235441099,decision_level_baseline_vs_candidate_path_memory_gap_audit,outer_loop_spatial_flow_belief_safe_explore_exploit_memory_v2_2
heavy_cluster,spatial_flow_belief_memory_h30,30,final_heldout,6,r10_l7_full_domain_randomisation_arena_wide_training,r10_l7_full_domain_randomisation_arena_wide_training,r10_heavy_cluster_spatial_flow_belief_memory_h30_final_0006,3,inflight_recovery_edge,recoverable_degraded,safe_exit_or_recovery_handoff,primvar_safe_exit_or_recovery_handoff_transition_object_a195686788f5,baseline_and_memory_winner_match,True,primvar_safe_exit_or_recovery_handoff_transition_object_a195686788f5,primvar_safe_exit_or_recovery_handoff_transition_object_a195686788f5,0.0,0.0,0.03,0.0,1.0,0.0002380088551346,0.0002380088551346,0.0,0.0,0.0369055381283668,0.4305406350704331,0.0086108127014086,0.0,0.1,0.2,2.4631350162971926e-26,5.25714622991537e-24,7,3,0.9630944618716332,0.4305406350704331,decision_level_baseline_vs_candidate_path_memory_gap_audit,outer_loop_spatial_flow_belief_safe_explore_exploit_memory_v2_2
heavy_cluster,spatial_flow_belief_memory_h30,30,final_heldout,6,r10_l7_full_domain_randomisation_arena_wide_training,r10_l7_full_domain_randomisation_arena_wide_training,r10_heavy_cluster_spatial_flow_belief_memory_h30_final_0006,4,inflight_recovery_edge,recoverable_degraded,safe_exit_or_recovery_handoff,primvar_safe_exit_or_recovery_handoff_transition_object_a195686788f5,baseline_and_memory_winner_match,True,primvar_safe_exit_or_recovery_handoff_transition_object_a195686788f5,primvar_safe_exit_or_recovery_handoff_transition_object_a195686788f5,0.0,0.0,0.03,0.0,1.0,0.0002463213557841,0.0002463213557841,0.0,0.0,0.0457198582634764,0.4497474141292603,0.0089949482825852,0.0,0.1,0.2,0.0,0.0,7,0,0.9542801417365236,0.4497474141292603,decision_level_baseline_vs_candidate_path_memory_gap_audit,outer_loop_spatial_flow_belief_safe_explore_exploit_memory_v2_2
heavy_cluster,spatial_flow_belief_memory_h30,30,final_heldout,6,r10_l7_full_domain_randomisation_arena_wide_training,r10_l7_full_domain_randomisation_arena_wide_training,r10_heavy_cluster_spatial_flow_belief_memory_h30_final_0006,5,inflight_recovery_edge,recoverable_degraded,safe_exit_or_recovery_handoff,primvar_safe_exit_or_recovery_handoff_transition_object_a195686788f5,baseline_and_memory_winner_match,True,primvar_safe_exit_or_recovery_handoff_transition_object_a195686788f5,primvar_safe_exit_or_recovery_handoff_transition_object_a195686788f5,0.0,0.0,0.03,0.0,1.0,0.000136590223875,0.000136590223875,0.0,0.0,0.0487534946916394,0.4751657543974655,0.0095033150879493,0.0,0.1,0.2,0.0,0.0,7,0,0.9512465053083606,0.4751657543974655,decision_level_baseline_vs_candidate_path_memory_gap_audit,outer_loop_spatial_flow_belief_safe_explore_exploit_memory_v2_2
heavy_cluster,spatial_flow_belief_memory_h30,30,final_heldout,6,r10_l7_full_domain_randomisation_arena_wide_training,r10_l7_full_domain_randomisation_arena_wide_training,r10_heavy_cluster_spatial_flow_belief_memory_h30_final_0006,6,inflight_recovery_edge,recoverable_degraded,safe_exit_or_recovery_handoff,primvar_safe_exit_or_recovery_handoff_transition_object_a195686788f5,baseline_and_memory_winner_match,True,primvar_safe_exit_or_recovery_handoff_transition_object_a195686788f5,primvar_safe_exit_or_recovery_handoff_transition_object_a195686788f5,0.0,0.0,0.03,0.0,1.0,-6.356933947210264e-06,-6.356933947210264e-06,0.0,0.0,0.0355612808985602,0.5134960127082282,0.0102699202541645,0.0,0.1,0.2,0.0,0.0,7,0,0.9644387191014396,0.5134960127082282,decision_level_baseline_vs_candidate_path_memory_gap_audit,outer_loop_spatial_flow_belief_safe_explore_exploit_memory_v2_2
heavy_cluster,spatial_flow_belief_memory_h30,30,final_heldout,6,r10_l7_full_domain_randomisation_arena_wide_training,r10_l7_full_domain_randomisation_arena_wide_training,r10_heavy_cluster_spatial_flow_belief_memory_h30_final_0006,7,inflight_recovery_edge,recoverable_degraded,safe_exit_or_recovery_handoff,primvar_safe_exit_or_recovery_handoff_transition_object_a195686788f5,baseline_and_memory_winner_match,True,primvar_safe_exit_or_recovery_handoff_transition_object_a195686788f5,primvar_safe_exit_or_recovery_handoff_transition_object_a195686788f5,0.0,0.0,0.03,0.0,1.0,-0.000111061827031,-0.000111061827031,0.0,0.0,0.0420459491723801,0.5484606853822697,0.0109692137076453,0.0,0.1,0.2,0.0,0.0,7,0,0.95795405082762,0.5484606853822697,decision_level_baseline_vs_candidate_path_memory_gap_audit,outer_loop_spatial_flow_belief_safe_explore_exploit_memory_v2_2
heavy_cluster,spatial_flow_belief_memory_h30,30,final_heldout,6,r10_l7_full_domain_randomisation_arena_wide_training,r10_l7_full_domain_randomisation_arena_wide_training,r10_heavy_cluster_spatial_flow_belief_memory_h30_final_0006,8,inflight_nominal,inflight_stable,lift_dwell_arc,primvar_lift_dwell_arc_transition_object_f5212e7a8993,baseline_and_memory_winner_match,True,primvar_lift_dwell_arc_transition_object_f5212e7a8993,primvar_lift_dwell_arc_transition_object_f5212e7a8993,0.0,0.0,0.03,0.0,1.0,-0.0001615448766227,-0.0001615448766227,0.0,0.0,0.0351684074449507,0.9648315925550492,0.0192966318511009,0.0,0.1,0.2,0.0,0.0,0,0,0.9648315925550492,0.9648315925550492,decision_level_baseline_vs_candidate_path_memory_gap_audit,outer_loop_spatial_flow_belief_safe_explore_exploit_memory_v2_2
heavy_cluster,spatial_flow_belief_memory_h30,30,final_heldout,6,r10_l7_full_domain_randomisation_arena_wide_training,r10_l7_full_domain_randomisation_arena_wide_training,r10_heavy_cluster_spatial_flow_belief_memory_h30_final_0006,9,inflight_nominal,inflight_stable,lift_dwell_arc,primvar_lift_dwell_arc_transition_object_f5212e7a8993,baseline_and_memory_winner_match,True,primvar_lift_dwell_arc_transition_object_f5212e7a8993,primvar_lift_dwell_arc_transition_object_f5212e7a8993,0.0,0.0,0.03,0.0,1.0,-4.565264064471109e-05,-4.565264064471109e-05,0.0,0.0,0.0803578828442921,0.919642117155708,0.0183928423431141,0.0,0.1,0.2,0.0,0.0,0,0,0.919642117155708,0.919642117155708,decision_level_baseline_vs_candidate_path_memory_gap_audit,outer_loop_spatial_flow_belief_safe_explore_exploit_memory_v2_2
heavy_cluster,spatial_flow_belief_memory_h30,30,final_heldout,6,r10_l7_full_domain_randomisation_arena_wide_training,r10_l7_full_domain_randomisation_arena_wide_training,r10_heavy_cluster_spatial_flow_belief_memory_h30_final_0006,10,inflight_boundary_near,boundary_near,safe_exit_or_recovery_handoff,primvar_safe_exit_or_recovery_handoff_transition_object_ac25a091328a,baseline_and_memory_winner_match,True,primvar_safe_exit_or_recovery_handoff_transition_object_ac25a091328a,primvar_safe_exit_or_recovery_handoff_transition_object_ac25a091328a,0.0,0.0,0.03,0.0,1.0,-0.0002080946924012,-0.0002080946924012,0.0,0.0,0.0608231814881467,0.9391768185118532,0.018783536370237,0.0,0.1,0.2,0.0,0.0,0,0,0.9391768185118532,0.9391768185118532,decision_level_baseline_vs_candidate_path_memory_gap_audit,outer_loop_spatial_flow_belief_safe_explore_exploit_memory_v2_2
heavy_cluster,spatial_flow_belief_memory_h30,30,final_heldout,6,r10_l7_full_domain_randomisation_arena_wide_training,r10_l7_full_domain_randomisation_arena_wide_training,r10_heavy_cluster_spatial_flow_belief_memory_h30_final_0006,11,inflight_boundary_near,boundary_near,safe_exit_or_recovery_handoff,primvar_safe_exit_or_recovery_handoff_transition_object_ac25a091328a,baseline_and_memory_winner_match,True,primvar_safe_exit_or_recovery_handoff_transition_object_ac25a091328a,primvar_safe_exit_or_recovery_handoff_transition_object_ac25a091328a,0.0,0.0,0.03,0.0,1.0,-0.0001871264357948,-0.0001871264357948,0.0,0.0,0.0340868073180882,0.9659131926819118,0.0193182638536382,0.0,0.1,0.2,0.0,0.0,0,0,0.9659131926819118,0.9659131926819118,decision_level_baseline_vs_candidate_path_memory_gap_audit,outer_loop_spatial_flow_belief_safe_explore_exploit_memory_v2_2
heavy_cluster,spatial_flow_belief_memory_h30,30,final_heldout,6,r10_l7_full_domain_randomisation_arena_wide_training,r10_l7_full_domain_randomisation_arena_wide_training,r10_heavy_cluster_spatial_flow_belief_memory_h30_final_0006,12,inflight_boundary_near,boundary_near,safe_exit_or_recovery_handoff,primvar_safe_exit_or_recovery_handoff_transition_object_ac25a091328a,baseline_and_memory_winner_match,True,primvar_safe_exit_or_recovery_handoff_transition_object_ac25a091328a,primvar_safe_exit_or_recovery_handoff_transition_object_ac25a091328a,0.0,0.0,0.03,0.0,1.0,-0.0002593303286366,-0.0002593303286366,0.0,0.0,0.0409291795264801,0.95907082047352,0.0191814164094704,0.0,0.1,0.2,0.0,0.0,0,0,0.95907082047352,0.95907082047352,decision_level_baseline_vs_candidate_path_memory_gap_audit,outer_loop_spatial_flow_belief_safe_explore_exploit_memory_v2_2
heavy_cluster,spatial_flow_belief_memory_h30,30,final_heldout,6,r10_l7_full_domain_randomisation_arena_wide_training,r10_l7_full_domain_randomisation_arena_wide_training,r10_heavy_cluster_spatial_flow_belief_memory_h30_final_0006,13,inflight_boundary_near,boundary_near,energy_retaining_bank,primvar_energy_retaining_bank_transition_object_a0ebd6810f1f,baseline_and_memory_winner_match,True,primvar_energy_retaining_bank_transition_object_a0ebd6810f1f,primvar_energy_retaining_bank_transition_object_a0ebd6810f1f,0.0,0.0,0.03,0.0,1.0,-0.0002934742853399,-0.0002934742853399,0.0,0.0,0.04238384824981,0.95761615175019,0.0191523230350037,0.0,0.1,0.2,0.0,0.0,0,0,0.95761615175019,0.95761615175019,decision_level_baseline_vs_candidate_path_memory_gap_audit,outer_loop_spatial_flow_belief_safe_explore_exploit_memory_v2_2
heavy_cluster,spatial_flow_belief_memory_h30,30,final_heldout,6,r10_l7_full_domain_randomisation_arena_wide_training,r10_l7_full_domain_randomisation_arena_wide_training,r10_heavy_cluster_spatial_flow_belief_memory_h30_final_0006,14,inflight_boundary_near,boundary_near,energy_retaining_bank,primvar_energy_retaining_bank_transition_object_a0ebd6810f1f,baseline_and_memory_winner_match,True,primvar_energy_retaining_bank_transition_object_a0ebd6810f1f,primvar_energy_retaining_bank_transition_object_a0ebd6810f1f,0.0,0.0,0.03,0.0,1.0,-0.0003119339481831,-0.0003119339481831,0.0,0.0,0.0412717460794945,0.9587282539205054,0.0191745650784101,0.0,0.1,0.2,0.0,0.0,0,0,0.9587282539205054,0.9587282539205054,decision_level_baseline_vs_candidate_path_memory_gap_audit,outer_loop_spatial_flow_belief_safe_explore_exploit_memory_v2_2
heavy_cluster,spatial_flow_belief_memory_h30,30,final_heldout,6,r10_l7_full_domain_randomisation_arena_wide_training,r10_l7_full_domain_randomisation_arena_wide_training,r10_heavy_cluster_spatial_flow_belief_memory_h30_final_0006,15,inflight_boundary_near,boundary_near,energy_retaining_bank,primvar_energy_retaining_bank_transition_object_a0ebd6810f1f,rejected_exploration_uncertainty_too_low,False,primvar_energy_retaining_bank_transition_object_a0ebd6810f1f,primvar_safe_exit_or_recovery_handoff_transition_object_ac25a091328a,5.684818201667774e-05,2.447851278564173e-05,0.03,0.0,1.0,-0.0009760482497953,-0.0009760482497953,0.0,24478.512785641724,0.1156423221878012,0.4809427262613077,0.0096188545252261,0.0,0.1,0.2,0.0,0.0,0,0,0.8813816097744208,0.4793242427997642,decision_level_baseline_vs_candidate_path_memory_gap_audit,outer_loop_spatial_flow_belief_safe_explore_exploit_memory_v2_2
balanced_cluster,spatial_flow_belief_memory_h3,3,final_heldout,1,r10_l7_full_domain_randomisation_arena_wide_training,r10_l7_full_domain_randomisation_arena_wide_training,r10_balanced_cluster_spatial_flow_belief_memory_h3_final_0001,0,launch_gate,launch_gate,glide,primvar_glide_transition_object_ad817af95d9e,baseline_and_memory_winner_match,True,primvar_glide_transition_object_ad817af95d9e,primvar_glide_transition_object_ad817af95d9e,0.0,0.0,0.03,0.0,1.0,0.0,0.0,0.0,0.0,0.0,0.5917411216287154,0.0118348224325743,0.0,0.1,0.2,0.0,0.0,7,0,1.0,0.5917411216287154,decision_level_baseline_vs_candidate_path_memory_gap_audit,outer_loop_spatial_flow_belief_safe_explore_exploit_memory_v2_2
balanced_cluster,spatial_flow_belief_memory_h3,3,final_heldout,1,r10_l7_full_domain_randomisation_arena_wide_training,r10_l7_full_domain_randomisation_arena_wide_training,r10_balanced_cluster_spatial_flow_belief_memory_h3_final_0001,1,inflight_nominal,inflight_stable,lift_entry,primvar_lift_entry_transition_object_a65393bbc7f9,baseline_and_memory_winner_match,True,primvar_lift_entry_transition_object_a65393bbc7f9,primvar_lift_entry_transition_object_a65393bbc7f9,0.0,0.0,0.03,0.0,1.0,3.66636951456556e-05,3.66636951456556e-05,0.0,0.0,0.0296218587994492,0.5699915268097705,0.0113998305361954,0.0,0.1,0.2,0.0,0.0,7,0,0.9703781412005508,0.5699915268097705,decision_level_baseline_vs_candidate_path_memory_gap_audit,outer_loop_spatial_flow_belief_safe_explore_exploit_memory_v2_2
balanced_cluster,spatial_flow_belief_memory_h3,3,final_heldout,1,r10_l7_full_domain_randomisation_arena_wide_training,r10_l7_full_domain_randomisation_arena_wide_training,r10_balanced_cluster_spatial_flow_belief_memory_h3_final_0001,2,inflight_nominal,inflight_stable,lift_entry,primvar_lift_entry_transition_object_a65393bbc7f9,baseline_and_memory_winner_match,True,primvar_lift_entry_transition_object_a65393bbc7f9,primvar_lift_entry_transition_object_a65393bbc7f9,0.0,0.0,0.03,0.0,1.0,-5.207817282304461e-05,-5.207817282304461e-05,0.0,0.0,0.0403931367548363,0.5972559980424348,0.0119451199608486,0.0,0.1,0.2,0.0,0.0,7,0,0.9596068632451636,0.5972559980424348,decision_level_baseline_vs_candidate_path_memory_gap_audit,outer_loop_spatial_flow_belief_safe_explore_exploit_memory_v2_2
balanced_cluster,spatial_flow_belief_memory_h3,3,final_heldout,1,r10_l7_full_domain_randomisation_arena_wide_training,r10_l7_full_domain_randomisation_arena_wide_training,r10_balanced_cluster_spatial_flow_belief_memory_h3_final_0001,3,inflight_nominal,inflight_stable,lift_entry,primvar_lift_entry_transition_object_a65393bbc7f9,baseline_and_memory_winner_match,True,primvar_lift_entry_transition_object_a65393bbc7f9,primvar_lift_entry_transition_object_a65393bbc7f9,0.0,0.0,0.03,0.0,1.0,-0.0001050949644412,-0.0001050949644412,0.0,0.0,0.0464430190119909,0.6361421300307684,0.0127228426006153,0.0,0.1,0.2,0.0,0.0,7,0,0.9535569809880092,0.6361421300307684,decision_level_baseline_vs_candidate_path_memory_gap_audit,outer_loop_spatial_flow_belief_safe_explore_exploit_memory_v2_2
balanced_cluster,spatial_flow_belief_memory_h3,3,final_heldout,1,r10_l7_full_domain_randomisation_arena_wide_training,r10_l7_full_domain_randomisation_arena_wide_training,r10_balanced_cluster_spatial_flow_belief_memory_h3_final_0001,4,inflight_nominal,inflight_stable,lift_entry,primvar_lift_entry_transition_object_cbc5fe69f0f0,baseline_and_memory_winner_match,True,primvar_lift_entry_transition_object_cbc5fe69f0f0,primvar_lift_entry_transition_object_cbc5fe69f0f0,0.0,0.0,0.03,0.0,1.0,-0.0001149063449759,-0.0001149063449759,0.0,0.0,0.0359034045827895,0.7459376911467949,0.0149187538229358,0.0,0.1,0.2,0.0,0.0,7,0,0.9640965954172104,0.7459376911467949,decision_level_baseline_vs_candidate_path_memory_gap_audit,outer_loop_spatial_flow_belief_safe_explore_exploit_memory_v2_2
balanced_cluster,spatial_flow_belief_memory_h3,3,final_heldout,1,r10_l7_full_domain_randomisation_arena_wide_training,r10_l7_full_domain_randomisation_arena_wide_training,r10_balanced_cluster_spatial_flow_belief_memory_h3_final_0001,5,inflight_nominal,inflight_stable,lift_entry,primvar_lift_entry_transition_object_cbc5fe69f0f0,baseline_and_memory_winner_match,True,primvar_lift_entry_transition_object_cbc5fe69f0f0,primvar_lift_entry_transition_object_cbc5fe69f0f0,0.0,0.0,0.03,0.0,1.0,-0.0001140552779734,-0.0001140552779734,0.0,0.0,0.0309998966858183,0.8284467192111479,0.0165689343842229,0.0,0.1,0.2,0.0,0.0,4,0,0.9690001033141816,0.8284467192111479,decision_level_baseline_vs_candidate_path_memory_gap_audit,outer_loop_spatial_flow_belief_safe_explore_exploit_memory_v2_2
balanced_cluster,spatial_flow_belief_memory_h3,3,final_heldout,1,r10_l7_full_domain_randomisation_arena_wide_training,r10_l7_full_domain_randomisation_arena_wide_training,r10_balanced_cluster_spatial_flow_belief_memory_h3_final_0001,6,inflight_nominal,inflight_stable,lift_entry,primvar_lift_entry_transition_object_cbc5fe69f0f0,baseline_and_memory_winner_match,True,primvar_lift_entry_transition_object_cbc5fe69f0f0,primvar_lift_entry_transition_object_cbc5fe69f0f0,0.0,0.0,0.03,0.0,1.0,-0.0001300547717397,-0.0001300547717397,0.0,0.0,0.0337658345018525,0.9329169410575138,0.0186583388211502,0.0,0.1,0.2,0.0,0.0,0,0,0.9662341654981474,0.9329169410575138,decision_level_baseline_vs_candidate_path_memory_gap_audit,outer_loop_spatial_flow_belief_safe_explore_exploit_memory_v2_2
balanced_cluster,spatial_flow_belief_memory_h3,3,final_heldout,1,r10_l7_full_domain_randomisation_arena_wide_training,r10_l7_full_domain_randomisation_arena_wide_training,r10_balanced_cluster_spatial_flow_belief_memory_h3_final_0001,7,inflight_boundary_near,boundary_near,energy_retaining_bank,primvar_energy_retaining_bank_transition_object_f378f7a74cce,baseline_and_memory_winner_match,True,primvar_energy_retaining_bank_transition_object_f378f7a74cce,primvar_energy_retaining_bank_transition_object_f378f7a74cce,0.0,0.0,0.03,0.0,1.0,-0.0001249444377924,-0.0001249444377924,0.0,0.0,0.0337269391959878,0.966273060804012,0.0193254612160802,0.0,0.1,0.2,0.0,0.0,0,0,0.966273060804012,0.966273060804012,decision_level_baseline_vs_candidate_path_memory_gap_audit,outer_loop_spatial_flow_belief_safe_explore_exploit_memory_v2_2
balanced_cluster,spatial_flow_belief_memory_h3,3,final_heldout,1,r10_l7_full_domain_randomisation_arena_wide_training,r10_l7_full_domain_randomisation_arena_wide_training,r10_balanced_cluster_spatial_flow_belief_memory_h3_final_0001,8,inflight_boundary_near,boundary_near,mild_turn_right,primvar_mild_turn_right_transition_object_79dc6a9b8274,baseline_and_memory_winner_match,True,primvar_mild_turn_right_transition_object_79dc6a9b8274,primvar_mild_turn_right_transition_object_79dc6a9b8274,0.0,0.0,0.03,0.0,1.0,-5.2464969452215016e-05,-5.2464969452215016e-05,0.0,0.0,0.0312617356677116,0.9687382643322884,0.0193747652866457,0.0,0.1,0.2,0.0,0.0,0,0,0.9687382643322884,0.9687382643322884,decision_level_baseline_vs_candidate_path_memory_gap_audit,outer_loop_spatial_flow_belief_safe_explore_exploit_memory_v2_2
balanced_cluster,spatial_flow_belief_memory_h3,3,final_heldout,1,r10_l7_full_domain_randomisation_arena_wide_training,r10_l7_full_domain_randomisation_arena_wide_training,r10_balanced_cluster_spatial_flow_belief_memory_h3_final_0001,9,inflight_boundary_near,boundary_near,mild_turn_right,primvar_mild_turn_right_transition_object_79dc6a9b8274,baseline_and_memory_winner_match,True,primvar_mild_turn_right_transition_object_79dc6a9b8274,primvar_mild_turn_right_transition_object_79dc6a9b8274,0.0,0.0,0.03,0.0,1.0,2.304364915328705e-06,2.304364915328705e-06,0.0,0.0,0.047655645144718,0.952344354855282,0.0190468870971056,0.0,0.1,0.2,0.0,0.0,0,0,0.952344354855282,0.952344354855282,decision_level_baseline_vs_candidate_path_memory_gap_audit,outer_loop_spatial_flow_belief_safe_explore_exploit_memory_v2_2
balanced_cluster,spatial_flow_belief_memory_h3,3,final_heldout,1,r10_l7_full_domain_randomisation_arena_wide_training,r10_l7_full_domain_randomisation_arena_wide_training,r10_balanced_cluster_spatial_flow_belief_memory_h3_final_0001,10,inflight_boundary_near,boundary_near,mild_turn_right,primvar_mild_turn_right_transition_object_79dc6a9b8274,baseline_and_memory_winner_match,True,primvar_mild_turn_right_transition_object_79dc6a9b8274,primvar_mild_turn_right_transition_object_79dc6a9b8274,0.0,0.0,0.03,0.0,1.0,0.0001260110446512,0.0001260110446512,0.0,0.0,0.0387634739076286,0.9612365260923712,0.0192247305218474,0.0,0.1,0.2,0.0,0.0,0,0,0.9612365260923712,0.9612365260923712,decision_level_baseline_vs_candidate_path_memory_gap_audit,outer_loop_spatial_flow_belief_safe_explore_exploit_memory_v2_2
balanced_cluster,spatial_flow_belief_memory_h3,3,final_heldout,1,r10_l7_full_domain_randomisation_arena_wide_training,r10_l7_full_domain_randomisation_arena_wide_training,r10_balanced_cluster_spatial_flow_belief_memory_h3_final_0001,11,inflight_boundary_near,boundary_near,lift_dwell_arc,primvar_lift_dwell_arc_transition_object_3d4acb04abc7,baseline_and_memory_winner_match,True,primvar_lift_dwell_arc_transition_object_3d4acb04abc7,primvar_lift_dwell_arc_transition_object_3d4acb04abc7,0.0,0.0,0.03,0.0,1.0,0.0001249105153844,0.0001249105153844,0.0,0.0,0.0316722317172972,0.9683277682827028,0.019366555365654,0.0,0.1,0.2,0.0,0.0,0,0,0.9683277682827028,0.9683277682827028,decision_level_baseline_vs_candidate_path_memory_gap_audit,outer_loop_spatial_flow_belief_safe_explore_exploit_memory_v2_2
balanced_cluster,spatial_flow_belief_memory_h3,3,final_heldout,2,r10_l7_full_domain_randomisation_arena_wide_training,r10_l7_full_domain_randomisation_arena_wide_training,r10_balanced_cluster_spatial_flow_belief_memory_h3_final_0002,0,launch_gate,launch_gate,mild_turn_left,primvar_mild_turn_left_transition_object_c5942d118f74,baseline_and_memory_winner_match,True,primvar_mild_turn_left_transition_object_c5942d118f74,primvar_mild_turn_left_transition_object_c5942d118f74,0.0,0.0,0.03,0.0,1.0,-1.310706153689889e-05,-1.310706153689889e-05,0.0,0.0,0.0051842833188194,0.6242374782399334,0.0124847495647986,0.0,0.1,0.2,0.0,0.0,7,0,0.9948157166811804,0.6242374782399334,decision_level_baseline_vs_candidate_path_memory_gap_audit,outer_loop_spatial_flow_belief_safe_explore_exploit_memory_v2_2
balanced_cluster,spatial_flow_belief_memory_h3,3,final_heldout,2,r10_l7_full_domain_randomisation_arena_wide_training,r10_l7_full_domain_randomisation_arena_wide_training,r10_balanced_cluster_spatial_flow_belief_memory_h3_final_0002,1,inflight_nominal,inflight_stable,mild_turn_left,primvar_mild_turn_left_transition_object_c0027154e9bd,baseline_and_memory_winner_match,True,primvar_mild_turn_left_transition_object_c0027154e9bd,primvar_mild_turn_left_transition_object_c0027154e9bd,0.0,0.0,0.03,0.0,1.0,0.0002212491206448,0.0002212491206448,0.0,0.0,0.0394523716340252,0.6432729932491749,0.0128654598649834,0.0,0.1,0.2,0.0,0.0,7,0,0.9605476283659748,0.6432729932491749,decision_level_baseline_vs_candidate_path_memory_gap_audit,outer_loop_spatial_flow_belief_safe_explore_exploit_memory_v2_2
balanced_cluster,spatial_flow_belief_memory_h3,3,final_heldout,2,r10_l7_full_domain_randomisation_arena_wide_training,r10_l7_full_domain_randomisation_arena_wide_training,r10_balanced_cluster_spatial_flow_belief_memory_h3_final_0002,2,inflight_recovery_edge,recoverable_degraded,safe_exit_or_recovery_handoff,primvar_safe_exit_or_recovery_handoff_transition_object_89fe6c2843f5,baseline_and_memory_winner_match,True,primvar_safe_exit_or_recovery_handoff_transition_object_89fe6c2843f5,primvar_safe_exit_or_recovery_handoff_transition_object_89fe6c2843f5,0.0,0.0,0.03,0.0,1.0,0.0003337773849785,0.0003337773849785,0.0,0.0,0.034572494914617,0.6480160959818777,0.0129603219196375,0.0,0.1,0.2,0.0,0.0,7,0,0.965427505085383,0.6480160959818777,decision_level_baseline_vs_candidate_path_memory_gap_audit,outer_loop_spatial_flow_belief_safe_explore_exploit_memory_v2_2
balanced_cluster,spatial_flow_belief_memory_h3,3,final_heldout,2,r10_l7_full_domain_randomisation_arena_wide_training,r10_l7_full_domain_randomisation_arena_wide_training,r10_balanced_cluster_spatial_flow_belief_memory_h3_final_0002,3,inflight_recovery_edge,recoverable_degraded,safe_exit_or_recovery_handoff,primvar_safe_exit_or_recovery_handoff_transition_object_89fe6c2843f5,baseline_and_memory_winner_match,True,primvar_safe_exit_or_recovery_handoff_transition_object_89fe6c2843f5,primvar_safe_exit_or_recovery_handoff_transition_object_89fe6c2843f5,0.0,0.0,0.03,0.0,1.0,0.000374989691504,0.000374989691504,0.0,0.0,0.0299890392080935,0.7079476952760947,0.0141589539055218,0.0,0.1,0.2,0.0,0.0,7,0,0.9700109607919064,0.7079476952760947,decision_level_baseline_vs_candidate_path_memory_gap_audit,outer_loop_spatial_flow_belief_safe_explore_exploit_memory_v2_2
balanced_cluster,spatial_flow_belief_memory_h3,3,final_heldout,2,r10_l7_full_domain_randomisation_arena_wide_training,r10_l7_full_domain_randomisation_arena_wide_training,r10_balanced_cluster_spatial_flow_belief_memory_h3_final_0002,4,inflight_recovery_edge,recoverable_degraded,safe_exit_or_recovery_handoff,primvar_safe_exit_or_recovery_handoff_transition_object_89fe6c2843f5,baseline_and_memory_winner_match,True,primvar_safe_exit_or_recovery_handoff_transition_object_89fe6c2843f5,primvar_safe_exit_or_recovery_handoff_transition_object_89fe6c2843f5,0.0,0.0,0.03,0.0,1.0,0.0004374000488854,0.0004374000488854,0.0,0.0,0.0320053488932232,0.7731239051956509,0.015462478103913,0.0,0.1,0.2,0.0,0.0,7,0,0.9679946511067768,0.7731239051956509,decision_level_baseline_vs_candidate_path_memory_gap_audit,outer_loop_spatial_flow_belief_safe_explore_exploit_memory_v2_2
balanced_cluster,spatial_flow_belief_memory_h3,3,final_heldout,2,r10_l7_full_domain_randomisation_arena_wide_training,r10_l7_full_domain_randomisation_arena_wide_training,r10_balanced_cluster_spatial_flow_belief_memory_h3_final_0002,5,inflight_recovery_edge,recoverable_degraded,safe_exit_or_recovery_handoff,primvar_safe_exit_or_recovery_handoff_transition_object_89fe6c2843f5,baseline_and_memory_winner_match,True,primvar_safe_exit_or_recovery_handoff_transition_object_89fe6c2843f5,primvar_safe_exit_or_recovery_handoff_transition_object_89fe6c2843f5,0.0,0.0,0.03,0.0,1.0,0.0003077252079518,0.0003077252079518,0.0,0.0,0.0329977017263091,0.8524764610502369,0.0170495292210047,0.0,0.1,0.2,0.0,0.0,2,0,0.9670022982736908,0.8524764610502369,decision_level_baseline_vs_candidate_path_memory_gap_audit,outer_loop_spatial_flow_belief_safe_explore_exploit_memory_v2_2
balanced_cluster,spatial_flow_belief_memory_h3,3,final_heldout,2,r10_l7_full_domain_randomisation_arena_wide_training,r10_l7_full_domain_randomisation_arena_wide_training,r10_balanced_cluster_spatial_flow_belief_memory_h3_final_0002,6,inflight_recovery_edge,recoverable_degraded,safe_exit_or_recovery_handoff,primvar_safe_exit_or_recovery_handoff_transition_object_89fe6c2843f5,baseline_and_memory_winner_match,True,primvar_safe_exit_or_recovery_handoff_transition_object_89fe6c2843f5,primvar_safe_exit_or_recovery_handoff_transition_object_89fe6c2843f5,0.0,0.0,0.03,0.0,1.0,8.360292229725452e-06,8.360292229725452e-06,0.0,0.0,0.0344933833967232,0.9501604423337604,0.0190032088466752,0.0,0.1,0.2,0.0,0.0,0,0,0.9655066166032767,0.9501604423337604,decision_level_baseline_vs_candidate_path_memory_gap_audit,outer_loop_spatial_flow_belief_safe_explore_exploit_memory_v2_2
balanced_cluster,spatial_flow_belief_memory_h3,3,final_heldout,2,r10_l7_full_domain_randomisation_arena_wide_training,r10_l7_full_domain_randomisation_arena_wide_training,r10_balanced_cluster_spatial_flow_belief_memory_h3_final_0002,7,inflight_recovery_edge,recoverable_degraded,safe_exit_or_recovery_handoff,primvar_safe_exit_or_recovery_handoff_transition_object_89fe6c2843f5,baseline_and_memory_winner_match,True,primvar_safe_exit_or_recovery_handoff_transition_object_89fe6c2843f5,primvar_safe_exit_or_recovery_handoff_transition_object_89fe6c2843f5,0.0,0.0,0.03,0.0,1.0,-0.0002901789351199,-0.0002901789351199,0.0,0.0,0.0401651169741961,0.959834883025804,0.019196697660516,0.0,0.1,0.2,0.0,0.0,0,0,0.959834883025804,0.959834883025804,decision_level_baseline_vs_candidate_path_memory_gap_audit,outer_loop_spatial_flow_belief_safe_explore_exploit_memory_v2_2
balanced_cluster,spatial_flow_belief_memory_h3,3,final_heldout,2,r10_l7_full_domain_randomisation_arena_wide_training,r10_l7_full_domain_randomisation_arena_wide_training,r10_balanced_cluster_spatial_flow_belief_memory_h3_final_0002,8,inflight_boundary_near,boundary_near,energy_retaining_bank,primvar_energy_retaining_bank_transition_object_f378f7a74cce,baseline_and_memory_winner_match,True,primvar_energy_retaining_bank_transition_object_f378f7a74cce,primvar_energy_retaining_bank_transition_object_f378f7a74cce,0.0,0.0,0.03,0.0,1.0,-0.0003955826679444,-0.0003955826679444,0.0,0.0,0.0355108574120756,0.9644891425879244,0.0192897828517584,0.0,0.1,0.2,0.0,0.0,0,0,0.9644891425879244,0.9644891425879244,decision_level_baseline_vs_candidate_path_memory_gap_audit,outer_loop_spatial_flow_belief_safe_explore_exploit_memory_v2_2
balanced_cluster,spatial_flow_belief_memory_h3,3,final_heldout,2,r10_l7_full_domain_randomisation_arena_wide_training,r10_l7_full_domain_randomisation_arena_wide_training,r10_balanced_cluster_spatial_flow_belief_memory_h3_final_0002,9,inflight_boundary_near,boundary_near,energy_retaining_bank,primvar_energy_retaining_bank_transition_object_f378f7a74cce,baseline_and_memory_winner_match,True,primvar_energy_retaining_bank_transition_object_f378f7a74cce,primvar_energy_retaining_bank_transition_object_f378f7a74cce,0.0,0.0,0.03,0.0,1.0,-0.0002753686112595,-0.0002753686112595,0.0,0.0,0.0288742421855637,0.9711257578144362,0.0194225151562887,0.0,0.1,0.2,0.0,0.0,0,0,0.9711257578144362,0.9711257578144362,decision_level_baseline_vs_candidate_path_memory_gap_audit,outer_loop_spatial_flow_belief_safe_explore_exploit_memory_v2_2
balanced_cluster,spatial_flow_belief_memory_h3,3,final_heldout,2,r10_l7_full_domain_randomisation_arena_wide_training,r10_l7_full_domain_randomisation_arena_wide_training,r10_balanced_cluster_spatial_flow_belief_memory_h3_final_0002,10,inflight_boundary_near,boundary_near,energy_retaining_bank,primvar_energy_retaining_bank_transition_object_f378f7a74cce,baseline_and_memory_winner_match,True,primvar_energy_retaining_bank_transition_object_f378f7a74cce,primvar_energy_retaining_bank_transition_object_f378f7a74cce,0.0,0.0,0.03,0.0,1.0,-0.0003956849865678,-0.0003956849865678,0.0,0.0,0.0407576149502528,0.9592423850497472,0.0191848477009949,0.0,0.1,0.2,0.0,0.0,0,0,0.9592423850497472,0.9592423850497472,decision_level_baseline_vs_candidate_path_memory_gap_audit,outer_loop_spatial_flow_belief_safe_explore_exploit_memory_v2_2
balanced_cluster,spatial_flow_belief_memory_h3,3,final_heldout,2,r10_l7_full_domain_randomisation_arena_wide_training,r10_l7_full_domain_randomisation_arena_wide_training,r10_balanced_cluster_spatial_flow_belief_memory_h3_final_0002,11,inflight_boundary_near,boundary_near,lift_entry,primvar_lift_entry_transition_object_28b2b3339374,baseline_and_memory_winner_match,True,primvar_lift_entry_transition_object_28b2b3339374,primvar_lift_entry_transition_object_28b2b3339374,0.0,0.0,0.03,0.0,1.0,-0.0002399838663162,-0.0002399838663162,0.0,0.0,0.0265990489947102,0.9734009510052898,0.0194680190201057,0.0,0.1,0.2,0.0,0.0,0,0,0.9734009510052898,0.9734009510052898,decision_level_baseline_vs_candidate_path_memory_gap_audit,outer_loop_spatial_flow_belief_safe_explore_exploit_memory_v2_2
balanced_cluster,spatial_flow_belief_memory_h3,3,final_heldout,3,r10_l7_full_domain_randomisation_arena_wide_training,r10_l7_full_domain_randomisation_arena_wide_training,r10_balanced_cluster_spatial_flow_belief_memory_h3_final_0003,0,launch_gate,launch_gate,lift_dwell_arc,primvar_lift_dwell_arc_transition_object_3319bf584ff9,baseline_and_memory_winner_match,True,primvar_lift_dwell_arc_transition_object_3319bf584ff9,primvar_lift_dwell_arc_transition_object_3319bf584ff9,0.0,0.0,0.03,0.0,1.0,6.069969293887034e-05,6.069969293887034e-05,0.0,0.0,0.0063720536046485,0.7440893938833211,0.0148817878776664,0.0,0.1,0.2,0.0,0.0,7,0,0.9936279463953516,0.7440893938833211,decision_level_baseline_vs_candidate_path_memory_gap_audit,outer_loop_spatial_flow_belief_safe_explore_exploit_memory_v2_2
balanced_cluster,spatial_flow_belief_memory_h3,3,final_heldout,3,r10_l7_full_domain_randomisation_arena_wide_training,r10_l7_full_domain_randomisation_arena_wide_training,r10_balanced_cluster_spatial_flow_belief_memory_h3_final_0003,1,inflight_boundary_near,boundary_near,lift_dwell_arc,primvar_lift_dwell_arc_transition_object_429425bf6b2c,baseline_and_memory_winner_match,True,primvar_lift_dwell_arc_transition_object_429425bf6b2c,primvar_lift_dwell_arc_transition_object_429425bf6b2c,0.0,0.0,0.03,0.0,1.0,5.007038137172515e-05,5.007038137172515e-05,0.0,0.0,0.0389749400369438,0.7938899973374386,0.0158777999467487,0.0,0.1,0.2,6.442877533414026e-05,0.0503748635076305,7,2,0.961025059963056,0.7938899973374386,decision_level_baseline_vs_candidate_path_memory_gap_audit,outer_loop_spatial_flow_belief_safe_explore_exploit_memory_v2_2
balanced_cluster,spatial_flow_belief_memory_h3,3,final_heldout,3,r10_l7_full_domain_randomisation_arena_wide_training,r10_l7_full_domain_randomisation_arena_wide_training,r10_balanced_cluster_spatial_flow_belief_memory_h3_final_0003,2,inflight_boundary_near,boundary_near,lift_dwell_arc,primvar_lift_dwell_arc_transition_object_429425bf6b2c,baseline_and_memory_winner_match,True,primvar_lift_dwell_arc_transition_object_429425bf6b2c,primvar_lift_dwell_arc_transition_object_429425bf6b2c,0.0,0.0,0.03,0.0,1.0,1.3645019064645323e-05,1.3645019064645323e-05,0.0,0.0,0.0343456967463409,0.8963702192970951,0.0179274043859419,0.0,0.1,0.2,0.0,0.0,1,0,0.965654303253659,0.8963702192970951,decision_level_baseline_vs_candidate_path_memory_gap_audit,outer_loop_spatial_flow_belief_safe_explore_exploit_memory_v2_2
balanced_cluster,spatial_flow_belief_memory_h3,3,final_heldout,3,r10_l7_full_domain_randomisation_arena_wide_training,r10_l7_full_domain_randomisation_arena_wide_training,r10_balanced_cluster_spatial_flow_belief_memory_h3_final_0003,3,inflight_boundary_near,boundary_near,lift_entry,primvar_lift_entry_transition_object_7cbbfa819927,baseline_and_memory_winner_match,True,primvar_lift_entry_transition_object_7cbbfa819927,primvar_lift_entry_transition_object_7cbbfa819927,0.0,0.0,0.03,0.0,1.0,1.0336756920192867e-05,1.0336756920192867e-05,0.0,0.0,0.0426687075768719,0.957331292423128,0.0191466258484625,0.0,0.1,0.2,0.0,0.0,0,0,0.957331292423128,0.957331292423128,decision_level_baseline_vs_candidate_path_memory_gap_audit,outer_loop_spatial_flow_belief_safe_explore_exploit_memory_v2_2
balanced_cluster,spatial_flow_belief_memory_h3,3,final_heldout,3,r10_l7_full_domain_randomisation_arena_wide_training,r10_l7_full_domain_randomisation_arena_wide_training,r10_balanced_cluster_spatial_flow_belief_memory_h3_final_0003,4,inflight_boundary_near,boundary_near,lift_entry,primvar_lift_entry_transition_object_7cbbfa819927,baseline_and_memory_winner_match,True,primvar_lift_entry_transition_object_7cbbfa819927,primvar_lift_entry_transition_object_7cbbfa819927,0.0,0.0,0.03,0.0,1.0,-6.816768396866735e-06,-6.816768396866735e-06,0.0,0.0,0.027083665325478,0.972916334674522,0.0194583266934904,0.0,0.1,0.2,0.0,0.0,0,0,0.972916334674522,0.972916334674522,decision_level_baseline_vs_candidate_path_memory_gap_audit,outer_loop_spatial_flow_belief_safe_explore_exploit_memory_v2_2
balanced_cluster,spatial_flow_belief_memory_h3,3,final_heldout,3,r10_l7_full_domain_randomisation_arena_wide_training,r10_l7_full_domain_randomisation_arena_wide_training,r10_balanced_cluster_spatial_flow_belief_memory_h3_final_0003,5,inflight_boundary_near,boundary_near,lift_dwell_arc,primvar_lift_dwell_arc_transition_object_429425bf6b2c,baseline_and_memory_winner_match,True,primvar_lift_dwell_arc_transition_object_429425bf6b2c,primvar_lift_dwell_arc_transition_object_429425bf6b2c,0.0,0.0,0.03,0.0,1.0,-1.25965590069832e-05,-1.25965590069832e-05,0.0,0.0,0.029224577447733,0.9707754225522668,0.0194155084510453,0.0,0.1,0.2,0.0,0.0,0,0,0.9707754225522668,0.9707754225522668,decision_level_baseline_vs_candidate_path_memory_gap_audit,outer_loop_spatial_flow_belief_safe_explore_exploit_memory_v2_2
balanced_cluster,spatial_flow_belief_memory_h3,3,final_heldout,3,r10_l7_full_domain_randomisation_arena_wide_training,r10_l7_full_domain_randomisation_arena_wide_training,r10_balanced_cluster_spatial_flow_belief_memory_h3_final_0003,6,inflight_boundary_near,boundary_near,recovery,primvar_recovery_transition_object_5e492c9a9375,baseline_and_memory_winner_match,True,primvar_recovery_transition_object_5e492c9a9375,primvar_recovery_transition_object_5e492c9a9375,0.0,0.0,0.03,0.0,1.0,-2.868379882858818e-05,-2.868379882858818e-05,0.0,0.0,0.0372925336031979,0.962707466396802,0.019254149327936,0.0,0.1,0.2,0.0,0.0,0,0,0.962707466396802,0.962707466396802,decision_level_baseline_vs_candidate_path_memory_gap_audit,outer_loop_spatial_flow_belief_safe_explore_exploit_memory_v2_2
balanced_cluster,spatial_flow_belief_memory_h3,3,final_heldout,3,r10_l7_full_domain_randomisation_arena_wide_training,r10_l7_full_domain_randomisation_arena_wide_training,r10_balanced_cluster_spatial_flow_belief_memory_h3_final_0003,7,inflight_boundary_near,boundary_near,recovery,primvar_recovery_transition_object_5e492c9a9375,baseline_and_memory_winner_match,True,primvar_recovery_transition_object_5e492c9a9375,primvar_recovery_transition_object_5e492c9a9375,0.0,0.0,0.03,0.0,1.0,-2.072019255838775e-05,-2.072019255838775e-05,0.0,0.0,0.0228263683891659,0.977173631610834,0.0195434726322166,0.0,0.1,0.2,0.0,0.0,0,0,0.977173631610834,0.977173631610834,decision_level_baseline_vs_candidate_path_memory_gap_audit,outer_loop_spatial_flow_belief_safe_explore_exploit_memory_v2_2
balanced_cluster,spatial_flow_belief_memory_h3,3,final_heldout,5,r10_l7_full_domain_randomisation_arena_wide_training,r10_l7_full_domain_randomisation_arena_wide_training,r10_balanced_cluster_spatial_flow_belief_memory_h3_final_0005,0,launch_gate,launch_gate,mild_turn_right,primvar_mild_turn_right_transition_object_31fc88ec0052,baseline_and_memory_winner_match,True,primvar_mild_turn_right_transition_object_31fc88ec0052,primvar_mild_turn_right_transition_object_31fc88ec0052,0.0,0.0,0.03,0.0,1.0,1.1391281670158904e-06,1.1391281670158904e-06,0.0,0.0,0.0004276401971673,0.769874797474017,0.0153974959494803,0.0,0.1,0.2,0.0,0.0,7,0,0.9995723598028328,0.769874797474017,decision_level_baseline_vs_candidate_path_memory_gap_audit,outer_loop_spatial_flow_belief_safe_explore_exploit_memory_v2_2
balanced_cluster,spatial_flow_belief_memory_h3,3,final_heldout,5,r10_l7_full_domain_randomisation_arena_wide_training,r10_l7_full_domain_randomisation_arena_wide_training,r10_balanced_cluster_spatial_flow_belief_memory_h3_final_0005,1,inflight_boundary_near,boundary_near,lift_dwell_arc,primvar_lift_dwell_arc_transition_object_429425bf6b2c,baseline_and_memory_winner_match,True,primvar_lift_dwell_arc_transition_object_429425bf6b2c,primvar_lift_dwell_arc_transition_object_429425bf6b2c,0.0,0.0,0.03,0.0,1.0,0.0004234030591987,0.0004234030591987,0.0,0.0,0.0341490820969322,0.7822695913591271,0.0156453918271825,0.0,0.1,0.2,0.0,0.0,7,0,0.9658509179030678,0.7822695913591271,decision_level_baseline_vs_candidate_path_memory_gap_audit,outer_loop_spatial_flow_belief_safe_explore_exploit_memory_v2_2
balanced_cluster,spatial_flow_belief_memory_h3,3,final_heldout,5,r10_l7_full_domain_randomisation_arena_wide_training,r10_l7_full_domain_randomisation_arena_wide_training,r10_balanced_cluster_spatial_flow_belief_memory_h3_final_0005,2,inflight_boundary_near,boundary_near,recovery,primvar_recovery_transition_object_5e492c9a9375,baseline_and_memory_winner_match,True,primvar_recovery_transition_object_5e492c9a9375,primvar_recovery_transition_object_5e492c9a9375,0.0,0.0,0.03,0.0,1.0,0.0003720309075139,0.0003720309075139,0.0,0.0,0.0329457251962573,0.8162262079497449,0.0163245241589948,0.0,0.1,0.2,0.0,0.0,7,0,0.9670542748037426,0.8162262079497449,decision_level_baseline_vs_candidate_path_memory_gap_audit,outer_loop_spatial_flow_belief_safe_explore_exploit_memory_v2_2
balanced_cluster,spatial_flow_belief_memory_h3,3,final_heldout,5,r10_l7_full_domain_randomisation_arena_wide_training,r10_l7_full_domain_randomisation_arena_wide_training,r10_balanced_cluster_spatial_flow_belief_memory_h3_final_0005,3,inflight_boundary_near,boundary_near,recovery,primvar_recovery_transition_object_5e492c9a9375,baseline_and_memory_winner_match,True,primvar_recovery_transition_object_5e492c9a9375,primvar_recovery_transition_object_5e492c9a9375,0.0,0.0,0.03,0.0,1.0,0.0003068252261129,0.0003068252261129,0.0,0.0,0.0371229329175926,0.9197088776378656,0.0183941775527573,0.0,0.1,0.2,0.0,0.0,0,0,0.9628770670824074,0.9197088776378656,decision_level_baseline_vs_candidate_path_memory_gap_audit,outer_loop_spatial_flow_belief_safe_explore_exploit_memory_v2_2
balanced_cluster,spatial_flow_belief_memory_h3,3,final_heldout,5,r10_l7_full_domain_randomisation_arena_wide_training,r10_l7_full_domain_randomisation_arena_wide_training,r10_balanced_cluster_spatial_flow_belief_memory_h3_final_0005,4,inflight_boundary_near,boundary_near,glide,primvar_glide_transition_object_a48e56700ce9,baseline_and_memory_winner_match,True,primvar_glide_transition_object_a48e56700ce9,primvar_glide_transition_object_a48e56700ce9,0.0,0.0,0.03,0.0,1.0,0.0002424918219099,0.0002424918219099,0.0,0.0,0.0450173647826313,0.9549826352173688,0.0190996527043473,0.0,0.1,0.2,0.0,0.0,0,0,0.9549826352173688,0.9549826352173688,decision_level_baseline_vs_candidate_path_memory_gap_audit,outer_loop_spatial_flow_belief_safe_explore_exploit_memory_v2_2
balanced_cluster,spatial_flow_belief_memory_h3,3,final_heldout,5,r10_l7_full_domain_randomisation_arena_wide_training,r10_l7_full_domain_randomisation_arena_wide_training,r10_balanced_cluster_spatial_flow_belief_memory_h3_final_0005,5,inflight_boundary_near,boundary_near,mild_turn_left,primvar_mild_turn_left_transition_object_72b921ad790a,baseline_and_memory_winner_match,True,primvar_mild_turn_left_transition_object_72b921ad790a,primvar_mild_turn_left_transition_object_72b921ad790a,0.0,0.0,0.03,0.0,1.0,9.329197546703584e-05,9.329197546703584e-05,0.0,0.0,0.0409820850172257,0.9590179149827742,0.0191803582996554,0.0,0.1,0.2,0.0,0.0,0,0,0.9590179149827742,0.9590179149827742,decision_level_baseline_vs_candidate_path_memory_gap_audit,outer_loop_spatial_flow_belief_safe_explore_exploit_memory_v2_2
balanced_cluster,spatial_flow_belief_memory_h3,3,final_heldout,5,r10_l7_full_domain_randomisation_arena_wide_training,r10_l7_full_domain_randomisation_arena_wide_training,r10_balanced_cluster_spatial_flow_belief_memory_h3_final_0005,6,inflight_boundary_near,boundary_near,mild_turn_left,primvar_mild_turn_left_transition_object_72b921ad790a,baseline_and_memory_winner_match,True,primvar_mild_turn_left_transition_object_72b921ad790a,primvar_mild_turn_left_transition_object_72b921ad790a,0.0,0.0,0.03,0.0,1.0,1.3872428821226634e-05,1.3872428821226634e-05,0.0,0.0,0.0345535683342606,0.9654464316657394,0.0193089286333147,0.0,0.1,0.2,0.0,0.0,0,0,0.9654464316657394,0.9654464316657394,decision_level_baseline_vs_candidate_path_memory_gap_audit,outer_loop_spatial_flow_belief_safe_explore_exploit_memory_v2_2
balanced_cluster,spatial_flow_belief_memory_h3,3,final_heldout,5,r10_l7_full_domain_randomisation_arena_wide_training,r10_l7_full_domain_randomisation_arena_wide_training,r10_balanced_cluster_spatial_flow_belief_memory_h3_final_0005,7,inflight_boundary_near,boundary_near,mild_turn_left,primvar_mild_turn_left_transition_object_72b921ad790a,baseline_and_memory_winner_match,True,primvar_mild_turn_left_transition_object_72b921ad790a,primvar_mild_turn_left_transition_object_72b921ad790a,0.0,0.0,0.03,0.0,1.0,-4.6360111175758334e-05,-4.6360111175758334e-05,0.0,0.0,0.0380570803928244,0.9619429196071756,0.0192388583921435,0.0,0.1,0.2,0.0,0.0,0,0,0.9619429196071756,0.9619429196071756,decision_level_baseline_vs_candidate_path_memory_gap_audit,outer_loop_spatial_flow_belief_safe_explore_exploit_memory_v2_2
balanced_cluster,spatial_flow_belief_memory_h3,3,final_heldout,5,r10_l7_full_domain_randomisation_arena_wide_training,r10_l7_full_domain_randomisation_arena_wide_training,r10_balanced_cluster_spatial_flow_belief_memory_h3_final_0005,8,inflight_boundary_near,boundary_near,mild_turn_left,primvar_mild_turn_left_transition_object_72b921ad790a,baseline_and_memory_winner_match,True,primvar_mild_turn_left_transition_object_72b921ad790a,primvar_mild_turn_left_transition_object_72b921ad790a,0.0,0.0,0.03,0.0,1.0,-4.0080537330622334e-05,-4.0080537330622334e-05,0.0,0.0,0.029514864691715,0.970485135308285,0.0194097027061657,0.0,0.1,0.2,0.0,0.0,0,0,0.970485135308285,0.970485135308285,decision_level_baseline_vs_candidate_path_memory_gap_audit,outer_loop_spatial_flow_belief_safe_explore_exploit_memory_v2_2
balanced_cluster,spatial_flow_belief_memory_h3,3,final_heldout,4,r10_l7_full_domain_randomisation_arena_wide_training,r10_l7_full_domain_randomisation_arena_wide_training,r10_balanced_cluster_spatial_flow_belief_memory_h3_final_0004,0,launch_gate,launch_gate,glide,primvar_glide_transition_object_ad817af95d9e,baseline_and_memory_winner_match,True,primvar_glide_transition_object_ad817af95d9e,primvar_glide_transition_object_ad817af95d9e,0.0,0.0,0.03,0.0,1.0,3.798016884726252e-05,3.798016884726252e-05,0.0,0.0,0.0046816734583065,0.5930034220694163,0.0118600684413883,0.0,0.1,0.2,0.0,0.0,7,0,0.9953183265416934,0.5930034220694163,decision_level_baseline_vs_candidate_path_memory_gap_audit,outer_loop_spatial_flow_belief_safe_explore_exploit_memory_v2_2
balanced_cluster,spatial_flow_belief_memory_h3,3,final_heldout,4,r10_l7_full_domain_randomisation_arena_wide_training,r10_l7_full_domain_randomisation_arena_wide_training,r10_balanced_cluster_spatial_flow_belief_memory_h3_final_0004,1,inflight_nominal,inflight_stable,lift_entry,primvar_lift_entry_transition_object_cbc5fe69f0f0,baseline_and_memory_winner_match,True,primvar_lift_entry_transition_object_cbc5fe69f0f0,primvar_lift_entry_transition_object_cbc5fe69f0f0,0.0,0.0,0.03,0.0,1.0,0.000585557254251,0.000585557254251,0.0,0.0,0.0547676380224346,0.5965399036434464,0.0119307980728689,0.0,0.1,0.2,0.0,0.0,7,0,0.9452323619775652,0.5965399036434464,decision_level_baseline_vs_candidate_path_memory_gap_audit,outer_loop_spatial_flow_belief_safe_explore_exploit_memory_v2_2
balanced_cluster,spatial_flow_belief_memory_h3,3,final_heldout,4,r10_l7_full_domain_randomisation_arena_wide_training,r10_l7_full_domain_randomisation_arena_wide_training,r10_balanced_cluster_spatial_flow_belief_memory_h3_final_0004,2,inflight_recovery_edge,recoverable_degraded,safe_exit_or_recovery_handoff,primvar_safe_exit_or_recovery_handoff_transition_object_89fe6c2843f5,baseline_and_memory_winner_match,True,primvar_safe_exit_or_recovery_handoff_transition_object_89fe6c2843f5,primvar_safe_exit_or_recovery_handoff_transition_object_89fe6c2843f5,0.0,0.0,0.03,0.0,1.0,0.0002814700206664,0.0002814700206664,0.0,0.0,0.0249017132674114,0.6544249264528884,0.0130884985290577,0.0,0.1,0.2,0.0,0.0,7,0,0.9750982867325886,0.6544249264528884,decision_level_baseline_vs_candidate_path_memory_gap_audit,outer_loop_spatial_flow_belief_safe_explore_exploit_memory_v2_2
balanced_cluster,spatial_flow_belief_memory_h3,3,final_heldout,4,r10_l7_full_domain_randomisation_arena_wide_training,r10_l7_full_domain_randomisation_arena_wide_training,r10_balanced_cluster_spatial_flow_belief_memory_h3_final_0004,3,inflight_recovery_edge,recoverable_degraded,safe_exit_or_recovery_handoff,primvar_safe_exit_or_recovery_handoff_transition_object_89fe6c2843f5,baseline_and_memory_winner_match,True,primvar_safe_exit_or_recovery_handoff_transition_object_89fe6c2843f5,primvar_safe_exit_or_recovery_handoff_transition_object_89fe6c2843f5,0.0,0.0,0.03,0.0,1.0,0.0001086840524838,0.0001086840524838,0.0,0.0,0.0345021829278937,0.6956771155403538,0.013913542310807,0.0,0.1,0.2,0.0,0.0,7,0,0.9654978170721062,0.6956771155403538,decision_level_baseline_vs_candidate_path_memory_gap_audit,outer_loop_spatial_flow_belief_safe_explore_exploit_memory_v2_2
balanced_cluster,spatial_flow_belief_memory_h3,3,final_heldout,4,r10_l7_full_domain_randomisation_arena_wide_training,r10_l7_full_domain_randomisation_arena_wide_training,r10_balanced_cluster_spatial_flow_belief_memory_h3_final_0004,4,inflight_boundary_near,boundary_near,energy_retaining_bank,primvar_energy_retaining_bank_transition_object_f378f7a74cce,baseline_and_memory_winner_match,True,primvar_energy_retaining_bank_transition_object_f378f7a74cce,primvar_energy_retaining_bank_transition_object_f378f7a74cce,0.0,0.0,0.03,0.0,1.0,-0.0002600091302369,-0.0002600091302369,0.0,0.0,0.0323033152125292,0.7623039818490527,0.015246079636981,0.0,0.1,0.2,0.0,0.0,7,0,0.9676966847874708,0.7623039818490527,decision_level_baseline_vs_candidate_path_memory_gap_audit,outer_loop_spatial_flow_belief_safe_explore_exploit_memory_v2_2
balanced_cluster,spatial_flow_belief_memory_h3,3,final_heldout,4,r10_l7_full_domain_randomisation_arena_wide_training,r10_l7_full_domain_randomisation_arena_wide_training,r10_balanced_cluster_spatial_flow_belief_memory_h3_final_0004,5,inflight_boundary_near,boundary_near,energy_retaining_bank,primvar_energy_retaining_bank_transition_object_f378f7a74cce,baseline_and_memory_winner_match,True,primvar_energy_retaining_bank_transition_object_f378f7a74cce,primvar_energy_retaining_bank_transition_object_f378f7a74cce,0.0,0.0,0.03,0.0,1.0,-0.0005341255019334,-0.0005341255019334,0.0,0.0,0.0403303803221546,0.8289680380544701,0.0165793607610894,0.0,0.1,0.2,0.0,0.0,4,0,0.9596696196778454,0.8289680380544701,decision_level_baseline_vs_candidate_path_memory_gap_audit,outer_loop_spatial_flow_belief_safe_explore_exploit_memory_v2_2
balanced_cluster,spatial_flow_belief_memory_h3,3,final_heldout,4,r10_l7_full_domain_randomisation_arena_wide_training,r10_l7_full_domain_randomisation_arena_wide_training,r10_balanced_cluster_spatial_flow_belief_memory_h3_final_0004,6,inflight_boundary_near,boundary_near,lift_entry,primvar_lift_entry_transition_object_28b2b3339374,baseline_and_memory_winner_match,True,primvar_lift_entry_transition_object_28b2b3339374,primvar_lift_entry_transition_object_28b2b3339374,0.0,0.0,0.03,0.0,1.0,-0.000442050386691,-0.000442050386691,0.0,0.0,0.0301141874410124,0.9698858125589876,0.0193977162511797,0.0,0.1,0.2,0.0,0.0,0,0,0.9698858125589876,0.9698858125589876,decision_level_baseline_vs_candidate_path_memory_gap_audit,outer_loop_spatial_flow_belief_safe_explore_exploit_memory_v2_2
balanced_cluster,spatial_flow_belief_memory_h3,3,final_heldout,4,r10_l7_full_domain_randomisation_arena_wide_training,r10_l7_full_domain_randomisation_arena_wide_training,r10_balanced_cluster_spatial_flow_belief_memory_h3_final_0004,7,inflight_boundary_near,boundary_near,lift_entry,primvar_lift_entry_transition_object_28b2b3339374,baseline_and_memory_winner_match,True,primvar_lift_entry_transition_object_28b2b3339374,primvar_lift_entry_transition_object_28b2b3339374,0.0,0.0,0.03,0.0,1.0,-0.0004892389150268,-0.0004892389150268,0.0,0.0,0.0393681132217991,0.9606318867782008,0.019212637735564,0.0,0.1,0.2,0.0,0.0,0,0,0.9606318867782008,0.9606318867782008,decision_level_baseline_vs_candidate_path_memory_gap_audit,outer_loop_spatial_flow_belief_safe_explore_exploit_memory_v2_2
balanced_cluster,spatial_flow_belief_memory_h3,3,final_heldout,4,r10_l7_full_domain_randomisation_arena_wide_training,r10_l7_full_domain_randomisation_arena_wide_training,r10_balanced_cluster_spatial_flow_belief_memory_h3_final_0004,8,inflight_boundary_near,boundary_near,lift_entry,primvar_lift_entry_transition_object_28b2b3339374,baseline_and_memory_winner_match,True,primvar_lift_entry_transition_object_28b2b3339374,primvar_lift_entry_transition_object_28b2b3339374,0.0,0.0,0.03,0.0,1.0,-0.0003807427042583,-0.0003807427042583,0.0,0.0,0.040664428450682,0.959335571549318,0.0191867114309863,0.0,0.1,0.2,0.0,0.0,0,0,0.959335571549318,0.959335571549318,decision_level_baseline_vs_candidate_path_memory_gap_audit,outer_loop_spatial_flow_belief_safe_explore_exploit_memory_v2_2
balanced_cluster,spatial_flow_belief_memory_h3,3,final_heldout,4,r10_l7_full_domain_randomisation_arena_wide_training,r10_l7_full_domain_randomisation_arena_wide_training,r10_balanced_cluster_spatial_flow_belief_memory_h3_final_0004,9,inflight_boundary_near,boundary_near,lift_entry,primvar_lift_entry_transition_object_28b2b3339374,baseline_and_memory_winner_match,True,primvar_lift_entry_transition_object_28b2b3339374,primvar_lift_entry_transition_object_28b2b3339374,0.0,0.0,0.03,0.0,1.0,-0.0002762894452086,-0.0002762894452086,0.0,0.0,0.0381403127043915,0.9618596872956084,0.0192371937459121,0.0,0.1,0.2,0.0,0.0,0,0,0.9618596872956084,0.9618596872956084,decision_level_baseline_vs_candidate_path_memory_gap_audit,outer_loop_spatial_flow_belief_safe_explore_exploit_memory_v2_2
balanced_cluster,spatial_flow_belief_memory_h3,3,final_heldout,4,r10_l7_full_domain_randomisation_arena_wide_training,r10_l7_full_domain_randomisation_arena_wide_training,r10_balanced_cluster_spatial_flow_belief_memory_h3_final_0004,10,inflight_boundary_near,boundary_near,lift_entry,primvar_lift_entry_transition_object_28b2b3339374,baseline_and_memory_winner_match,True,primvar_lift_entry_transition_object_28b2b3339374,primvar_lift_entry_transition_object_28b2b3339374,0.0,0.0,0.03,0.0,1.0,-0.0001982218149625,-0.0001982218149625,0.0,0.0,0.0312615101138263,0.9687384898861736,0.0193747697977234,0.0,0.1,0.2,0.0,0.0,0,0,0.9687384898861736,0.9687384898861736,decision_level_baseline_vs_candidate_path_memory_gap_audit,outer_loop_spatial_flow_belief_safe_explore_exploit_memory_v2_2
balanced_cluster,spatial_flow_belief_memory_h3,3,final_heldout,6,r10_l7_full_domain_randomisation_arena_wide_training,r10_l7_full_domain_randomisation_arena_wide_training,r10_balanced_cluster_spatial_flow_belief_memory_h3_final_0006,0,launch_gate,launch_gate,mild_turn_left,primvar_mild_turn_left_transition_object_c5942d118f74,baseline_and_memory_winner_match,True,primvar_mild_turn_left_transition_object_c5942d118f74,primvar_mild_turn_left_transition_object_c5942d118f74,0.0,0.0,0.03,0.0,1.0,0.0,0.0,0.0,0.0,0.0,0.6393110014564335,0.0127862200291286,0.0,0.1,0.2,0.0,0.0,7,0,1.0,0.6393110014564335,decision_level_baseline_vs_candidate_path_memory_gap_audit,outer_loop_spatial_flow_belief_safe_explore_exploit_memory_v2_2
balanced_cluster,spatial_flow_belief_memory_h3,3,final_heldout,6,r10_l7_full_domain_randomisation_arena_wide_training,r10_l7_full_domain_randomisation_arena_wide_training,r10_balanced_cluster_spatial_flow_belief_memory_h3_final_0006,1,inflight_nominal,inflight_stable,lift_entry,primvar_lift_entry_transition_object_cbc5fe69f0f0,baseline_and_memory_winner_match,True,primvar_lift_entry_transition_object_cbc5fe69f0f0,primvar_lift_entry_transition_object_cbc5fe69f0f0,0.0,0.0,0.03,0.0,1.0,0.0002099759965927,0.0002099759965927,0.0,0.0,0.0336140207139541,0.6211567178092345,0.0124231343561846,0.0,0.1,0.2,0.0,0.0,7,0,0.966385979286046,0.6211567178092345,decision_level_baseline_vs_candidate_path_memory_gap_audit,outer_loop_spatial_flow_belief_safe_explore_exploit_memory_v2_2
balanced_cluster,spatial_flow_belief_memory_h3,3,final_heldout,6,r10_l7_full_domain_randomisation_arena_wide_training,r10_l7_full_domain_randomisation_arena_wide_training,r10_balanced_cluster_spatial_flow_belief_memory_h3_final_0006,2,inflight_recovery_edge,recoverable_degraded,safe_exit_or_recovery_handoff,primvar_safe_exit_or_recovery_handoff_transition_object_89fe6c2843f5,baseline_and_memory_winner_match,True,primvar_safe_exit_or_recovery_handoff_transition_object_89fe6c2843f5,primvar_safe_exit_or_recovery_handoff_transition_object_89fe6c2843f5,0.0,0.0,0.03,0.0,1.0,0.000262340254447,0.000262340254447,0.0,0.0,0.0358403661019077,0.6644794386184834,0.0132895887723696,0.0,0.1,0.2,0.0,0.0,7,0,0.9641596338980922,0.6644794386184834,decision_level_baseline_vs_candidate_path_memory_gap_audit,outer_loop_spatial_flow_belief_safe_explore_exploit_memory_v2_2
balanced_cluster,spatial_flow_belief_memory_h3,3,final_heldout,6,r10_l7_full_domain_randomisation_arena_wide_training,r10_l7_full_domain_randomisation_arena_wide_training,r10_balanced_cluster_spatial_flow_belief_memory_h3_final_0006,3,inflight_recovery_edge,recoverable_degraded,safe_exit_or_recovery_handoff,primvar_safe_exit_or_recovery_handoff_transition_object_89fe6c2843f5,baseline_and_memory_winner_match,True,primvar_safe_exit_or_recovery_handoff_transition_object_89fe6c2843f5,primvar_safe_exit_or_recovery_handoff_transition_object_89fe6c2843f5,0.0,0.0,0.03,0.0,1.0,0.0002386945043023,0.0002386945043023,0.0,0.0,0.0369804772101352,0.7142969649598718,0.0142859392991974,0.0,0.1,0.2,0.0,0.0,7,0,0.9630195227898648,0.7142969649598718,decision_level_baseline_vs_candidate_path_memory_gap_audit,outer_loop_spatial_flow_belief_safe_explore_exploit_memory_v2_2
balanced_cluster,spatial_flow_belief_memory_h3,3,final_heldout,6,r10_l7_full_domain_randomisation_arena_wide_training,r10_l7_full_domain_randomisation_arena_wide_training,r10_balanced_cluster_spatial_flow_belief_memory_h3_final_0006,4,inflight_recovery_edge,recoverable_degraded,safe_exit_or_recovery_handoff,primvar_safe_exit_or_recovery_handoff_transition_object_295e4572e0ce,baseline_and_memory_winner_match,True,primvar_safe_exit_or_recovery_handoff_transition_object_295e4572e0ce,primvar_safe_exit_or_recovery_handoff_transition_object_295e4572e0ce,0.0,0.0,0.03,0.0,1.0,0.0002032123263067,0.0002032123263067,0.0,0.0,0.0376148563624598,0.5580452815395641,0.0111609056307912,0.0,0.1,0.2,0.0,0.0,7,0,0.96238514363754,0.5580452815395641,decision_level_baseline_vs_candidate_path_memory_gap_audit,outer_loop_spatial_flow_belief_safe_explore_exploit_memory_v2_2
balanced_cluster,spatial_flow_belief_memory_h3,3,final_heldout,6,r10_l7_full_domain_randomisation_arena_wide_training,r10_l7_full_domain_randomisation_arena_wide_training,r10_balanced_cluster_spatial_flow_belief_memory_h3_final_0006,5,inflight_recovery_edge,recoverable_degraded,safe_exit_or_recovery_handoff,primvar_safe_exit_or_recovery_handoff_transition_object_295e4572e0ce,baseline_and_memory_winner_match,True,primvar_safe_exit_or_recovery_handoff_transition_object_295e4572e0ce,primvar_safe_exit_or_recovery_handoff_transition_object_295e4572e0ce,0.0,0.0,0.03,0.0,1.0,0.0001169673660393,0.0001169673660393,0.0,0.0,0.0372584809413886,0.5953329115486959,0.0119066582309739,0.0,0.1,0.2,0.0,0.0,7,0,0.9627415190586114,0.5953329115486959,decision_level_baseline_vs_candidate_path_memory_gap_audit,outer_loop_spatial_flow_belief_safe_explore_exploit_memory_v2_2
balanced_cluster,spatial_flow_belief_memory_h3,3,final_heldout,6,r10_l7_full_domain_randomisation_arena_wide_training,r10_l7_full_domain_randomisation_arena_wide_training,r10_balanced_cluster_spatial_flow_belief_memory_h3_final_0006,6,inflight_recovery_edge,recoverable_degraded,safe_exit_or_recovery_handoff,primvar_safe_exit_or_recovery_handoff_transition_object_295e4572e0ce,baseline_and_memory_winner_match,True,primvar_safe_exit_or_recovery_handoff_transition_object_295e4572e0ce,primvar_safe_exit_or_recovery_handoff_transition_object_295e4572e0ce,0.0,0.0,0.03,0.0,1.0,1.222876024464803e-05,1.222876024464803e-05,0.0,0.0,0.0359824715923461,0.6359457201089159,0.0127189144021783,0.0,0.1,0.2,4.792412818205159e-06,0.0019806803086469,7,4,0.964017528407654,0.6359457201089159,decision_level_baseline_vs_candidate_path_memory_gap_audit,outer_loop_spatial_flow_belief_safe_explore_exploit_memory_v2_2
balanced_cluster,spatial_flow_belief_memory_h3,3,final_heldout,6,r10_l7_full_domain_randomisation_arena_wide_training,r10_l7_full_domain_randomisation_arena_wide_training,r10_balanced_cluster_spatial_flow_belief_memory_h3_final_0006,7,inflight_recovery_edge,recoverable_degraded,safe_exit_or_recovery_handoff,primvar_safe_exit_or_recovery_handoff_transition_object_295e4572e0ce,baseline_and_memory_winner_match,True,primvar_safe_exit_or_recovery_handoff_transition_object_295e4572e0ce,primvar_safe_exit_or_recovery_handoff_transition_object_295e4572e0ce,0.0,0.0,0.03,0.0,1.0,-8.374918645107088e-05,-8.374918645107088e-05,0.0,0.0,0.0345820200629203,0.6799245801034345,0.0135984916020686,0.0,0.1,0.2,5.549194954573953e-06,0.0023491403921506,7,4,0.9654179799370796,0.6799245801034345,decision_level_baseline_vs_candidate_path_memory_gap_audit,outer_loop_spatial_flow_belief_safe_explore_exploit_memory_v2_2
balanced_cluster,spatial_flow_belief_memory_h3,3,final_heldout,6,r10_l7_full_domain_randomisation_arena_wide_training,r10_l7_full_domain_randomisation_arena_wide_training,r10_balanced_cluster_spatial_flow_belief_memory_h3_final_0006,8,inflight_recovery_edge,recoverable_degraded,safe_exit_or_recovery_handoff,primvar_safe_exit_or_recovery_handoff_transition_object_295e4572e0ce,baseline_and_memory_winner_match,True,primvar_safe_exit_or_recovery_handoff_transition_object_295e4572e0ce,primvar_safe_exit_or_recovery_handoff_transition_object_295e4572e0ce,0.0,0.0,0.03,0.0,1.0,-0.0001816172374103,-0.0001816172374103,0.0,0.0,0.0349464358950398,0.7192671470802552,0.0143853429416051,0.0,0.1,0.2,0.0,0.0,5,0,0.96505356410496,0.7192671470802552,decision_level_baseline_vs_candidate_path_memory_gap_audit,outer_loop_spatial_flow_belief_safe_explore_exploit_memory_v2_2
balanced_cluster,spatial_flow_belief_memory_h3,3,final_heldout,6,r10_l7_full_domain_randomisation_arena_wide_training,r10_l7_full_domain_randomisation_arena_wide_training,r10_balanced_cluster_spatial_flow_belief_memory_h3_final_0006,9,inflight_boundary_near,boundary_near,mild_turn_left,primvar_mild_turn_left_transition_object_8f717fa6b160,baseline_and_memory_winner_match,True,primvar_mild_turn_left_transition_object_8f717fa6b160,primvar_mild_turn_left_transition_object_8f717fa6b160,0.0,0.0,0.03,0.0,1.0,-0.000239493522512,-0.000239493522512,0.0,0.0,0.0322194964143915,0.7655641896853448,0.0153112837937068,0.0,0.1,0.2,0.0,0.0,0,0,0.9677805035856084,0.7655641896853448,decision_level_baseline_vs_candidate_path_memory_gap_audit,outer_loop_spatial_flow_belief_safe_explore_exploit_memory_v2_2
balanced_cluster,spatial_flow_belief_memory_h3,3,final_heldout,6,r10_l7_full_domain_randomisation_arena_wide_training,r10_l7_full_domain_randomisation_arena_wide_training,r10_balanced_cluster_spatial_flow_belief_memory_h3_final_0006,10,inflight_boundary_near,boundary_near,mild_turn_left,primvar_mild_turn_left_transition_object_8f717fa6b160,baseline_and_memory_winner_match,True,primvar_mild_turn_left_transition_object_8f717fa6b160,primvar_mild_turn_left_transition_object_8f717fa6b160,0.0,0.0,0.03,0.0,1.0,-0.0002916707314258,-0.0002916707314258,0.0,0.0,0.0421233144652504,0.749705046926321,0.0149941009385264,0.0,0.1,0.2,0.0,0.0,0,0,0.9578766855347496,0.749705046926321,decision_level_baseline_vs_candidate_path_memory_gap_audit,outer_loop_spatial_flow_belief_safe_explore_exploit_memory_v2_2
balanced_cluster,spatial_flow_belief_memory_h3,3,final_heldout,6,r10_l7_full_domain_randomisation_arena_wide_training,r10_l7_full_domain_randomisation_arena_wide_training,r10_balanced_cluster_spatial_flow_belief_memory_h3_final_0006,11,inflight_boundary_near,boundary_near,mild_turn_left,primvar_mild_turn_left_transition_object_8f717fa6b160,baseline_and_memory_winner_match,True,primvar_mild_turn_left_transition_object_8f717fa6b160,primvar_mild_turn_left_transition_object_8f717fa6b160,0.0,0.0,0.03,0.0,1.0,-0.0003375339291848,-0.0003375339291848,0.0,0.0,0.0409749169932505,0.7009397241110212,0.0140187944822204,0.0,0.1,0.2,0.0,0.0,0,0,0.9590250830067494,0.7009397241110212,decision_level_baseline_vs_candidate_path_memory_gap_audit,outer_loop_spatial_flow_belief_safe_explore_exploit_memory_v2_2
balanced_cluster,spatial_flow_belief_memory_h3,3,final_heldout,6,r10_l7_full_domain_randomisation_arena_wide_training,r10_l7_full_domain_randomisation_arena_wide_training,r10_balanced_cluster_spatial_flow_belief_memory_h3_final_0006,12,inflight_boundary_near,boundary_near,mild_turn_left,primvar_mild_turn_left_transition_object_8f717fa6b160,baseline_and_memory_winner_match,True,primvar_mild_turn_left_transition_object_8f717fa6b160,primvar_mild_turn_left_transition_object_8f717fa6b160,0.0,0.0,0.03,0.0,1.0,-0.000300589413135,-0.000300589413135,0.0,0.0,0.0329235542047107,0.5947155223738987,0.0118943104474779,0.0,0.1,0.2,0.0,0.0,0,0,0.9670764457952892,0.5947155223738987,decision_level_baseline_vs_candidate_path_memory_gap_audit,outer_loop_spatial_flow_belief_safe_explore_exploit_memory_v2_2
balanced_cluster,spatial_flow_belief_memory_h3,3,final_heldout,6,r10_l7_full_domain_randomisation_arena_wide_training,r10_l7_full_domain_randomisation_arena_wide_training,r10_balanced_cluster_spatial_flow_belief_memory_h3_final_0006,13,inflight_boundary_near,boundary_near,mild_turn_left,primvar_mild_turn_left_transition_object_8f717fa6b160,baseline_and_memory_winner_match,True,primvar_mild_turn_left_transition_object_8f717fa6b160,primvar_mild_turn_left_transition_object_8f717fa6b160,0.0,0.0,0.03,0.0,1.0,-0.0003176048772842,-0.0003176048772842,0.0,0.0,0.0329210931105821,0.3958455104208194,0.0079169102084163,0.0,0.1,0.2,0.0,0.0,0,0,0.9670789068894178,0.3958455104208194,decision_level_baseline_vs_candidate_path_memory_gap_audit,outer_loop_spatial_flow_belief_safe_explore_exploit_memory_v2_2
heavy_cluster,spatial_flow_belief_memory_h30,30,final_heldout,7,r10_l7_full_domain_randomisation_arena_wide_training,r10_l7_full_domain_randomisation_arena_wide_training,r10_heavy_cluster_spatial_flow_belief_memory_h30_final_0007,0,launch_gate,launch_gate,safe_exit_or_recovery_handoff,primvar_safe_exit_or_recovery_handoff_transition_object_d17d451ad8d8,baseline_and_memory_winner_match,True,primvar_safe_exit_or_recovery_handoff_transition_object_d17d451ad8d8,primvar_safe_exit_or_recovery_handoff_transition_object_d17d451ad8d8,0.0,0.0,0.03,0.0,1.0,6.699959119838006e-06,6.699959119838006e-06,0.0,0.0,0.0091394225348878,0.514546688026816,0.0102909337605363,0.0,0.1,0.2,0.0,0.0,7,0,0.990860577465112,0.514546688026816,decision_level_baseline_vs_candidate_path_memory_gap_audit,outer_loop_spatial_flow_belief_safe_explore_exploit_memory_v2_2
heavy_cluster,spatial_flow_belief_memory_h30,30,final_heldout,7,r10_l7_full_domain_randomisation_arena_wide_training,r10_l7_full_domain_randomisation_arena_wide_training,r10_heavy_cluster_spatial_flow_belief_memory_h30_final_0007,1,inflight_nominal,inflight_stable,lift_dwell_arc,primvar_lift_dwell_arc_transition_object_f5212e7a8993,baseline_and_memory_winner_match,True,primvar_lift_dwell_arc_transition_object_f5212e7a8993,primvar_lift_dwell_arc_transition_object_f5212e7a8993,0.0,0.0,0.03,0.0,1.0,-0.0001580819576589,-0.0001580819576589,0.0,0.0,0.0853831735080643,0.5028413357314144,0.0100568267146282,0.0,0.1,0.2,0.0,0.0,7,0,0.9146168264919357,0.5028413357314144,decision_level_baseline_vs_candidate_path_memory_gap_audit,outer_loop_spatial_flow_belief_safe_explore_exploit_memory_v2_2
heavy_cluster,spatial_flow_belief_memory_h30,30,final_heldout,7,r10_l7_full_domain_randomisation_arena_wide_training,r10_l7_full_domain_randomisation_arena_wide_training,r10_heavy_cluster_spatial_flow_belief_memory_h30_final_0007,2,inflight_nominal,inflight_stable,lift_dwell_arc,primvar_lift_dwell_arc_transition_object_f5212e7a8993,baseline_and_memory_winner_match,True,primvar_lift_dwell_arc_transition_object_f5212e7a8993,primvar_lift_dwell_arc_transition_object_f5212e7a8993,0.0,0.0,0.03,0.0,1.0,-0.0003448619265853,-0.0003448619265853,0.0,0.0,0.106335897459243,0.5116068433717825,0.0102321368674356,0.0,0.1,0.2,0.0,0.0,7,0,0.8936641025407569,0.5116068433717825,decision_level_baseline_vs_candidate_path_memory_gap_audit,outer_loop_spatial_flow_belief_safe_explore_exploit_memory_v2_2
heavy_cluster,spatial_flow_belief_memory_h30,30,final_heldout,7,r10_l7_full_domain_randomisation_arena_wide_training,r10_l7_full_domain_randomisation_arena_wide_training,r10_heavy_cluster_spatial_flow_belief_memory_h30_final_0007,3,inflight_nominal,inflight_stable,lift_dwell_arc,primvar_lift_dwell_arc_transition_object_f5212e7a8993,baseline_and_memory_winner_match,True,primvar_lift_dwell_arc_transition_object_f5212e7a8993,primvar_lift_dwell_arc_transition_object_f5212e7a8993,0.0,0.0,0.03,0.0,1.0,-0.0003245686456596,-0.0003245686456596,0.0,0.0,0.1175157915714761,0.5289323921446946,0.0105786478428938,0.0,0.1,0.2,0.0,0.0,7,0,0.8824842084285238,0.5289323921446946,decision_level_baseline_vs_candidate_path_memory_gap_audit,outer_loop_spatial_flow_belief_safe_explore_exploit_memory_v2_2
heavy_cluster,spatial_flow_belief_memory_h30,30,final_heldout,7,r10_l7_full_domain_randomisation_arena_wide_training,r10_l7_full_domain_randomisation_arena_wide_training,r10_heavy_cluster_spatial_flow_belief_memory_h30_final_0007,4,inflight_nominal,inflight_stable,lift_dwell_arc,primvar_lift_dwell_arc_transition_object_f5212e7a8993,baseline_and_memory_winner_match,True,primvar_lift_dwell_arc_transition_object_f5212e7a8993,primvar_lift_dwell_arc_transition_object_f5212e7a8993,0.0,0.0,0.03,0.0,1.0,-0.0003132314688891,-0.0003132314688891,0.0,0.0,0.0605636649236845,0.5925346409857788,0.0118506928197155,0.0,0.1,0.2,0.0,0.0,7,0,0.9394363350763154,0.5925346409857788,decision_level_baseline_vs_candidate_path_memory_gap_audit,outer_loop_spatial_flow_belief_safe_explore_exploit_memory_v2_2
heavy_cluster,spatial_flow_belief_memory_h30,30,final_heldout,7,r10_l7_full_domain_randomisation_arena_wide_training,r10_l7_full_domain_randomisation_arena_wide_training,r10_heavy_cluster_spatial_flow_belief_memory_h30_final_0007,5,inflight_nominal,inflight_stable,lift_dwell_arc,primvar_lift_dwell_arc_transition_object_f5212e7a8993,baseline_and_memory_winner_match,True,primvar_lift_dwell_arc_transition_object_f5212e7a8993,primvar_lift_dwell_arc_transition_object_f5212e7a8993,0.0,0.0,0.03,0.0,1.0,-0.0003428587022034,-0.0003428587022034,0.0,0.0,0.0391759237101044,0.6415447932104231,0.0128308958642084,0.0,0.1,0.2,0.0,0.0,7,0,0.9608240762898956,0.6415447932104231,decision_level_baseline_vs_candidate_path_memory_gap_audit,outer_loop_spatial_flow_belief_safe_explore_exploit_memory_v2_2
heavy_cluster,spatial_flow_belief_memory_h30,30,final_heldout,7,r10_l7_full_domain_randomisation_arena_wide_training,r10_l7_full_domain_randomisation_arena_wide_training,r10_heavy_cluster_spatial_flow_belief_memory_h30_final_0007,6,inflight_nominal,inflight_stable,lift_dwell_arc,primvar_lift_dwell_arc_transition_object_f5212e7a8993,baseline_and_memory_winner_match,True,primvar_lift_dwell_arc_transition_object_f5212e7a8993,primvar_lift_dwell_arc_transition_object_f5212e7a8993,0.0,0.0,0.03,0.0,1.0,-0.0003483290646675,-0.0003483290646675,0.0,0.0,0.0349651902238723,0.6872878095335279,0.0137457561906705,0.0,0.1,0.2,0.0,0.0,7,0,0.9650348097761275,0.6872878095335279,decision_level_baseline_vs_candidate_path_memory_gap_audit,outer_loop_spatial_flow_belief_safe_explore_exploit_memory_v2_2
heavy_cluster,spatial_flow_belief_memory_h30,30,final_heldout,7,r10_l7_full_domain_randomisation_arena_wide_training,r10_l7_full_domain_randomisation_arena_wide_training,r10_heavy_cluster_spatial_flow_belief_memory_h30_final_0007,7,inflight_nominal,inflight_stable,lift_dwell_arc,primvar_lift_dwell_arc_transition_object_f5212e7a8993,baseline_and_memory_winner_match,True,primvar_lift_dwell_arc_transition_object_f5212e7a8993,primvar_lift_dwell_arc_transition_object_f5212e7a8993,0.0,0.0,0.03,0.0,1.0,-0.0003989006875633,-0.0003989006875633,0.0,0.0,0.0372523933743429,0.7384438343810628,0.0147688766876212,0.0,0.1,0.2,0.0,0.0,7,0,0.9627476066256572,0.7384438343810628,decision_level_baseline_vs_candidate_path_memory_gap_audit,outer_loop_spatial_flow_belief_safe_explore_exploit_memory_v2_2
heavy_cluster,spatial_flow_belief_memory_h30,30,final_heldout,7,r10_l7_full_domain_randomisation_arena_wide_training,r10_l7_full_domain_randomisation_arena_wide_training,r10_heavy_cluster_spatial_flow_belief_memory_h30_final_0007,8,inflight_nominal,inflight_stable,recovery,primvar_recovery_transition_object_4268876749b8,baseline_and_memory_winner_match,True,primvar_recovery_transition_object_4268876749b8,primvar_recovery_transition_object_4268876749b8,0.0,0.0,0.03,0.0,1.0,-0.0004204366480682,-0.0004204366480682,0.0,0.0,0.0370053249733464,0.8102231013071379,0.0162044620261427,0.0,0.1,0.2,1.6525141621939318e-06,0.0024882688297286,3,6,0.9629946750266536,0.8102231013071379,decision_level_baseline_vs_candidate_path_memory_gap_audit,outer_loop_spatial_flow_belief_safe_explore_exploit_memory_v2_2
heavy_cluster,spatial_flow_belief_memory_h30,30,final_heldout,7,r10_l7_full_domain_randomisation_arena_wide_training,r10_l7_full_domain_randomisation_arena_wide_training,r10_heavy_cluster_spatial_flow_belief_memory_h30_final_0007,9,inflight_recovery_edge,recoverable_degraded,safe_exit_or_recovery_handoff,primvar_safe_exit_or_recovery_handoff_transition_object_a195686788f5,baseline_and_memory_winner_match,True,primvar_safe_exit_or_recovery_handoff_transition_object_a195686788f5,primvar_safe_exit_or_recovery_handoff_transition_object_a195686788f5,0.0,0.0,0.03,0.0,1.0,-0.0004759514781462,-0.0004759514781462,0.0,0.0,0.0400134346508454,0.5712966249079057,0.0114259324981581,0.0,0.1,0.2,0.0,0.0,7,0,0.9599865653491544,0.5712966249079057,decision_level_baseline_vs_candidate_path_memory_gap_audit,outer_loop_spatial_flow_belief_safe_explore_exploit_memory_v2_2
balanced_cluster,spatial_flow_belief_memory_h3,3,final_heldout,7,r10_l7_full_domain_randomisation_arena_wide_training,r10_l7_full_domain_randomisation_arena_wide_training,r10_balanced_cluster_spatial_flow_belief_memory_h3_final_0007,0,launch_gate,launch_gate,lift_entry,primvar_lift_entry_transition_object_98afa4aae6f0,baseline_and_memory_winner_match,True,primvar_lift_entry_transition_object_98afa4aae6f0,primvar_lift_entry_transition_object_98afa4aae6f0,0.0,0.0,0.03,0.0,1.0,1.7769592811633927e-06,1.7769592811633927e-06,0.0,0.0,0.0001917078075477,0.4842544044267764,0.0096850880885355,0.0,0.1,0.2,0.0,0.0,7,0,0.9998082921924522,0.4842544044267764,decision_level_baseline_vs_candidate_path_memory_gap_audit,outer_loop_spatial_flow_belief_safe_explore_exploit_memory_v2_2
balanced_cluster,spatial_flow_belief_memory_h3,3,final_heldout,7,r10_l7_full_domain_randomisation_arena_wide_training,r10_l7_full_domain_randomisation_arena_wide_training,r10_balanced_cluster_spatial_flow_belief_memory_h3_final_0007,1,inflight_nominal,inflight_stable,glide,primvar_glide_transition_object_9fabfcb9ede1,baseline_and_memory_winner_match,True,primvar_glide_transition_object_9fabfcb9ede1,primvar_glide_transition_object_9fabfcb9ede1,0.0,0.0,0.03,0.0,1.0,-6.362762664080535e-05,-6.362762664080535e-05,0.0,0.0,0.040012469797957,0.4816517673411945,0.0096330353468238,0.0,0.1,0.2,0.0,0.0,7,0,0.959987530202043,0.4816517673411945,decision_level_baseline_vs_candidate_path_memory_gap_audit,outer_loop_spatial_flow_belief_safe_explore_exploit_memory_v2_2
balanced_cluster,spatial_flow_belief_memory_h3,3,final_heldout,7,r10_l7_full_domain_randomisation_arena_wide_training,r10_l7_full_domain_randomisation_arena_wide_training,r10_balanced_cluster_spatial_flow_belief_memory_h3_final_0007,2,inflight_nominal,inflight_stable,glide,primvar_glide_transition_object_9fabfcb9ede1,baseline_and_memory_winner_match,True,primvar_glide_transition_object_9fabfcb9ede1,primvar_glide_transition_object_9fabfcb9ede1,0.0,0.0,0.03,0.0,1.0,-0.0001885108510175,-0.0001885108510175,0.0,0.0,0.0366794445325718,0.5025681010968002,0.010051362021936,0.0,0.1,0.2,0.0,0.0,7,0,0.9633205554674282,0.5025681010968002,decision_level_baseline_vs_candidate_path_memory_gap_audit,outer_loop_spatial_flow_belief_safe_explore_exploit_memory_v2_2
balanced_cluster,spatial_flow_belief_memory_h3,3,final_heldout,7,r10_l7_full_domain_randomisation_arena_wide_training,r10_l7_full_domain_randomisation_arena_wide_training,r10_balanced_cluster_spatial_flow_belief_memory_h3_final_0007,3,inflight_nominal,inflight_stable,lift_dwell_arc,primvar_lift_dwell_arc_transition_object_f5212e7a8993,baseline_and_memory_winner_match,True,primvar_lift_dwell_arc_transition_object_f5212e7a8993,primvar_lift_dwell_arc_transition_object_f5212e7a8993,0.0,0.0,0.03,0.0,1.0,-0.0002884126294653,-0.0002884126294653,0.0,0.0,0.0394467576171302,0.5761376306360098,0.0115227526127201,0.0,0.1,0.2,0.0,0.0,7,0,0.9605532423828698,0.5761376306360098,decision_level_baseline_vs_candidate_path_memory_gap_audit,outer_loop_spatial_flow_belief_safe_explore_exploit_memory_v2_2
balanced_cluster,spatial_flow_belief_memory_h3,3,final_heldout,7,r10_l7_full_domain_randomisation_arena_wide_training,r10_l7_full_domain_randomisation_arena_wide_training,r10_balanced_cluster_spatial_flow_belief_memory_h3_final_0007,4,inflight_nominal,inflight_stable,lift_dwell_arc,primvar_lift_dwell_arc_transition_object_f5212e7a8993,baseline_and_memory_winner_match,True,primvar_lift_dwell_arc_transition_object_f5212e7a8993,primvar_lift_dwell_arc_transition_object_f5212e7a8993,0.0,0.0,0.03,0.0,1.0,-0.0002479629579008,-0.0002479629579008,0.0,0.0,0.0290481933949891,0.6129657870075442,0.0122593157401508,0.0,0.1,0.2,0.0,0.0,7,0,0.9709518066050108,0.6129657870075442,decision_level_baseline_vs_candidate_path_memory_gap_audit,outer_loop_spatial_flow_belief_safe_explore_exploit_memory_v2_2
balanced_cluster,spatial_flow_belief_memory_h3,3,final_heldout,7,r10_l7_full_domain_randomisation_arena_wide_training,r10_l7_full_domain_randomisation_arena_wide_training,r10_balanced_cluster_spatial_flow_belief_memory_h3_final_0007,5,inflight_nominal,inflight_stable,lift_dwell_arc,primvar_lift_dwell_arc_transition_object_f5212e7a8993,baseline_and_memory_winner_match,True,primvar_lift_dwell_arc_transition_object_f5212e7a8993,primvar_lift_dwell_arc_transition_object_f5212e7a8993,0.0,0.0,0.03,0.0,1.0,-0.0003153622938791,-0.0003153622938791,0.0,0.0,0.0339193241699703,0.6452346484332092,0.0129046929686641,0.0,0.1,0.2,0.0,0.0,7,0,0.9660806758300295,0.6452346484332092,decision_level_baseline_vs_candidate_path_memory_gap_audit,outer_loop_spatial_flow_belief_safe_explore_exploit_memory_v2_2
balanced_cluster,spatial_flow_belief_memory_h3,3,final_heldout,7,r10_l7_full_domain_randomisation_arena_wide_training,r10_l7_full_domain_randomisation_arena_wide_training,r10_balanced_cluster_spatial_flow_belief_memory_h3_final_0007,6,inflight_nominal,inflight_stable,lift_dwell_arc,primvar_lift_dwell_arc_transition_object_f5212e7a8993,baseline_and_memory_winner_match,True,primvar_lift_dwell_arc_transition_object_f5212e7a8993,primvar_lift_dwell_arc_transition_object_f5212e7a8993,0.0,0.0,0.03,0.0,1.0,-0.0003074933045896,-0.0003074933045896,0.0,0.0,0.0311147313004754,0.6898146778251638,0.0137962935565032,0.0,0.1,0.2,0.0,0.0,7,0,0.9688852686995244,0.6898146778251638,decision_level_baseline_vs_candidate_path_memory_gap_audit,outer_loop_spatial_flow_belief_safe_explore_exploit_memory_v2_2
balanced_cluster,spatial_flow_belief_memory_h3,3,final_heldout,7,r10_l7_full_domain_randomisation_arena_wide_training,r10_l7_full_domain_randomisation_arena_wide_training,r10_balanced_cluster_spatial_flow_belief_memory_h3_final_0007,7,inflight_nominal,inflight_stable,recovery,primvar_recovery_transition_object_4268876749b8,baseline_and_memory_winner_match,True,primvar_recovery_transition_object_4268876749b8,primvar_recovery_transition_object_4268876749b8,0.0,0.0,0.03,0.0,1.0,-0.0003602872665737,-0.0003602872665737,0.0,0.0,0.0345843912795238,0.7411005281950621,0.0148220105639012,0.0,0.1,0.2,0.0,0.0,7,0,0.9654156087204762,0.7411005281950621,decision_level_baseline_vs_candidate_path_memory_gap_audit,outer_loop_spatial_flow_belief_safe_explore_exploit_memory_v2_2
balanced_cluster,spatial_flow_belief_memory_h3,3,final_heldout,7,r10_l7_full_domain_randomisation_arena_wide_training,r10_l7_full_domain_randomisation_arena_wide_training,r10_balanced_cluster_spatial_flow_belief_memory_h3_final_0007,8,inflight_nominal,inflight_stable,recovery,primvar_recovery_transition_object_4268876749b8,baseline_and_memory_winner_match,True,primvar_recovery_transition_object_4268876749b8,primvar_recovery_transition_object_4268876749b8,0.0,0.0,0.03,0.0,1.0,-0.0004615330250599,-0.0004615330250599,0.0,0.0,0.0425454118537739,0.8053841908474277,0.0161076838169485,0.0,0.1,0.2,0.0,0.0,3,0,0.957454588146226,0.8053841908474277,decision_level_baseline_vs_candidate_path_memory_gap_audit,outer_loop_spatial_flow_belief_safe_explore_exploit_memory_v2_2
balanced_cluster,spatial_flow_belief_memory_h3,3,final_heldout,7,r10_l7_full_domain_randomisation_arena_wide_training,r10_l7_full_domain_randomisation_arena_wide_training,r10_balanced_cluster_spatial_flow_belief_memory_h3_final_0007,9,inflight_boundary_near,boundary_near,safe_exit_or_recovery_handoff,primvar_safe_exit_or_recovery_handoff_transition_object_c6fd7c11ff80,baseline_and_memory_winner_match,True,primvar_safe_exit_or_recovery_handoff_transition_object_c6fd7c11ff80,primvar_safe_exit_or_recovery_handoff_transition_object_c6fd7c11ff80,0.0,0.0,0.03,0.0,1.0,-0.0004179483078485,-0.0004179483078485,0.0,0.0,0.0370938976560049,0.9049704850738794,0.0180994097014775,0.0,0.1,0.2,0.0,0.0,0,0,0.9629061023439952,0.9049704850738794,decision_level_baseline_vs_candidate_path_memory_gap_audit,outer_loop_spatial_flow_belief_safe_explore_exploit_memory_v2_2
balanced_cluster,spatial_flow_belief_memory_h3,3,final_heldout,7,r10_l7_full_domain_randomisation_arena_wide_training,r10_l7_full_domain_randomisation_arena_wide_training,r10_balanced_cluster_spatial_flow_belief_memory_h3_final_0007,10,inflight_boundary_near,boundary_near,,,,False,,,0.0,0.0,0.0,0.0,0.0,0.0,0.0,0.0,0.0,0.0,1.0,0.0,0.0,0.0,0.0,0.0,0.0,0,0,0.0,0.0,decision_level_baseline_vs_candidate_path_memory_gap_audit,outer_loop_spatial_flow_belief_safe_explore_exploit_memory_v2_2
balanced_cluster,spatial_flow_belief_memory_h3,3,final_heldout,8,r10_l7_full_domain_randomisation_arena_wide_training,r10_l7_full_domain_randomisation_arena_wide_training,r10_balanced_cluster_spatial_flow_belief_memory_h3_final_0008,0,launch_gate,launch_gate,safe_exit_or_recovery_handoff,primvar_safe_exit_or_recovery_handoff_transition_object_d17d451ad8d8,baseline_and_memory_winner_match,True,primvar_safe_exit_or_recovery_handoff_transition_object_d17d451ad8d8,primvar_safe_exit_or_recovery_handoff_transition_object_d17d451ad8d8,0.0,0.0,0.03,0.0,1.0,-8.769874834724245e-05,-8.769874834724245e-05,0.0,0.0,0.0390518700624864,0.5094752699747114,0.0101895053994942,0.0,0.1,0.2,0.0,0.0,7,0,0.9609481299375136,0.5094752699747114,decision_level_baseline_vs_candidate_path_memory_gap_audit,outer_loop_spatial_flow_belief_safe_explore_exploit_memory_v2_2
balanced_cluster,spatial_flow_belief_memory_h3,3,final_heldout,8,r10_l7_full_domain_randomisation_arena_wide_training,r10_l7_full_domain_randomisation_arena_wide_training,r10_balanced_cluster_spatial_flow_belief_memory_h3_final_0008,1,inflight_nominal,inflight_stable,recovery,primvar_recovery_transition_object_4268876749b8,baseline_and_memory_winner_match,True,primvar_recovery_transition_object_4268876749b8,primvar_recovery_transition_object_4268876749b8,0.0,0.0,0.03,0.0,1.0,-0.0001386175964595,-0.0001386175964595,0.0,0.0,0.0785895919949467,0.5078119596166027,0.010156239192332,0.0,0.1,0.2,0.0,0.0,7,0,0.9214104080050532,0.5078119596166027,decision_level_baseline_vs_candidate_path_memory_gap_audit,outer_loop_spatial_flow_belief_safe_explore_exploit_memory_v2_2
balanced_cluster,spatial_flow_belief_memory_h3,3,final_heldout,8,r10_l7_full_domain_randomisation_arena_wide_training,r10_l7_full_domain_randomisation_arena_wide_training,r10_balanced_cluster_spatial_flow_belief_memory_h3_final_0008,2,inflight_recovery_edge,recoverable_degraded,safe_exit_or_recovery_handoff,primvar_safe_exit_or_recovery_handoff_transition_object_295e4572e0ce,baseline_and_memory_winner_match,True,primvar_safe_exit_or_recovery_handoff_transition_object_295e4572e0ce,primvar_safe_exit_or_recovery_handoff_transition_object_295e4572e0ce,0.0,0.0,0.03,0.0,1.0,-0.0002732639583246,-0.0002732639583246,0.0,0.0,0.0664858691786276,0.463886798694235,0.0092777359738847,0.0,0.1,0.2,0.0,0.0,7,0,0.9335141308213724,0.463886798694235,decision_level_baseline_vs_candidate_path_memory_gap_audit,outer_loop_spatial_flow_belief_safe_explore_exploit_memory_v2_2
balanced_cluster,spatial_flow_belief_memory_h3,3,final_heldout,8,r10_l7_full_domain_randomisation_arena_wide_training,r10_l7_full_domain_randomisation_arena_wide_training,r10_balanced_cluster_spatial_flow_belief_memory_h3_final_0008,3,inflight_recovery_edge,recoverable_degraded,safe_exit_or_recovery_handoff,primvar_safe_exit_or_recovery_handoff_transition_object_295e4572e0ce,baseline_and_memory_winner_match,True,primvar_safe_exit_or_recovery_handoff_transition_object_295e4572e0ce,primvar_safe_exit_or_recovery_handoff_transition_object_295e4572e0ce,0.0,0.0,0.03,0.0,1.0,-0.0002321938325356,-0.0002321938325356,0.0,0.0,0.0458804756125556,0.4987277291697357,0.0099745545833947,0.0,0.1,0.2,0.0,0.0,7,0,0.9541195243874444,0.4987277291697357,decision_level_baseline_vs_candidate_path_memory_gap_audit,outer_loop_spatial_flow_belief_safe_explore_exploit_memory_v2_2
balanced_cluster,spatial_flow_belief_memory_h3,3,final_heldout,8,r10_l7_full_domain_randomisation_arena_wide_training,r10_l7_full_domain_randomisation_arena_wide_training,r10_balanced_cluster_spatial_flow_belief_memory_h3_final_0008,4,inflight_nominal,inflight_stable,recovery,primvar_recovery_transition_object_4268876749b8,baseline_and_memory_winner_match,True,primvar_recovery_transition_object_4268876749b8,primvar_recovery_transition_object_4268876749b8,0.0,0.0,0.03,0.0,1.0,-0.0002079976665265,-0.0002079976665265,0.0,0.0,0.0394680911226027,0.6279644710526332,0.0125592894210526,0.0,0.1,0.2,0.0,0.0,7,0,0.9605319088773971,0.6279644710526332,decision_level_baseline_vs_candidate_path_memory_gap_audit,outer_loop_spatial_flow_belief_safe_explore_exploit_memory_v2_2
balanced_cluster,spatial_flow_belief_memory_h3,3,final_heldout,8,r10_l7_full_domain_randomisation_arena_wide_training,r10_l7_full_domain_randomisation_arena_wide_training,r10_balanced_cluster_spatial_flow_belief_memory_h3_final_0008,5,inflight_recovery_edge,recoverable_degraded,safe_exit_or_recovery_handoff,primvar_safe_exit_or_recovery_handoff_transition_object_295e4572e0ce,baseline_and_memory_winner_match,True,primvar_safe_exit_or_recovery_handoff_transition_object_295e4572e0ce,primvar_safe_exit_or_recovery_handoff_transition_object_295e4572e0ce,0.0,0.0,0.03,0.0,1.0,-0.0002275278845313,-0.0002275278845313,0.0,0.0,0.0418244802610968,0.5646319296236325,0.0112926385924726,0.0,0.1,0.2,0.0,0.0,7,0,0.9581755197389032,0.5646319296236325,decision_level_baseline_vs_candidate_path_memory_gap_audit,outer_loop_spatial_flow_belief_safe_explore_exploit_memory_v2_2
balanced_cluster,spatial_flow_belief_memory_h3,3,final_heldout,8,r10_l7_full_domain_randomisation_arena_wide_training,r10_l7_full_domain_randomisation_arena_wide_training,r10_balanced_cluster_spatial_flow_belief_memory_h3_final_0008,6,inflight_nominal,inflight_stable,recovery,primvar_recovery_transition_object_4268876749b8,baseline_and_memory_winner_match,True,primvar_recovery_transition_object_4268876749b8,primvar_recovery_transition_object_4268876749b8,0.0,0.0,0.03,0.0,1.0,-0.0002867797008652,-0.0002867797008652,0.0,0.0,0.0401340846343758,0.7307511611304429,0.0146150232226088,0.0,0.1,0.2,0.0,0.0,7,0,0.9598659153656242,0.7307511611304429,decision_level_baseline_vs_candidate_path_memory_gap_audit,outer_loop_spatial_flow_belief_safe_explore_exploit_memory_v2_2
balanced_cluster,spatial_flow_belief_memory_h3,3,final_heldout,8,r10_l7_full_domain_randomisation_arena_wide_training,r10_l7_full_domain_randomisation_arena_wide_training,r10_balanced_cluster_spatial_flow_belief_memory_h3_final_0008,7,inflight_nominal,inflight_stable,recovery,primvar_recovery_transition_object_4268876749b8,baseline_and_memory_winner_match,True,primvar_recovery_transition_object_4268876749b8,primvar_recovery_transition_object_4268876749b8,0.0,0.0,0.03,0.0,1.0,-0.000253492373849,-0.000253492373849,0.0,0.0,0.0337541299930081,0.8107140960023774,0.0162142819200475,0.0,0.1,0.2,0.0,0.0,3,0,0.9662458700069918,0.8107140960023774,decision_level_baseline_vs_candidate_path_memory_gap_audit,outer_loop_spatial_flow_belief_safe_explore_exploit_memory_v2_2
balanced_cluster,spatial_flow_belief_memory_h3,3,final_heldout,8,r10_l7_full_domain_randomisation_arena_wide_training,r10_l7_full_domain_randomisation_arena_wide_training,r10_balanced_cluster_spatial_flow_belief_memory_h3_final_0008,8,inflight_nominal,inflight_stable,lift_entry,primvar_lift_entry_transition_object_a65393bbc7f9,baseline_and_memory_winner_match,True,primvar_lift_entry_transition_object_a65393bbc7f9,primvar_lift_entry_transition_object_a65393bbc7f9,0.0,0.0,0.03,0.0,1.0,-0.0003604356572572,-0.0003604356572572,0.0,0.0,0.0442608207781959,0.955739179221804,0.019114783584436,0.0,0.1,0.2,0.0,0.0,0,0,0.955739179221804,0.955739179221804,decision_level_baseline_vs_candidate_path_memory_gap_audit,outer_loop_spatial_flow_belief_safe_explore_exploit_memory_v2_2
balanced_cluster,spatial_flow_belief_memory_h3,3,final_heldout,8,r10_l7_full_domain_randomisation_arena_wide_training,r10_l7_full_domain_randomisation_arena_wide_training,r10_balanced_cluster_spatial_flow_belief_memory_h3_final_0008,9,inflight_boundary_near,boundary_near,mild_turn_right,primvar_mild_turn_right_transition_object_79dc6a9b8274,baseline_and_memory_winner_match,True,primvar_mild_turn_right_transition_object_79dc6a9b8274,primvar_mild_turn_right_transition_object_79dc6a9b8274,0.0,0.0,0.03,0.0,1.0,-0.0003013104245623,-0.0003013104245623,0.0,0.0,0.0360032321525441,0.9639967678474558,0.0192799353569491,0.0,0.1,0.2,0.0,0.0,0,0,0.9639967678474558,0.9639967678474558,decision_level_baseline_vs_candidate_path_memory_gap_audit,outer_loop_spatial_flow_belief_safe_explore_exploit_memory_v2_2
balanced_cluster,spatial_flow_belief_memory_h3,3,final_heldout,8,r10_l7_full_domain_randomisation_arena_wide_training,r10_l7_full_domain_randomisation_arena_wide_training,r10_balanced_cluster_spatial_flow_belief_memory_h3_final_0008,10,inflight_boundary_near,boundary_near,mild_turn_right,primvar_mild_turn_right_transition_object_79dc6a9b8274,baseline_and_memory_winner_match,True,primvar_mild_turn_right_transition_object_79dc6a9b8274,primvar_mild_turn_right_transition_object_79dc6a9b8274,0.0,0.0,0.03,0.0,1.0,-0.0002159853710048,-0.0002159853710048,0.0,0.0,0.0312939452138256,0.9687060547861744,0.0193741210957234,0.0,0.1,0.2,0.0,0.0,0,0,0.9687060547861744,0.9687060547861744,decision_level_baseline_vs_candidate_path_memory_gap_audit,outer_loop_spatial_flow_belief_safe_explore_exploit_memory_v2_2
balanced_cluster,spatial_flow_belief_memory_h3,3,final_heldout,8,r10_l7_full_domain_randomisation_arena_wide_training,r10_l7_full_domain_randomisation_arena_wide_training,r10_balanced_cluster_spatial_flow_belief_memory_h3_final_0008,11,inflight_boundary_near,boundary_near,mild_turn_right,primvar_mild_turn_right_transition_object_79dc6a9b8274,baseline_and_memory_winner_match,True,primvar_mild_turn_right_transition_object_79dc6a9b8274,primvar_mild_turn_right_transition_object_79dc6a9b8274,0.0,0.0,0.03,0.0,1.0,-0.0002051366974473,-0.0002051366974473,0.0,0.0,0.0281175897086293,0.9718824102913708,0.0194376482058274,0.0,0.1,0.2,0.0,0.0,0,0,0.9718824102913708,0.9718824102913708,decision_level_baseline_vs_candidate_path_memory_gap_audit,outer_loop_spatial_flow_belief_safe_explore_exploit_memory_v2_2
heavy_cluster,spatial_flow_belief_memory_h30,30,final_heldout,3,r10_l7_full_domain_randomisation_arena_wide_training,r10_l7_full_domain_randomisation_arena_wide_training,r10_heavy_cluster_spatial_flow_belief_memory_h30_final_0003,0,launch_gate,launch_gate,mild_turn_right,primvar_mild_turn_right_transition_object_37acc62dccb1,baseline_and_memory_winner_match,True,primvar_mild_turn_right_transition_object_37acc62dccb1,primvar_mild_turn_right_transition_object_37acc62dccb1,0.0,0.0,0.03,0.0,1.0,-2.2293077239776693e-07,-2.2293077239776693e-07,0.0,0.0,4.451722461145797e-05,0.714140136027779,0.0142828027205555,0.0,0.1,0.2,1.4655295449155856e-14,5.046817405303508e-12,7,9,0.9999554827753886,0.714140136027779,decision_level_baseline_vs_candidate_path_memory_gap_audit,outer_loop_spatial_flow_belief_safe_explore_exploit_memory_v2_2
heavy_cluster,spatial_flow_belief_memory_h30,30,final_heldout,3,r10_l7_full_domain_randomisation_arena_wide_training,r10_l7_full_domain_randomisation_arena_wide_training,r10_heavy_cluster_spatial_flow_belief_memory_h30_final_0003,1,inflight_boundary_near,boundary_near,recovery,primvar_recovery_transition_object_2a5c20ec4293,baseline_and_memory_winner_match,True,primvar_recovery_transition_object_2a5c20ec4293,primvar_recovery_transition_object_2a5c20ec4293,0.0,0.0,0.03,0.0,1.0,8.601224094850757e-06,8.601224094850757e-06,0.0,0.0,0.0347464844294923,0.7544988452592986,0.0150899769051859,0.0,0.1,0.2,0.0,0.0,7,0,0.9652535155705076,0.7544988452592986,decision_level_baseline_vs_candidate_path_memory_gap_audit,outer_loop_spatial_flow_belief_safe_explore_exploit_memory_v2_2
heavy_cluster,spatial_flow_belief_memory_h30,30,final_heldout,3,r10_l7_full_domain_randomisation_arena_wide_training,r10_l7_full_domain_randomisation_arena_wide_training,r10_heavy_cluster_spatial_flow_belief_memory_h30_final_0003,2,inflight_boundary_near,boundary_near,recovery,primvar_recovery_transition_object_2a5c20ec4293,baseline_and_memory_winner_match,True,primvar_recovery_transition_object_2a5c20ec4293,primvar_recovery_transition_object_2a5c20ec4293,0.0,0.0,0.03,0.0,1.0,-5.08419530174109e-05,-5.08419530174109e-05,0.0,0.0,0.0475475253986369,0.834474254796523,0.0166894850959304,0.0,0.1,0.2,8.387971168471559e-19,5.734586354512277e-16,5,4,0.9524524746013632,0.834474254796523,decision_level_baseline_vs_candidate_path_memory_gap_audit,outer_loop_spatial_flow_belief_safe_explore_exploit_memory_v2_2
heavy_cluster,spatial_flow_belief_memory_h30,30,final_heldout,3,r10_l7_full_domain_randomisation_arena_wide_training,r10_l7_full_domain_randomisation_arena_wide_training,r10_heavy_cluster_spatial_flow_belief_memory_h30_final_0003,3,inflight_boundary_near,boundary_near,lift_entry,primvar_lift_entry_transition_object_299a4397174a,baseline_and_memory_winner_match,True,primvar_lift_entry_transition_object_299a4397174a,primvar_lift_entry_transition_object_299a4397174a,0.0,0.0,0.03,0.0,1.0,2.454262914475258e-05,2.454262914475258e-05,0.0,0.0,0.0417493340061452,0.9582506659938548,0.019165013319877,0.0,0.1,0.2,0.0,0.0,0,0,0.9582506659938548,0.9582506659938548,decision_level_baseline_vs_candidate_path_memory_gap_audit,outer_loop_spatial_flow_belief_safe_explore_exploit_memory_v2_2
heavy_cluster,spatial_flow_belief_memory_h30,30,final_heldout,3,r10_l7_full_domain_randomisation_arena_wide_training,r10_l7_full_domain_randomisation_arena_wide_training,r10_heavy_cluster_spatial_flow_belief_memory_h30_final_0003,4,inflight_boundary_near,boundary_near,lift_entry,primvar_lift_entry_transition_object_299a4397174a,baseline_and_memory_winner_match,True,primvar_lift_entry_transition_object_299a4397174a,primvar_lift_entry_transition_object_299a4397174a,0.0,0.0,0.03,0.0,1.0,1.113479483061397e-05,1.113479483061397e-05,0.0,0.0,0.0276937530437904,0.9723062469562096,0.0194461249391241,0.0,0.1,0.2,0.0,0.0,0,0,0.9723062469562096,0.9723062469562096,decision_level_baseline_vs_candidate_path_memory_gap_audit,outer_loop_spatial_flow_belief_safe_explore_exploit_memory_v2_2
heavy_cluster,spatial_flow_belief_memory_h30,30,final_heldout,3,r10_l7_full_domain_randomisation_arena_wide_training,r10_l7_full_domain_randomisation_arena_wide_training,r10_heavy_cluster_spatial_flow_belief_memory_h30_final_0003,5,inflight_boundary_near,boundary_near,lift_entry,primvar_lift_entry_transition_object_299a4397174a,baseline_and_memory_winner_match,True,primvar_lift_entry_transition_object_299a4397174a,primvar_lift_entry_transition_object_299a4397174a,0.0,0.0,0.03,0.0,1.0,7.045670147753924e-06,7.045670147753924e-06,0.0,0.0,0.0293706400931065,0.9706293599068936,0.0194125871981378,0.0,0.1,0.2,0.0,0.0,0,0,0.9706293599068936,0.9706293599068936,decision_level_baseline_vs_candidate_path_memory_gap_audit,outer_loop_spatial_flow_belief_safe_explore_exploit_memory_v2_2
heavy_cluster,spatial_flow_belief_memory_h30,30,final_heldout,3,r10_l7_full_domain_randomisation_arena_wide_training,r10_l7_full_domain_randomisation_arena_wide_training,r10_heavy_cluster_spatial_flow_belief_memory_h30_final_0003,6,inflight_boundary_near,boundary_near,lift_entry,primvar_lift_entry_transition_object_299a4397174a,baseline_and_memory_winner_match,True,primvar_lift_entry_transition_object_299a4397174a,primvar_lift_entry_transition_object_299a4397174a,0.0,0.0,0.03,0.0,1.0,7.558895145143296e-06,7.558895145143296e-06,0.0,0.0,0.0336393407908591,0.9663606592091408,0.0193272131841828,0.0,0.1,0.2,0.0,0.0,0,0,0.9663606592091408,0.9663606592091408,decision_level_baseline_vs_candidate_path_memory_gap_audit,outer_loop_spatial_flow_belief_safe_explore_exploit_memory_v2_2
heavy_cluster,spatial_flow_belief_memory_h30,30,final_heldout,3,r10_l7_full_domain_randomisation_arena_wide_training,r10_l7_full_domain_randomisation_arena_wide_training,r10_heavy_cluster_spatial_flow_belief_memory_h30_final_0003,7,inflight_boundary_near,boundary_near,lift_entry,primvar_lift_entry_transition_object_299a4397174a,baseline_and_memory_winner_match,True,primvar_lift_entry_transition_object_299a4397174a,primvar_lift_entry_transition_object_299a4397174a,0.0,0.0,0.03,0.0,1.0,1.6218538406720384e-05,1.6218538406720384e-05,0.0,0.0,0.0322753202370711,0.9677246797629288,0.0193544935952585,0.0,0.1,0.2,0.0,0.0,0,0,0.9677246797629288,0.9677246797629288,decision_level_baseline_vs_candidate_path_memory_gap_audit,outer_loop_spatial_flow_belief_safe_explore_exploit_memory_v2_2
balanced_cluster,spatial_flow_belief_memory_h3,3,final_heldout,9,r10_l7_full_domain_randomisation_arena_wide_training,r10_l7_full_domain_randomisation_arena_wide_training,r10_balanced_cluster_spatial_flow_belief_memory_h3_final_0009,0,launch_gate,launch_gate,energy_retaining_bank,primvar_energy_retaining_bank_transition_object_6ec7c5c41896,baseline_and_memory_winner_match,True,primvar_energy_retaining_bank_transition_object_6ec7c5c41896,primvar_energy_retaining_bank_transition_object_6ec7c5c41896,0.0,0.0,0.03,0.0,1.0,0.0003231891469954,0.0003231891469954,0.0,0.0,0.0373077621715717,0.6426737224623903,0.0128534744492478,0.0,0.1,0.2,0.0,0.0,7,0,0.9626922378284284,0.6426737224623903,decision_level_baseline_vs_candidate_path_memory_gap_audit,outer_loop_spatial_flow_belief_safe_explore_exploit_memory_v2_2
balanced_cluster,spatial_flow_belief_memory_h3,3,final_heldout,9,r10_l7_full_domain_randomisation_arena_wide_training,r10_l7_full_domain_randomisation_arena_wide_training,r10_balanced_cluster_spatial_flow_belief_memory_h3_final_0009,1,inflight_boundary_near,boundary_near,mild_turn_right,primvar_mild_turn_right_transition_object_7e69bebe251a,baseline_and_memory_winner_match,True,primvar_mild_turn_right_transition_object_7e69bebe251a,primvar_mild_turn_right_transition_object_7e69bebe251a,0.0,0.0,0.03,0.0,1.0,0.0001772044324188,0.0001772044324188,0.0,0.0,0.0404779809928348,0.6896594211358987,0.0137931884227179,0.0,0.1,0.2,0.0,0.0,7,0,0.9595220190071652,0.6896594211358987,decision_level_baseline_vs_candidate_path_memory_gap_audit,outer_loop_spatial_flow_belief_safe_explore_exploit_memory_v2_2
balanced_cluster,spatial_flow_belief_memory_h3,3,final_heldout,9,r10_l7_full_domain_randomisation_arena_wide_training,r10_l7_full_domain_randomisation_arena_wide_training,r10_balanced_cluster_spatial_flow_belief_memory_h3_final_0009,2,inflight_boundary_near,boundary_near,mild_turn_right,primvar_mild_turn_right_transition_object_7e69bebe251a,baseline_and_memory_winner_match,True,primvar_mild_turn_right_transition_object_7e69bebe251a,primvar_mild_turn_right_transition_object_7e69bebe251a,0.0,0.0,0.03,0.0,1.0,9.921980492721973e-05,9.921980492721973e-05,0.0,0.0,0.0302279908851009,0.7647304256832326,0.0152946085136646,0.0,0.1,0.2,0.0,0.0,7,0,0.9697720091148992,0.7647304256832326,decision_level_baseline_vs_candidate_path_memory_gap_audit,outer_loop_spatial_flow_belief_safe_explore_exploit_memory_v2_2
balanced_cluster,spatial_flow_belief_memory_h3,3,final_heldout,9,r10_l7_full_domain_randomisation_arena_wide_training,r10_l7_full_domain_randomisation_arena_wide_training,r10_balanced_cluster_spatial_flow_belief_memory_h3_final_0009,3,inflight_boundary_near,boundary_near,mild_turn_right,primvar_mild_turn_right_transition_object_7e69bebe251a,baseline_and_memory_winner_match,True,primvar_mild_turn_right_transition_object_7e69bebe251a,primvar_mild_turn_right_transition_object_7e69bebe251a,0.0,0.0,0.03,0.0,1.0,-0.0001364853769797,-0.0001364853769797,0.0,0.0,0.0375001069331701,0.8467772481464462,0.0169355449629289,0.0,0.1,0.2,0.0,0.0,4,0,0.9624998930668298,0.8467772481464462,decision_level_baseline_vs_candidate_path_memory_gap_audit,outer_loop_spatial_flow_belief_safe_explore_exploit_memory_v2_2
balanced_cluster,spatial_flow_belief_memory_h3,3,final_heldout,9,r10_l7_full_domain_randomisation_arena_wide_training,r10_l7_full_domain_randomisation_arena_wide_training,r10_balanced_cluster_spatial_flow_belief_memory_h3_final_0009,4,inflight_boundary_near,boundary_near,recovery,primvar_recovery_transition_object_5e492c9a9375,baseline_and_memory_winner_match,True,primvar_recovery_transition_object_5e492c9a9375,primvar_recovery_transition_object_5e492c9a9375,0.0,0.0,0.03,0.0,1.0,-0.0003160724030504,-0.0003160724030504,0.0,0.0,0.0390843040714898,0.9609156959285102,0.0192183139185702,0.0,0.1,0.2,0.0,0.0,0,0,0.9609156959285102,0.9609156959285102,decision_level_baseline_vs_candidate_path_memory_gap_audit,outer_loop_spatial_flow_belief_safe_explore_exploit_memory_v2_2
balanced_cluster,spatial_flow_belief_memory_h3,3,final_heldout,9,r10_l7_full_domain_randomisation_arena_wide_training,r10_l7_full_domain_randomisation_arena_wide_training,r10_balanced_cluster_spatial_flow_belief_memory_h3_final_0009,5,inflight_boundary_near,boundary_near,recovery,primvar_recovery_transition_object_5e492c9a9375,baseline_and_memory_winner_match,True,primvar_recovery_transition_object_5e492c9a9375,primvar_recovery_transition_object_5e492c9a9375,0.0,0.0,0.03,0.0,1.0,-0.0002947120446095,-0.0002947120446095,0.0,0.0,0.0337845387337255,0.9662154612662744,0.0193243092253254,0.0,0.1,0.2,0.0,0.0,0,0,0.9662154612662744,0.9662154612662744,decision_level_baseline_vs_candidate_path_memory_gap_audit,outer_loop_spatial_flow_belief_safe_explore_exploit_memory_v2_2
balanced_cluster,spatial_flow_belief_memory_h3,3,final_heldout,9,r10_l7_full_domain_randomisation_arena_wide_training,r10_l7_full_domain_randomisation_arena_wide_training,r10_balanced_cluster_spatial_flow_belief_memory_h3_final_0009,6,inflight_boundary_near,boundary_near,glide,primvar_glide_transition_object_a48e56700ce9,baseline_and_memory_winner_match,True,primvar_glide_transition_object_a48e56700ce9,primvar_glide_transition_object_a48e56700ce9,0.0,0.0,0.03,0.0,1.0,-0.0002165201883639,-0.0002165201883639,0.0,0.0,0.0273334570838971,0.9726665429161028,0.019453330858322,0.0,0.1,0.2,0.0,0.0,0,0,0.9726665429161028,0.9726665429161028,decision_level_baseline_vs_candidate_path_memory_gap_audit,outer_loop_spatial_flow_belief_safe_explore_exploit_memory_v2_2
balanced_cluster,spatial_flow_belief_memory_h3,3,final_heldout,9,r10_l7_full_domain_randomisation_arena_wide_training,r10_l7_full_domain_randomisation_arena_wide_training,r10_balanced_cluster_spatial_flow_belief_memory_h3_final_0009,7,inflight_boundary_near,boundary_near,recovery,primvar_recovery_transition_object_5e492c9a9375,baseline_and_memory_winner_match,True,primvar_recovery_transition_object_5e492c9a9375,primvar_recovery_transition_object_5e492c9a9375,0.0,0.0,0.03,0.0,1.0,-0.0002886497157885,-0.0002886497157885,0.0,0.0,0.0398931138225201,0.96010688617748,0.0192021377235495,0.0,0.1,0.2,0.0,0.0,0,0,0.96010688617748,0.96010688617748,decision_level_baseline_vs_candidate_path_memory_gap_audit,outer_loop_spatial_flow_belief_safe_explore_exploit_memory_v2_2
balanced_cluster,spatial_flow_belief_memory_h3,3,final_heldout,9,r10_l7_full_domain_randomisation_arena_wide_training,r10_l7_full_domain_randomisation_arena_wide_training,r10_balanced_cluster_spatial_flow_belief_memory_h3_final_0009,8,inflight_boundary_near,boundary_near,lift_entry,primvar_lift_entry_transition_object_7cbbfa819927,baseline_and_memory_winner_match,True,primvar_lift_entry_transition_object_7cbbfa819927,primvar_lift_entry_transition_object_7cbbfa819927,0.0,0.0,0.03,0.0,1.0,-0.0001834226148722,-0.0001834226148722,0.0,0.0,0.0294450578371963,0.9705549421628036,0.019411098843256,0.0,0.1,0.2,0.0,0.0,0,0,0.9705549421628036,0.9705549421628036,decision_level_baseline_vs_candidate_path_memory_gap_audit,outer_loop_spatial_flow_belief_safe_explore_exploit_memory_v2_2
balanced_cluster,spatial_flow_belief_memory_h10,10,final_heldout,0,r10_l7_full_domain_randomisation_arena_wide_training,r10_l7_full_domain_randomisation_arena_wide_training,r10_balanced_cluster_spatial_flow_belief_memory_h10_final_0000,0,launch_gate,launch_gate,lift_dwell_arc,primvar_lift_dwell_arc_transition_object_6ae229f6947e,baseline_and_memory_winner_match,True,primvar_lift_dwell_arc_transition_object_6ae229f6947e,primvar_lift_dwell_arc_transition_object_6ae229f6947e,0.0,0.0,0.03,0.0,1.0,-6.917637289438616e-06,-6.917637289438616e-06,0.0,0.0,0.0020875554362385,0.7044348329940469,0.0140886966598809,0.0,0.1,0.2,1.3140779939540323e-09,2.860923791861476e-06,7,6,0.9979124445637616,0.7044348329940469,decision_level_baseline_vs_candidate_path_memory_gap_audit,outer_loop_spatial_flow_belief_safe_explore_exploit_memory_v2_2
balanced_cluster,spatial_flow_belief_memory_h10,10,final_heldout,0,r10_l7_full_domain_randomisation_arena_wide_training,r10_l7_full_domain_randomisation_arena_wide_training,r10_balanced_cluster_spatial_flow_belief_memory_h10_final_0000,1,inflight_boundary_near,boundary_near,recovery,primvar_recovery_transition_object_5e492c9a9375,baseline_and_memory_winner_match,True,primvar_recovery_transition_object_5e492c9a9375,primvar_recovery_transition_object_5e492c9a9375,0.0,0.0,0.03,0.0,1.0,0.0001253652144278,0.0001253652144278,0.0,0.0,0.0576350640202885,0.7101574653209578,0.0142031493064191,0.0,0.1,0.2,0.0,0.0,7,0,0.9423649359797114,0.7101574653209578,decision_level_baseline_vs_candidate_path_memory_gap_audit,outer_loop_spatial_flow_belief_safe_explore_exploit_memory_v2_2
balanced_cluster,spatial_flow_belief_memory_h10,10,final_heldout,0,r10_l7_full_domain_randomisation_arena_wide_training,r10_l7_full_domain_randomisation_arena_wide_training,r10_balanced_cluster_spatial_flow_belief_memory_h10_final_0000,2,inflight_boundary_near,boundary_near,recovery,primvar_recovery_transition_object_5e492c9a9375,baseline_and_memory_winner_match,True,primvar_recovery_transition_object_5e492c9a9375,primvar_recovery_transition_object_5e492c9a9375,0.0,0.0,0.03,0.0,1.0,7.038718831120505e-06,7.038718831120505e-06,0.0,0.0,0.034769215134739,0.7986476254165014,0.01597295250833,0.0,0.1,0.2,0.0,0.0,7,0,0.965230784865261,0.7986476254165014,decision_level_baseline_vs_candidate_path_memory_gap_audit,outer_loop_spatial_flow_belief_safe_explore_exploit_memory_v2_2
balanced_cluster,spatial_flow_belief_memory_h10,10,final_heldout,0,r10_l7_full_domain_randomisation_arena_wide_training,r10_l7_full_domain_randomisation_arena_wide_training,r10_balanced_cluster_spatial_flow_belief_memory_h10_final_0000,3,inflight_boundary_near,boundary_near,recovery,primvar_recovery_transition_object_5e492c9a9375,baseline_and_memory_winner_match,True,primvar_recovery_transition_object_5e492c9a9375,primvar_recovery_transition_object_5e492c9a9375,0.0,0.0,0.03,0.0,1.0,-5.988972191506292e-07,-5.988972191506292e-07,0.0,0.0,0.0332769681557877,0.9036380735433784,0.0180727614708675,0.0,0.1,0.2,0.0,0.0,0,0,0.9667230318442124,0.9036380735433784,decision_level_baseline_vs_candidate_path_memory_gap_audit,outer_loop_spatial_flow_belief_safe_explore_exploit_memory_v2_2
balanced_cluster,spatial_flow_belief_memory_h10,10,final_heldout,0,r10_l7_full_domain_randomisation_arena_wide_training,r10_l7_full_domain_randomisation_arena_wide_training,r10_balanced_cluster_spatial_flow_belief_memory_h10_final_0000,4,inflight_boundary_near,boundary_near,mild_turn_left,primvar_mild_turn_left_transition_object_72b921ad790a,baseline_and_memory_winner_match,True,primvar_mild_turn_left_transition_object_72b921ad790a,primvar_mild_turn_left_transition_object_72b921ad790a,0.0,0.0,0.03,0.0,1.0,-6.716466797840326e-06,-6.716466797840326e-06,0.0,0.0,0.03506975486199,0.96493024513801,0.0192986049027602,0.0,0.1,0.2,0.0,0.0,0,0,0.96493024513801,0.96493024513801,decision_level_baseline_vs_candidate_path_memory_gap_audit,outer_loop_spatial_flow_belief_safe_explore_exploit_memory_v2_2
balanced_cluster,spatial_flow_belief_memory_h10,10,final_heldout,0,r10_l7_full_domain_randomisation_arena_wide_training,r10_l7_full_domain_randomisation_arena_wide_training,r10_balanced_cluster_spatial_flow_belief_memory_h10_final_0000,5,inflight_boundary_near,boundary_near,mild_turn_left,primvar_mild_turn_left_transition_object_72b921ad790a,baseline_and_memory_winner_match,True,primvar_mild_turn_left_transition_object_72b921ad790a,primvar_mild_turn_left_transition_object_72b921ad790a,0.0,0.0,0.03,0.0,1.0,-9.541577281391156e-06,-9.541577281391156e-06,0.0,0.0,0.0347883380912603,0.9652116619087396,0.0193042332381747,0.0,0.1,0.2,0.0,0.0,0,0,0.9652116619087396,0.9652116619087396,decision_level_baseline_vs_candidate_path_memory_gap_audit,outer_loop_spatial_flow_belief_safe_explore_exploit_memory_v2_2
balanced_cluster,spatial_flow_belief_memory_h10,10,final_heldout,0,r10_l7_full_domain_randomisation_arena_wide_training,r10_l7_full_domain_randomisation_arena_wide_training,r10_balanced_cluster_spatial_flow_belief_memory_h10_final_0000,6,inflight_boundary_near,boundary_near,mild_turn_left,primvar_mild_turn_left_transition_object_72b921ad790a,baseline_and_memory_winner_match,True,primvar_mild_turn_left_transition_object_72b921ad790a,primvar_mild_turn_left_transition_object_72b921ad790a,0.0,0.0,0.03,0.0,1.0,-1.7046380656804416e-05,-1.7046380656804416e-05,0.0,0.0,0.0264389648179708,0.9735610351820292,0.0194712207036405,0.0,0.1,0.2,0.0,0.0,0,0,0.9735610351820292,0.9735610351820292,decision_level_baseline_vs_candidate_path_memory_gap_audit,outer_loop_spatial_flow_belief_safe_explore_exploit_memory_v2_2
balanced_cluster,spatial_flow_belief_memory_h10,10,final_heldout,0,r10_l7_full_domain_randomisation_arena_wide_training,r10_l7_full_domain_randomisation_arena_wide_training,r10_balanced_cluster_spatial_flow_belief_memory_h10_final_0000,7,inflight_boundary_near,boundary_near,mild_turn_left,primvar_mild_turn_left_transition_object_72b921ad790a,baseline_and_memory_winner_match,True,primvar_mild_turn_left_transition_object_72b921ad790a,primvar_mild_turn_left_transition_object_72b921ad790a,0.0,0.0,0.03,0.0,1.0,-2.4505569680810524e-05,-2.4505569680810524e-05,0.0,0.0,0.0298665628728835,0.9701334371271164,0.0194026687425423,0.0,0.1,0.2,0.0,0.0,0,0,0.9701334371271164,0.9701334371271164,decision_level_baseline_vs_candidate_path_memory_gap_audit,outer_loop_spatial_flow_belief_safe_explore_exploit_memory_v2_2
balanced_cluster,spatial_flow_belief_memory_h10,10,final_heldout,0,r10_l7_full_domain_randomisation_arena_wide_training,r10_l7_full_domain_randomisation_arena_wide_training,r10_balanced_cluster_spatial_flow_belief_memory_h10_final_0000,8,inflight_boundary_near,boundary_near,mild_turn_left,primvar_mild_turn_left_transition_object_72b921ad790a,baseline_and_memory_winner_match,True,primvar_mild_turn_left_transition_object_72b921ad790a,primvar_mild_turn_left_transition_object_72b921ad790a,0.0,0.0,0.03,0.0,1.0,-1.540607999239718e-05,-1.540607999239718e-05,0.0,0.0,0.0267305358422605,0.9732694641577394,0.0194653892831547,0.0,0.1,0.2,0.0,0.0,0,0,0.9732694641577394,0.9732694641577394,decision_level_baseline_vs_candidate_path_memory_gap_audit,outer_loop_spatial_flow_belief_safe_explore_exploit_memory_v2_2
balanced_cluster,spatial_flow_belief_memory_h10,10,final_heldout,5,r10_l7_full_domain_randomisation_arena_wide_training,r10_l7_full_domain_randomisation_arena_wide_training,r10_balanced_cluster_spatial_flow_belief_memory_h10_final_0005,0,launch_gate,launch_gate,mild_turn_right,primvar_mild_turn_right_transition_object_31fc88ec0052,baseline_and_memory_winner_match,True,primvar_mild_turn_right_transition_object_31fc88ec0052,primvar_mild_turn_right_transition_object_31fc88ec0052,0.0,0.0,0.03,0.0,1.0,-8.715773700596063e-05,-8.715773700596063e-05,0.0,0.0,0.0125498106963701,0.7605382512335227,0.0152107650246704,0.0,0.1,0.2,0.0,0.0,7,0,0.98745018930363,0.7605382512335227,decision_level_baseline_vs_candidate_path_memory_gap_audit,outer_loop_spatial_flow_belief_safe_explore_exploit_memory_v2_2
balanced_cluster,spatial_flow_belief_memory_h10,10,final_heldout,5,r10_l7_full_domain_randomisation_arena_wide_training,r10_l7_full_domain_randomisation_arena_wide_training,r10_balanced_cluster_spatial_flow_belief_memory_h10_final_0005,1,inflight_boundary_near,boundary_near,lift_dwell_arc,primvar_lift_dwell_arc_transition_object_429425bf6b2c,baseline_and_memory_winner_match,True,primvar_lift_dwell_arc_transition_object_429425bf6b2c,primvar_lift_dwell_arc_transition_object_429425bf6b2c,0.0,0.0,0.03,0.0,1.0,0.0004234030591987,0.0004234030591987,0.0,0.0,0.0341490820969322,0.7822695913591271,0.0156453918271825,0.0,0.1,0.2,0.0,0.0,7,0,0.9658509179030678,0.7822695913591271,decision_level_baseline_vs_candidate_path_memory_gap_audit,outer_loop_spatial_flow_belief_safe_explore_exploit_memory_v2_2
balanced_cluster,spatial_flow_belief_memory_h10,10,final_heldout,5,r10_l7_full_domain_randomisation_arena_wide_training,r10_l7_full_domain_randomisation_arena_wide_training,r10_balanced_cluster_spatial_flow_belief_memory_h10_final_0005,2,inflight_boundary_near,boundary_near,recovery,primvar_recovery_transition_object_5e492c9a9375,baseline_and_memory_winner_match,True,primvar_recovery_transition_object_5e492c9a9375,primvar_recovery_transition_object_5e492c9a9375,0.0,0.0,0.03,0.0,1.0,0.0003720309075139,0.0003720309075139,0.0,0.0,0.0329457251962573,0.8162262079497449,0.0163245241589948,0.0,0.1,0.2,0.0,0.0,7,0,0.9670542748037426,0.8162262079497449,decision_level_baseline_vs_candidate_path_memory_gap_audit,outer_loop_spatial_flow_belief_safe_explore_exploit_memory_v2_2
balanced_cluster,spatial_flow_belief_memory_h10,10,final_heldout,5,r10_l7_full_domain_randomisation_arena_wide_training,r10_l7_full_domain_randomisation_arena_wide_training,r10_balanced_cluster_spatial_flow_belief_memory_h10_final_0005,3,inflight_boundary_near,boundary_near,recovery,primvar_recovery_transition_object_5e492c9a9375,baseline_and_memory_winner_match,True,primvar_recovery_transition_object_5e492c9a9375,primvar_recovery_transition_object_5e492c9a9375,0.0,0.0,0.03,0.0,1.0,0.0003068252261129,0.0003068252261129,0.0,0.0,0.0371229329175926,0.9197088776378656,0.0183941775527573,0.0,0.1,0.2,0.0,0.0,0,0,0.9628770670824074,0.9197088776378656,decision_level_baseline_vs_candidate_path_memory_gap_audit,outer_loop_spatial_flow_belief_safe_explore_exploit_memory_v2_2
balanced_cluster,spatial_flow_belief_memory_h10,10,final_heldout,5,r10_l7_full_domain_randomisation_arena_wide_training,r10_l7_full_domain_randomisation_arena_wide_training,r10_balanced_cluster_spatial_flow_belief_memory_h10_final_0005,4,inflight_boundary_near,boundary_near,glide,primvar_glide_transition_object_a48e56700ce9,baseline_and_memory_winner_match,True,primvar_glide_transition_object_a48e56700ce9,primvar_glide_transition_object_a48e56700ce9,0.0,0.0,0.03,0.0,1.0,0.0002424918219099,0.0002424918219099,0.0,0.0,0.0450173647826313,0.9549826352173688,0.0190996527043473,0.0,0.1,0.2,0.0,0.0,0,0,0.9549826352173688,0.9549826352173688,decision_level_baseline_vs_candidate_path_memory_gap_audit,outer_loop_spatial_flow_belief_safe_explore_exploit_memory_v2_2
balanced_cluster,spatial_flow_belief_memory_h10,10,final_heldout,5,r10_l7_full_domain_randomisation_arena_wide_training,r10_l7_full_domain_randomisation_arena_wide_training,r10_balanced_cluster_spatial_flow_belief_memory_h10_final_0005,5,inflight_boundary_near,boundary_near,mild_turn_left,primvar_mild_turn_left_transition_object_72b921ad790a,baseline_and_memory_winner_match,True,primvar_mild_turn_left_transition_object_72b921ad790a,primvar_mild_turn_left_transition_object_72b921ad790a,0.0,0.0,0.03,0.0,1.0,9.329197546703584e-05,9.329197546703584e-05,0.0,0.0,0.0409820850172257,0.9590179149827742,0.0191803582996554,0.0,0.1,0.2,0.0,0.0,0,0,0.9590179149827742,0.9590179149827742,decision_level_baseline_vs_candidate_path_memory_gap_audit,outer_loop_spatial_flow_belief_safe_explore_exploit_memory_v2_2
balanced_cluster,spatial_flow_belief_memory_h10,10,final_heldout,5,r10_l7_full_domain_randomisation_arena_wide_training,r10_l7_full_domain_randomisation_arena_wide_training,r10_balanced_cluster_spatial_flow_belief_memory_h10_final_0005,6,inflight_boundary_near,boundary_near,mild_turn_left,primvar_mild_turn_left_transition_object_72b921ad790a,baseline_and_memory_winner_match,True,primvar_mild_turn_left_transition_object_72b921ad790a,primvar_mild_turn_left_transition_object_72b921ad790a,0.0,0.0,0.03,0.0,1.0,1.3872428821226634e-05,1.3872428821226634e-05,0.0,0.0,0.0345535683342606,0.9654464316657394,0.0193089286333147,0.0,0.1,0.2,0.0,0.0,0,0,0.9654464316657394,0.9654464316657394,decision_level_baseline_vs_candidate_path_memory_gap_audit,outer_loop_spatial_flow_belief_safe_explore_exploit_memory_v2_2
balanced_cluster,spatial_flow_belief_memory_h10,10,final_heldout,5,r10_l7_full_domain_randomisation_arena_wide_training,r10_l7_full_domain_randomisation_arena_wide_training,r10_balanced_cluster_spatial_flow_belief_memory_h10_final_0005,7,inflight_boundary_near,boundary_near,mild_turn_left,primvar_mild_turn_left_transition_object_72b921ad790a,baseline_and_memory_winner_match,True,primvar_mild_turn_left_transition_object_72b921ad790a,primvar_mild_turn_left_transition_object_72b921ad790a,0.0,0.0,0.03,0.0,1.0,-4.6360111175758334e-05,-4.6360111175758334e-05,0.0,0.0,0.0380570803928244,0.9619429196071756,0.0192388583921435,0.0,0.1,0.2,0.0,0.0,0,0,0.9619429196071756,0.9619429196071756,decision_level_baseline_vs_candidate_path_memory_gap_audit,outer_loop_spatial_flow_belief_safe_explore_exploit_memory_v2_2
balanced_cluster,spatial_flow_belief_memory_h10,10,final_heldout,5,r10_l7_full_domain_randomisation_arena_wide_training,r10_l7_full_domain_randomisation_arena_wide_training,r10_balanced_cluster_spatial_flow_belief_memory_h10_final_0005,8,inflight_boundary_near,boundary_near,mild_turn_left,primvar_mild_turn_left_transition_object_72b921ad790a,baseline_and_memory_winner_match,True,primvar_mild_turn_left_transition_object_72b921ad790a,primvar_mild_turn_left_transition_object_72b921ad790a,0.0,0.0,0.03,0.0,1.0,-4.0080537330622334e-05,-4.0080537330622334e-05,0.0,0.0,0.029514864691715,0.970485135308285,0.0194097027061657,0.0,0.1,0.2,0.0,0.0,0,0,0.970485135308285,0.970485135308285,decision_level_baseline_vs_candidate_path_memory_gap_audit,outer_loop_spatial_flow_belief_safe_explore_exploit_memory_v2_2
balanced_cluster,spatial_flow_belief_memory_h10,10,final_heldout,1,r10_l7_full_domain_randomisation_arena_wide_training,r10_l7_full_domain_randomisation_arena_wide_training,r10_balanced_cluster_spatial_flow_belief_memory_h10_final_0001,0,launch_gate,launch_gate,glide,primvar_glide_transition_object_ad817af95d9e,baseline_and_memory_winner_match,True,primvar_glide_transition_object_ad817af95d9e,primvar_glide_transition_object_ad817af95d9e,0.0,0.0,0.03,0.0,1.0,1.345703974919843e-07,1.345703974919843e-07,0.0,0.0,0.000171113245829,0.5916398668847029,0.011832797337694,0.0,0.1,0.2,0.0,0.0,7,0,0.9998288867541708,0.5916398668847029,decision_level_baseline_vs_candidate_path_memory_gap_audit,outer_loop_spatial_flow_belief_safe_explore_exploit_memory_v2_2
balanced_cluster,spatial_flow_belief_memory_h10,10,final_heldout,1,r10_l7_full_domain_randomisation_arena_wide_training,r10_l7_full_domain_randomisation_arena_wide_training,r10_balanced_cluster_spatial_flow_belief_memory_h10_final_0001,1,inflight_nominal,inflight_stable,lift_entry,primvar_lift_entry_transition_object_a65393bbc7f9,baseline_and_memory_winner_match,True,primvar_lift_entry_transition_object_a65393bbc7f9,primvar_lift_entry_transition_object_a65393bbc7f9,0.0,0.0,0.03,0.0,1.0,3.723449171477711e-05,3.723449171477711e-05,0.0,0.0,0.0304225547519963,0.5695212050979293,0.0113904241019585,0.0,0.1,0.2,0.0,0.0,7,0,0.9695774452480036,0.5695212050979293,decision_level_baseline_vs_candidate_path_memory_gap_audit,outer_loop_spatial_flow_belief_safe_explore_exploit_memory_v2_2
balanced_cluster,spatial_flow_belief_memory_h10,10,final_heldout,1,r10_l7_full_domain_randomisation_arena_wide_training,r10_l7_full_domain_randomisation_arena_wide_training,r10_balanced_cluster_spatial_flow_belief_memory_h10_final_0001,2,inflight_nominal,inflight_stable,lift_entry,primvar_lift_entry_transition_object_a65393bbc7f9,baseline_and_memory_winner_match,True,primvar_lift_entry_transition_object_a65393bbc7f9,primvar_lift_entry_transition_object_a65393bbc7f9,0.0,0.0,0.03,0.0,1.0,-5.162368009625773e-05,-5.162368009625773e-05,0.0,0.0,0.0414790399920207,0.5965801356173696,0.0119316027123473,0.0,0.1,0.2,0.0,0.0,7,0,0.9585209600079792,0.5965801356173696,decision_level_baseline_vs_candidate_path_memory_gap_audit,outer_loop_spatial_flow_belief_safe_explore_exploit_memory_v2_2
balanced_cluster,spatial_flow_belief_memory_h10,10,final_heldout,1,r10_l7_full_domain_randomisation_arena_wide_training,r10_l7_full_domain_randomisation_arena_wide_training,r10_balanced_cluster_spatial_flow_belief_memory_h10_final_0001,3,inflight_nominal,inflight_stable,lift_entry,primvar_lift_entry_transition_object_a65393bbc7f9,baseline_and_memory_winner_match,True,primvar_lift_entry_transition_object_a65393bbc7f9,primvar_lift_entry_transition_object_a65393bbc7f9,0.0,0.0,0.03,0.0,1.0,-0.0001047743114575,-0.0001047743114575,0.0,0.0,0.0476084609447956,0.6353646340569112,0.0127072926811382,0.0,0.1,0.2,0.0,0.0,7,0,0.9523915390552044,0.6353646340569112,decision_level_baseline_vs_candidate_path_memory_gap_audit,outer_loop_spatial_flow_belief_safe_explore_exploit_memory_v2_2
balanced_cluster,spatial_flow_belief_memory_h10,10,final_heldout,1,r10_l7_full_domain_randomisation_arena_wide_training,r10_l7_full_domain_randomisation_arena_wide_training,r10_balanced_cluster_spatial_flow_belief_memory_h10_final_0001,4,inflight_nominal,inflight_stable,lift_entry,primvar_lift_entry_transition_object_cbc5fe69f0f0,baseline_and_memory_winner_match,True,primvar_lift_entry_transition_object_cbc5fe69f0f0,primvar_lift_entry_transition_object_cbc5fe69f0f0,0.0,0.0,0.03,0.0,1.0,-0.0001154116926556,-0.0001154116926556,0.0,0.0,0.0363370700037668,0.7456021569436956,0.0149120431388739,0.0,0.1,0.2,0.0,0.0,7,0,0.9636629299962332,0.7456021569436956,decision_level_baseline_vs_candidate_path_memory_gap_audit,outer_loop_spatial_flow_belief_safe_explore_exploit_memory_v2_2
balanced_cluster,spatial_flow_belief_memory_h10,10,final_heldout,1,r10_l7_full_domain_randomisation_arena_wide_training,r10_l7_full_domain_randomisation_arena_wide_training,r10_balanced_cluster_spatial_flow_belief_memory_h10_final_0001,5,inflight_nominal,inflight_stable,lift_entry,primvar_lift_entry_transition_object_cbc5fe69f0f0,baseline_and_memory_winner_match,True,primvar_lift_entry_transition_object_cbc5fe69f0f0,primvar_lift_entry_transition_object_cbc5fe69f0f0,0.0,0.0,0.03,0.0,1.0,-0.0001140553092542,-0.0001140553092542,0.0,0.0,0.030999904037762,0.8284467129256031,0.016568934258512,0.0,0.1,0.2,0.0,0.0,4,0,0.969000095962238,0.8284467129256031,decision_level_baseline_vs_candidate_path_memory_gap_audit,outer_loop_spatial_flow_belief_safe_explore_exploit_memory_v2_2
balanced_cluster,spatial_flow_belief_memory_h10,10,final_heldout,1,r10_l7_full_domain_randomisation_arena_wide_training,r10_l7_full_domain_randomisation_arena_wide_training,r10_balanced_cluster_spatial_flow_belief_memory_h10_final_0001,6,inflight_nominal,inflight_stable,lift_entry,primvar_lift_entry_transition_object_cbc5fe69f0f0,baseline_and_memory_winner_match,True,primvar_lift_entry_transition_object_cbc5fe69f0f0,primvar_lift_entry_transition_object_cbc5fe69f0f0,0.0,0.0,0.03,0.0,1.0,-0.0001300547921456,-0.0001300547921456,0.0,0.0,0.033765837733505,0.9329169379372936,0.0186583387587458,0.0,0.1,0.2,0.0,0.0,0,0,0.966234162266495,0.9329169379372936,decision_level_baseline_vs_candidate_path_memory_gap_audit,outer_loop_spatial_flow_belief_safe_explore_exploit_memory_v2_2
balanced_cluster,spatial_flow_belief_memory_h10,10,final_heldout,1,r10_l7_full_domain_randomisation_arena_wide_training,r10_l7_full_domain_randomisation_arena_wide_training,r10_balanced_cluster_spatial_flow_belief_memory_h10_final_0001,7,inflight_boundary_near,boundary_near,energy_retaining_bank,primvar_energy_retaining_bank_transition_object_f378f7a74cce,baseline_and_memory_winner_match,True,primvar_energy_retaining_bank_transition_object_f378f7a74cce,primvar_energy_retaining_bank_transition_object_f378f7a74cce,0.0,0.0,0.03,0.0,1.0,-0.0001249444377924,-0.0001249444377924,0.0,0.0,0.0337269391959878,0.966273060804012,0.0193254612160802,0.0,0.1,0.2,0.0,0.0,0,0,0.966273060804012,0.966273060804012,decision_level_baseline_vs_candidate_path_memory_gap_audit,outer_loop_spatial_flow_belief_safe_explore_exploit_memory_v2_2
balanced_cluster,spatial_flow_belief_memory_h10,10,final_heldout,1,r10_l7_full_domain_randomisation_arena_wide_training,r10_l7_full_domain_randomisation_arena_wide_training,r10_balanced_cluster_spatial_flow_belief_memory_h10_final_0001,8,inflight_boundary_near,boundary_near,mild_turn_right,primvar_mild_turn_right_transition_object_79dc6a9b8274,baseline_and_memory_winner_match,True,primvar_mild_turn_right_transition_object_79dc6a9b8274,primvar_mild_turn_right_transition_object_79dc6a9b8274,0.0,0.0,0.03,0.0,1.0,-5.2464969452215016e-05,-5.2464969452215016e-05,0.0,0.0,0.0312617356677116,0.9687382643322884,0.0193747652866457,0.0,0.1,0.2,0.0,0.0,0,0,0.9687382643322884,0.9687382643322884,decision_level_baseline_vs_candidate_path_memory_gap_audit,outer_loop_spatial_flow_belief_safe_explore_exploit_memory_v2_2
balanced_cluster,spatial_flow_belief_memory_h10,10,final_heldout,1,r10_l7_full_domain_randomisation_arena_wide_training,r10_l7_full_domain_randomisation_arena_wide_training,r10_balanced_cluster_spatial_flow_belief_memory_h10_final_0001,9,inflight_boundary_near,boundary_near,mild_turn_right,primvar_mild_turn_right_transition_object_79dc6a9b8274,baseline_and_memory_winner_match,True,primvar_mild_turn_right_transition_object_79dc6a9b8274,primvar_mild_turn_right_transition_object_79dc6a9b8274,0.0,0.0,0.03,0.0,1.0,2.304364915328705e-06,2.304364915328705e-06,0.0,0.0,0.047655645144718,0.952344354855282,0.0190468870971056,0.0,0.1,0.2,0.0,0.0,0,0,0.952344354855282,0.952344354855282,decision_level_baseline_vs_candidate_path_memory_gap_audit,outer_loop_spatial_flow_belief_safe_explore_exploit_memory_v2_2
balanced_cluster,spatial_flow_belief_memory_h10,10,final_heldout,1,r10_l7_full_domain_randomisation_arena_wide_training,r10_l7_full_domain_randomisation_arena_wide_training,r10_balanced_cluster_spatial_flow_belief_memory_h10_final_0001,10,inflight_boundary_near,boundary_near,mild_turn_right,primvar_mild_turn_right_transition_object_79dc6a9b8274,baseline_and_memory_winner_match,True,primvar_mild_turn_right_transition_object_79dc6a9b8274,primvar_mild_turn_right_transition_object_79dc6a9b8274,0.0,0.0,0.03,0.0,1.0,0.0001260110446512,0.0001260110446512,0.0,0.0,0.0387634739076286,0.9612365260923712,0.0192247305218474,0.0,0.1,0.2,0.0,0.0,0,0,0.9612365260923712,0.9612365260923712,decision_level_baseline_vs_candidate_path_memory_gap_audit,outer_loop_spatial_flow_belief_safe_explore_exploit_memory_v2_2
balanced_cluster,spatial_flow_belief_memory_h10,10,final_heldout,1,r10_l7_full_domain_randomisation_arena_wide_training,r10_l7_full_domain_randomisation_arena_wide_training,r10_balanced_cluster_spatial_flow_belief_memory_h10_final_0001,11,inflight_boundary_near,boundary_near,lift_dwell_arc,primvar_lift_dwell_arc_transition_object_3d4acb04abc7,baseline_and_memory_winner_match,True,primvar_lift_dwell_arc_transition_object_3d4acb04abc7,primvar_lift_dwell_arc_transition_object_3d4acb04abc7,0.0,0.0,0.03,0.0,1.0,0.0001249105153844,0.0001249105153844,0.0,0.0,0.0316722317172972,0.9683277682827028,0.019366555365654,0.0,0.1,0.2,0.0,0.0,0,0,0.9683277682827028,0.9683277682827028,decision_level_baseline_vs_candidate_path_memory_gap_audit,outer_loop_spatial_flow_belief_safe_explore_exploit_memory_v2_2
heavy_cluster,spatial_flow_belief_memory_h30,30,final_heldout,8,r10_l7_full_domain_randomisation_arena_wide_training,r10_l7_full_domain_randomisation_arena_wide_training,r10_heavy_cluster_spatial_flow_belief_memory_h30_final_0008,0,launch_gate,launch_gate,safe_exit_or_recovery_handoff,primvar_safe_exit_or_recovery_handoff_transition_object_d17d451ad8d8,baseline_and_memory_winner_match,True,primvar_safe_exit_or_recovery_handoff_transition_object_d17d451ad8d8,primvar_safe_exit_or_recovery_handoff_transition_object_d17d451ad8d8,0.0,0.0,0.03,0.0,1.0,0.0004903802837947,0.0004903802837947,0.0,0.0,0.1121888746769197,0.4706995088173395,0.0094139901763467,0.0,0.1,0.2,0.0003044452612327,0.0895135353168058,7,7,0.8878111253230803,0.4706995088173395,decision_level_baseline_vs_candidate_path_memory_gap_audit,outer_loop_spatial_flow_belief_safe_explore_exploit_memory_v2_2
heavy_cluster,spatial_flow_belief_memory_h30,30,final_heldout,8,r10_l7_full_domain_randomisation_arena_wide_training,r10_l7_full_domain_randomisation_arena_wide_training,r10_heavy_cluster_spatial_flow_belief_memory_h30_final_0008,1,inflight_nominal,inflight_stable,recovery,primvar_recovery_transition_object_4268876749b8,baseline_and_memory_winner_match,True,primvar_recovery_transition_object_4268876749b8,primvar_recovery_transition_object_4268876749b8,0.0,0.0,0.03,0.0,1.0,0.000101319226442,0.000101319226442,0.0,0.0,0.0836362801330042,0.505030605541702,0.010100612110834,0.0,0.1,0.2,0.0001256529811174,0.0553410371228948,7,9,0.9163637198669958,0.505030605541702,decision_level_baseline_vs_candidate_path_memory_gap_audit,outer_loop_spatial_flow_belief_safe_explore_exploit_memory_v2_2
heavy_cluster,spatial_flow_belief_memory_h30,30,final_heldout,8,r10_l7_full_domain_randomisation_arena_wide_training,r10_l7_full_domain_randomisation_arena_wide_training,r10_heavy_cluster_spatial_flow_belief_memory_h30_final_0008,2,inflight_recovery_edge,recoverable_degraded,safe_exit_or_recovery_handoff,primvar_safe_exit_or_recovery_handoff_transition_object_a195686788f5,baseline_and_memory_winner_match,True,primvar_safe_exit_or_recovery_handoff_transition_object_a195686788f5,primvar_safe_exit_or_recovery_handoff_transition_object_a195686788f5,0.0,0.0,0.03,0.0,1.0,-0.000172509124815,-0.000172509124815,0.0,0.0,0.057847796959418,0.3902948591197113,0.0078058971823942,0.0,0.1,0.2,3.9109319547750893e-07,0.0001465202454001,7,10,0.942152203040582,0.3902948591197113,decision_level_baseline_vs_candidate_path_memory_gap_audit,outer_loop_spatial_flow_belief_safe_explore_exploit_memory_v2_2
heavy_cluster,spatial_flow_belief_memory_h30,30,final_heldout,8,r10_l7_full_domain_randomisation_arena_wide_training,r10_l7_full_domain_randomisation_arena_wide_training,r10_heavy_cluster_spatial_flow_belief_memory_h30_final_0008,3,inflight_recovery_edge,recoverable_degraded,safe_exit_or_recovery_handoff,primvar_safe_exit_or_recovery_handoff_transition_object_a195686788f5,baseline_and_memory_winner_match,True,primvar_safe_exit_or_recovery_handoff_transition_object_a195686788f5,primvar_safe_exit_or_recovery_handoff_transition_object_a195686788f5,0.0,0.0,0.03,0.0,1.0,-0.0002333148396249,-0.0002333148396249,0.0,0.0,0.0492799404811957,0.4102224730868082,0.0082044494617361,0.0,0.1,0.2,5.098079911014167e-07,0.0002229236617442,7,7,0.9507200595188042,0.4102224730868082,decision_level_baseline_vs_candidate_path_memory_gap_audit,outer_loop_spatial_flow_belief_safe_explore_exploit_memory_v2_2
heavy_cluster,spatial_flow_belief_memory_h30,30,final_heldout,8,r10_l7_full_domain_randomisation_arena_wide_training,r10_l7_full_domain_randomisation_arena_wide_training,r10_heavy_cluster_spatial_flow_belief_memory_h30_final_0008,4,inflight_recovery_edge,recoverable_degraded,safe_exit_or_recovery_handoff,primvar_safe_exit_or_recovery_handoff_transition_object_a195686788f5,baseline_and_memory_winner_match,True,primvar_safe_exit_or_recovery_handoff_transition_object_a195686788f5,primvar_safe_exit_or_recovery_handoff_transition_object_a195686788f5,0.0,0.0,0.03,0.0,1.0,-0.0002699977945037,-0.0002699977945037,0.0,0.0,0.0518570237217118,0.4284610689239916,0.0085692213784798,0.0,0.1,0.2,7.865546123753332e-08,0.0002246247154828,7,6,0.948142976278288,0.4284610689239916,decision_level_baseline_vs_candidate_path_memory_gap_audit,outer_loop_spatial_flow_belief_safe_explore_exploit_memory_v2_2
heavy_cluster,spatial_flow_belief_memory_h30,30,final_heldout,8,r10_l7_full_domain_randomisation_arena_wide_training,r10_l7_full_domain_randomisation_arena_wide_training,r10_heavy_cluster_spatial_flow_belief_memory_h30_final_0008,5,inflight_recovery_edge,recoverable_degraded,safe_exit_or_recovery_handoff,primvar_safe_exit_or_recovery_handoff_transition_object_a195686788f5,baseline_and_memory_winner_match,True,primvar_safe_exit_or_recovery_handoff_transition_object_a195686788f5,primvar_safe_exit_or_recovery_handoff_transition_object_a195686788f5,0.0,0.0,0.03,0.0,1.0,-0.0003388560336466,-0.0003388560336466,0.0,0.0,0.0571521814125239,0.4486868428401417,0.0089737368568028,0.0,0.1,0.2,3.271381174179071e-09,5.019434124989668e-06,7,6,0.942847818587476,0.4486868428401417,decision_level_baseline_vs_candidate_path_memory_gap_audit,outer_loop_spatial_flow_belief_safe_explore_exploit_memory_v2_2
heavy_cluster,spatial_flow_belief_memory_h30,30,final_heldout,8,r10_l7_full_domain_randomisation_arena_wide_training,r10_l7_full_domain_randomisation_arena_wide_training,r10_heavy_cluster_spatial_flow_belief_memory_h30_final_0008,6,inflight_nominal,inflight_stable,recovery,primvar_recovery_transition_object_4268876749b8,baseline_and_memory_winner_match,True,primvar_recovery_transition_object_4268876749b8,primvar_recovery_transition_object_4268876749b8,0.0,0.0,0.03,0.0,1.0,-0.0002965777741794,-0.0002965777741794,0.0,0.0,0.0404656396048355,0.7295613147515099,0.0145912262950301,0.0,0.1,0.2,3.458896887143955e-07,6.406688292329587e-05,7,5,0.9595343603951644,0.7295613147515099,decision_level_baseline_vs_candidate_path_memory_gap_audit,outer_loop_spatial_flow_belief_safe_explore_exploit_memory_v2_2
heavy_cluster,spatial_flow_belief_memory_h30,30,final_heldout,8,r10_l7_full_domain_randomisation_arena_wide_training,r10_l7_full_domain_randomisation_arena_wide_training,r10_heavy_cluster_spatial_flow_belief_memory_h30_final_0008,7,inflight_recovery_edge,recoverable_degraded,safe_exit_or_recovery_handoff,primvar_safe_exit_or_recovery_handoff_transition_object_a195686788f5,baseline_and_memory_winner_match,True,primvar_safe_exit_or_recovery_handoff_transition_object_a195686788f5,primvar_safe_exit_or_recovery_handoff_transition_object_a195686788f5,0.0,0.0,0.03,0.0,1.0,-0.0003931697718767,-0.0003931697718767,0.0,0.0,0.0468750588807056,0.5176352138474145,0.0103527042769482,0.0,0.1,0.2,9.59757595710588e-14,8.954607221232859e-11,7,8,0.9531249411192944,0.5176352138474145,decision_level_baseline_vs_candidate_path_memory_gap_audit,outer_loop_spatial_flow_belief_safe_explore_exploit_memory_v2_2
heavy_cluster,spatial_flow_belief_memory_h30,30,final_heldout,8,r10_l7_full_domain_randomisation_arena_wide_training,r10_l7_full_domain_randomisation_arena_wide_training,r10_heavy_cluster_spatial_flow_belief_memory_h30_final_0008,8,inflight_nominal,inflight_stable,recovery,primvar_recovery_transition_object_4268876749b8,baseline_and_memory_winner_match,True,primvar_recovery_transition_object_4268876749b8,primvar_recovery_transition_object_4268876749b8,0.0,0.0,0.03,0.0,1.0,-0.0004392246187281,-0.0004392246187281,0.0,0.0,0.0482419361328566,0.8971308654847351,0.0179426173096947,0.0,0.1,0.2,0.0,0.0,0,0,0.9517580638671432,0.8971308654847351,decision_level_baseline_vs_candidate_path_memory_gap_audit,outer_loop_spatial_flow_belief_safe_explore_exploit_memory_v2_2
heavy_cluster,spatial_flow_belief_memory_h30,30,final_heldout,8,r10_l7_full_domain_randomisation_arena_wide_training,r10_l7_full_domain_randomisation_arena_wide_training,r10_heavy_cluster_spatial_flow_belief_memory_h30_final_0008,9,inflight_boundary_near,boundary_near,safe_exit_or_recovery_handoff,primvar_safe_exit_or_recovery_handoff_transition_object_ac25a091328a,baseline_and_memory_winner_match,True,primvar_safe_exit_or_recovery_handoff_transition_object_ac25a091328a,primvar_safe_exit_or_recovery_handoff_transition_object_ac25a091328a,0.0,0.0,0.03,0.0,1.0,-0.0002538423040732,-0.0002538423040732,0.0,0.0,0.0339766419498023,0.9660233580501976,0.0193204671610039,0.0,0.1,0.2,0.0,0.0,0,0,0.9660233580501976,0.9660233580501976,decision_level_baseline_vs_candidate_path_memory_gap_audit,outer_loop_spatial_flow_belief_safe_explore_exploit_memory_v2_2
heavy_cluster,spatial_flow_belief_memory_h30,30,final_heldout,8,r10_l7_full_domain_randomisation_arena_wide_training,r10_l7_full_domain_randomisation_arena_wide_training,r10_heavy_cluster_spatial_flow_belief_memory_h30_final_0008,10,inflight_boundary_near,boundary_near,energy_retaining_bank,primvar_energy_retaining_bank_transition_object_a0ebd6810f1f,rejected_exploration_cross_family_without_memory_confidence,False,primvar_energy_retaining_bank_transition_object_a0ebd6810f1f,primvar_safe_exit_or_recovery_handoff_transition_object_ac25a091328a,3.5786529295478426e-10,1.2830225770699144e-10,0.03,0.0,1.0,-0.0003196893464436,-0.0003196893464436,0.0,0.1283022577069914,0.0539349617721134,0.9460650382278866,0.0189213007645577,0.0,0.1,0.2,0.0,0.0,0,0,0.9460650267497304,0.9460650267497304,decision_level_baseline_vs_candidate_path_memory_gap_audit,outer_loop_spatial_flow_belief_safe_explore_exploit_memory_v2_2
heavy_cluster,spatial_flow_belief_memory_h30,30,final_heldout,8,r10_l7_full_domain_randomisation_arena_wide_training,r10_l7_full_domain_randomisation_arena_wide_training,r10_heavy_cluster_spatial_flow_belief_memory_h30_final_0008,11,inflight_boundary_near,boundary_near,lift_dwell_arc,primvar_lift_dwell_arc_transition_object_2a54829d66c4,baseline_and_memory_winner_match,True,primvar_lift_dwell_arc_transition_object_2a54829d66c4,primvar_lift_dwell_arc_transition_object_2a54829d66c4,0.0,0.0,0.03,0.0,1.0,-0.000416855430227,-0.000416855430227,0.0,0.0,0.0588543970492962,0.9411456029507036,0.018822912059014,0.0,0.1,0.2,0.0,0.0,0,0,0.9411456029507036,0.9411456029507036,decision_level_baseline_vs_candidate_path_memory_gap_audit,outer_loop_spatial_flow_belief_safe_explore_exploit_memory_v2_2
heavy_cluster,spatial_flow_belief_memory_h30,30,final_heldout,4,r10_l7_full_domain_randomisation_arena_wide_training,r10_l7_full_domain_randomisation_arena_wide_training,r10_heavy_cluster_spatial_flow_belief_memory_h30_final_0004,0,launch_gate,launch_gate,lift_dwell_arc,primvar_lift_dwell_arc_transition_object_acd234c56224,baseline_and_memory_winner_match,True,primvar_lift_dwell_arc_transition_object_acd234c56224,primvar_lift_dwell_arc_transition_object_acd234c56224,0.0,0.0,0.03,0.0,1.0,0.0005247883871604,0.0005247883871604,0.0,0.0,0.0792955582806254,0.5886274236140251,0.0117725484722805,0.0,0.1,0.2,0.0,0.0,7,0,0.9207044417193746,0.5886274236140251,decision_level_baseline_vs_candidate_path_memory_gap_audit,outer_loop_spatial_flow_belief_safe_explore_exploit_memory_v2_2
heavy_cluster,spatial_flow_belief_memory_h30,30,final_heldout,4,r10_l7_full_domain_randomisation_arena_wide_training,r10_l7_full_domain_randomisation_arena_wide_training,r10_heavy_cluster_spatial_flow_belief_memory_h30_final_0004,1,inflight_nominal,inflight_stable,lift_entry,primvar_lift_entry_transition_object_a65393bbc7f9,baseline_and_memory_winner_match,True,primvar_lift_entry_transition_object_a65393bbc7f9,primvar_lift_entry_transition_object_a65393bbc7f9,0.0,0.0,0.03,0.0,1.0,0.0011048241031723,0.0011048241031723,0.0,0.0,0.1375234584658491,0.5084324702392261,0.0101686494047845,0.0,0.1,0.2,0.0,0.0,7,0,0.8624765415341509,0.5084324702392261,decision_level_baseline_vs_candidate_path_memory_gap_audit,outer_loop_spatial_flow_belief_safe_explore_exploit_memory_v2_2
heavy_cluster,spatial_flow_belief_memory_h30,30,final_heldout,4,r10_l7_full_domain_randomisation_arena_wide_training,r10_l7_full_domain_randomisation_arena_wide_training,r10_heavy_cluster_spatial_flow_belief_memory_h30_final_0004,2,inflight_recovery_edge,recoverable_degraded,safe_exit_or_recovery_handoff,primvar_safe_exit_or_recovery_handoff_transition_object_a195686788f5,baseline_and_memory_winner_match,True,primvar_safe_exit_or_recovery_handoff_transition_object_a195686788f5,primvar_safe_exit_or_recovery_handoff_transition_object_a195686788f5,0.0,0.0,0.03,0.0,1.0,0.000793429924691,0.000793429924691,0.0,0.0,0.1051619245665509,0.3752590961774552,0.0075051819235491,0.0,0.1,0.2,0.0,0.0,7,0,0.8948380754334491,0.3752590961774552,decision_level_baseline_vs_candidate_path_memory_gap_audit,outer_loop_spatial_flow_belief_safe_explore_exploit_memory_v2_2
heavy_cluster,spatial_flow_belief_memory_h30,30,final_heldout,4,r10_l7_full_domain_randomisation_arena_wide_training,r10_l7_full_domain_randomisation_arena_wide_training,r10_heavy_cluster_spatial_flow_belief_memory_h30_final_0004,3,inflight_recovery_edge,recoverable_degraded,safe_exit_or_recovery_handoff,primvar_safe_exit_or_recovery_handoff_transition_object_a195686788f5,baseline_and_memory_winner_match,True,primvar_safe_exit_or_recovery_handoff_transition_object_a195686788f5,primvar_safe_exit_or_recovery_handoff_transition_object_a195686788f5,0.0,0.0,0.03,0.0,1.0,0.0001184320183409,0.0001184320183409,0.0,0.0,0.0556664049429246,0.4147644486283115,0.0082952889725662,0.0,0.1,0.2,0.0,0.0,7,0,0.9443335950570754,0.4147644486283115,decision_level_baseline_vs_candidate_path_memory_gap_audit,outer_loop_spatial_flow_belief_safe_explore_exploit_memory_v2_2
heavy_cluster,spatial_flow_belief_memory_h30,30,final_heldout,4,r10_l7_full_domain_randomisation_arena_wide_training,r10_l7_full_domain_randomisation_arena_wide_training,r10_heavy_cluster_spatial_flow_belief_memory_h30_final_0004,4,inflight_boundary_near,boundary_near,lift_dwell_arc,primvar_lift_dwell_arc_transition_object_2a54829d66c4,baseline_and_memory_winner_match,True,primvar_lift_dwell_arc_transition_object_2a54829d66c4,primvar_lift_dwell_arc_transition_object_2a54829d66c4,0.0,0.0,0.03,0.0,1.0,-0.000412729198994,-0.000412729198994,0.0,0.0,0.0585658001459109,0.6964909407614381,0.0139298188152287,0.0,0.1,0.2,0.0,0.0,7,0,0.941434199854089,0.6964909407614381,decision_level_baseline_vs_candidate_path_memory_gap_audit,outer_loop_spatial_flow_belief_safe_explore_exploit_memory_v2_2
heavy_cluster,spatial_flow_belief_memory_h30,30,final_heldout,4,r10_l7_full_domain_randomisation_arena_wide_training,r10_l7_full_domain_randomisation_arena_wide_training,r10_heavy_cluster_spatial_flow_belief_memory_h30_final_0004,5,inflight_boundary_near,boundary_near,lift_dwell_arc,primvar_lift_dwell_arc_transition_object_2a54829d66c4,baseline_and_memory_winner_match,True,primvar_lift_dwell_arc_transition_object_2a54829d66c4,primvar_lift_dwell_arc_transition_object_2a54829d66c4,0.0,0.0,0.03,0.0,1.0,-0.0009929404780597,-0.0009929404780597,0.0,0.0,0.0769586209800327,0.74683411946787,0.0149366823893574,0.0,0.1,0.2,0.0,0.0,6,0,0.9230413790199672,0.74683411946787,decision_level_baseline_vs_candidate_path_memory_gap_audit,outer_loop_spatial_flow_belief_safe_explore_exploit_memory_v2_2
heavy_cluster,spatial_flow_belief_memory_h30,30,final_heldout,4,r10_l7_full_domain_randomisation_arena_wide_training,r10_l7_full_domain_randomisation_arena_wide_training,r10_heavy_cluster_spatial_flow_belief_memory_h30_final_0004,6,inflight_boundary_near,boundary_near,mild_turn_right,primvar_mild_turn_right_transition_object_01b5cdd5409c,baseline_and_memory_winner_match,True,primvar_mild_turn_right_transition_object_01b5cdd5409c,primvar_mild_turn_right_transition_object_01b5cdd5409c,0.0,0.0,0.03,0.0,1.0,-0.0008626309596282,-0.0008626309596282,0.0,0.0,0.0637792593750087,0.9362207406249912,0.0187244148124998,0.0,0.1,0.2,0.0,0.0,0,0,0.9362207406249912,0.9362207406249912,decision_level_baseline_vs_candidate_path_memory_gap_audit,outer_loop_spatial_flow_belief_safe_explore_exploit_memory_v2_2
heavy_cluster,spatial_flow_belief_memory_h30,30,final_heldout,4,r10_l7_full_domain_randomisation_arena_wide_training,r10_l7_full_domain_randomisation_arena_wide_training,r10_heavy_cluster_spatial_flow_belief_memory_h30_final_0004,7,inflight_boundary_near,boundary_near,lift_dwell_arc,primvar_lift_dwell_arc_transition_object_2a54829d66c4,baseline_and_memory_winner_match,True,primvar_lift_dwell_arc_transition_object_2a54829d66c4,primvar_lift_dwell_arc_transition_object_2a54829d66c4,0.0,0.0,0.03,0.0,1.0,-0.0006901993289991,-0.0006901993289991,0.0,0.0,0.0636866365392093,0.9363133634607906,0.0187262672692158,0.0,0.1,0.2,0.0,0.0,0,0,0.9363133634607906,0.9363133634607906,decision_level_baseline_vs_candidate_path_memory_gap_audit,outer_loop_spatial_flow_belief_safe_explore_exploit_memory_v2_2
heavy_cluster,spatial_flow_belief_memory_h30,30,final_heldout,4,r10_l7_full_domain_randomisation_arena_wide_training,r10_l7_full_domain_randomisation_arena_wide_training,r10_heavy_cluster_spatial_flow_belief_memory_h30_final_0004,8,inflight_boundary_near,boundary_near,mild_turn_right,primvar_mild_turn_right_transition_object_01b5cdd5409c,baseline_and_memory_winner_match,True,primvar_mild_turn_right_transition_object_01b5cdd5409c,primvar_mild_turn_right_transition_object_01b5cdd5409c,0.0,0.0,0.03,0.0,1.0,-0.0002657943359305,-0.0002657943359305,0.0,0.0,0.0335246459385884,0.9664753540614116,0.0193295070812282,0.0,0.1,0.2,0.0,0.0,0,0,0.9664753540614116,0.9664753540614116,decision_level_baseline_vs_candidate_path_memory_gap_audit,outer_loop_spatial_flow_belief_safe_explore_exploit_memory_v2_2
heavy_cluster,spatial_flow_belief_memory_h30,30,final_heldout,4,r10_l7_full_domain_randomisation_arena_wide_training,r10_l7_full_domain_randomisation_arena_wide_training,r10_heavy_cluster_spatial_flow_belief_memory_h30_final_0004,9,inflight_boundary_near,boundary_near,mild_turn_left,primvar_mild_turn_left_transition_object_fee0dc32131a,baseline_and_memory_winner_match,True,primvar_mild_turn_left_transition_object_fee0dc32131a,primvar_mild_turn_left_transition_object_fee0dc32131a,0.0,0.0,0.03,0.0,1.0,-0.0002922619313654,-0.0002922619313654,0.0,0.0,0.0423040102664857,0.9576959897335142,0.0191539197946702,0.0,0.1,0.2,0.0,0.0,0,0,0.9576959897335142,0.9576959897335142,decision_level_baseline_vs_candidate_path_memory_gap_audit,outer_loop_spatial_flow_belief_safe_explore_exploit_memory_v2_2
heavy_cluster,spatial_flow_belief_memory_h30,30,final_heldout,4,r10_l7_full_domain_randomisation_arena_wide_training,r10_l7_full_domain_randomisation_arena_wide_training,r10_heavy_cluster_spatial_flow_belief_memory_h30_final_0004,10,inflight_boundary_near,boundary_near,mild_turn_right,primvar_mild_turn_right_transition_object_01b5cdd5409c,baseline_and_memory_winner_match,True,primvar_mild_turn_right_transition_object_01b5cdd5409c,primvar_mild_turn_right_transition_object_01b5cdd5409c,0.0,0.0,0.03,0.0,1.0,-0.0001856883353816,-0.0001856883353816,0.0,0.0,0.0291489570061265,0.9708510429938736,0.0194170208598774,0.0,0.1,0.2,0.0,0.0,0,0,0.9708510429938736,0.9708510429938736,decision_level_baseline_vs_candidate_path_memory_gap_audit,outer_loop_spatial_flow_belief_safe_explore_exploit_memory_v2_2
heavy_cluster,spatial_flow_belief_memory_h30,30,final_heldout,4,r10_l7_full_domain_randomisation_arena_wide_training,r10_l7_full_domain_randomisation_arena_wide_training,r10_heavy_cluster_spatial_flow_belief_memory_h30_final_0004,11,inflight_boundary_near,boundary_near,mild_turn_left,primvar_mild_turn_left_transition_object_fee0dc32131a,baseline_and_memory_winner_match,True,primvar_mild_turn_left_transition_object_fee0dc32131a,primvar_mild_turn_left_transition_object_fee0dc32131a,0.0,0.0,0.03,0.0,1.0,-0.0002938409071457,-0.0002938409071457,0.0,0.0,0.0484585339011972,0.5397436963062582,0.0107948739261251,0.0,0.1,0.2,0.0,0.0,0,0,0.9515414660988027,0.5397436963062582,decision_level_baseline_vs_candidate_path_memory_gap_audit,outer_loop_spatial_flow_belief_safe_explore_exploit_memory_v2_2
balanced_cluster,spatial_flow_belief_memory_h10,10,final_heldout,2,r10_l7_full_domain_randomisation_arena_wide_training,r10_l7_full_domain_randomisation_arena_wide_training,r10_balanced_cluster_spatial_flow_belief_memory_h10_final_0002,0,launch_gate,launch_gate,mild_turn_left,primvar_mild_turn_left_transition_object_c5942d118f74,baseline_and_memory_winner_match,True,primvar_mild_turn_left_transition_object_c5942d118f74,primvar_mild_turn_left_transition_object_c5942d118f74,0.0,0.0,0.03,0.0,1.0,-8.912719922649082e-06,-8.912719922649082e-06,0.0,0.0,0.0056241393319836,0.6239614727407818,0.0124792294548156,0.0,0.1,0.2,0.0,0.0,7,0,0.9943758606680164,0.6239614727407818,decision_level_baseline_vs_candidate_path_memory_gap_audit,outer_loop_spatial_flow_belief_safe_explore_exploit_memory_v2_2
balanced_cluster,spatial_flow_belief_memory_h10,10,final_heldout,2,r10_l7_full_domain_randomisation_arena_wide_training,r10_l7_full_domain_randomisation_arena_wide_training,r10_balanced_cluster_spatial_flow_belief_memory_h10_final_0002,1,inflight_nominal,inflight_stable,mild_turn_left,primvar_mild_turn_left_transition_object_c0027154e9bd,baseline_and_memory_winner_match,True,primvar_mild_turn_left_transition_object_c0027154e9bd,primvar_mild_turn_left_transition_object_c0027154e9bd,0.0,0.0,0.03,0.0,1.0,0.0002214778176432,0.0002214778176432,0.0,0.0,0.0371703425678103,0.6448012544459704,0.0128960250889194,0.0,0.1,0.2,0.0,0.0,7,0,0.9628296574321896,0.6448012544459704,decision_level_baseline_vs_candidate_path_memory_gap_audit,outer_loop_spatial_flow_belief_safe_explore_exploit_memory_v2_2
balanced_cluster,spatial_flow_belief_memory_h10,10,final_heldout,2,r10_l7_full_domain_randomisation_arena_wide_training,r10_l7_full_domain_randomisation_arena_wide_training,r10_balanced_cluster_spatial_flow_belief_memory_h10_final_0002,2,inflight_recovery_edge,recoverable_degraded,safe_exit_or_recovery_handoff,primvar_safe_exit_or_recovery_handoff_transition_object_89fe6c2843f5,baseline_and_memory_winner_match,True,primvar_safe_exit_or_recovery_handoff_transition_object_89fe6c2843f5,primvar_safe_exit_or_recovery_handoff_transition_object_89fe6c2843f5,0.0,0.0,0.03,0.0,1.0,0.0003337773885858,0.0003337773885858,0.0,0.0,0.0345724954117584,0.6480160956481855,0.0129603219129637,0.0,0.1,0.2,0.0,0.0,7,0,0.9654275045882416,0.6480160956481855,decision_level_baseline_vs_candidate_path_memory_gap_audit,outer_loop_spatial_flow_belief_safe_explore_exploit_memory_v2_2
balanced_cluster,spatial_flow_belief_memory_h10,10,final_heldout,2,r10_l7_full_domain_randomisation_arena_wide_training,r10_l7_full_domain_randomisation_arena_wide_training,r10_balanced_cluster_spatial_flow_belief_memory_h10_final_0002,3,inflight_recovery_edge,recoverable_degraded,safe_exit_or_recovery_handoff,primvar_safe_exit_or_recovery_handoff_transition_object_89fe6c2843f5,baseline_and_memory_winner_match,True,primvar_safe_exit_or_recovery_handoff_transition_object_89fe6c2843f5,primvar_safe_exit_or_recovery_handoff_transition_object_89fe6c2843f5,0.0,0.0,0.03,0.0,1.0,0.0003749899563781,0.0003749899563781,0.0,0.0,0.0299890665238953,0.7079476753400737,0.0141589535068014,0.0,0.1,0.2,0.0,0.0,7,0,0.9700109334761048,0.7079476753400737,decision_level_baseline_vs_candidate_path_memory_gap_audit,outer_loop_spatial_flow_belief_safe_explore_exploit_memory_v2_2
balanced_cluster,spatial_flow_belief_memory_h10,10,final_heldout,2,r10_l7_full_domain_randomisation_arena_wide_training,r10_l7_full_domain_randomisation_arena_wide_training,r10_balanced_cluster_spatial_flow_belief_memory_h10_final_0002,4,inflight_recovery_edge,recoverable_degraded,safe_exit_or_recovery_handoff,primvar_safe_exit_or_recovery_handoff_transition_object_89fe6c2843f5,baseline_and_memory_winner_match,True,primvar_safe_exit_or_recovery_handoff_transition_object_89fe6c2843f5,primvar_safe_exit_or_recovery_handoff_transition_object_89fe6c2843f5,0.0,0.0,0.03,0.0,1.0,0.0004374000488854,0.0004374000488854,0.0,0.0,0.0320053488932232,0.7731239051956509,0.015462478103913,0.0,0.1,0.2,0.0,0.0,7,0,0.9679946511067768,0.7731239051956509,decision_level_baseline_vs_candidate_path_memory_gap_audit,outer_loop_spatial_flow_belief_safe_explore_exploit_memory_v2_2
balanced_cluster,spatial_flow_belief_memory_h10,10,final_heldout,2,r10_l7_full_domain_randomisation_arena_wide_training,r10_l7_full_domain_randomisation_arena_wide_training,r10_balanced_cluster_spatial_flow_belief_memory_h10_final_0002,5,inflight_recovery_edge,recoverable_degraded,safe_exit_or_recovery_handoff,primvar_safe_exit_or_recovery_handoff_transition_object_89fe6c2843f5,baseline_and_memory_winner_match,True,primvar_safe_exit_or_recovery_handoff_transition_object_89fe6c2843f5,primvar_safe_exit_or_recovery_handoff_transition_object_89fe6c2843f5,0.0,0.0,0.03,0.0,1.0,0.0003077252079518,0.0003077252079518,0.0,0.0,0.0329977017263091,0.8524764610502369,0.0170495292210047,0.0,0.1,0.2,0.0,0.0,2,0,0.9670022982736908,0.8524764610502369,decision_level_baseline_vs_candidate_path_memory_gap_audit,outer_loop_spatial_flow_belief_safe_explore_exploit_memory_v2_2
balanced_cluster,spatial_flow_belief_memory_h10,10,final_heldout,2,r10_l7_full_domain_randomisation_arena_wide_training,r10_l7_full_domain_randomisation_arena_wide_training,r10_balanced_cluster_spatial_flow_belief_memory_h10_final_0002,6,inflight_recovery_edge,recoverable_degraded,safe_exit_or_recovery_handoff,primvar_safe_exit_or_recovery_handoff_transition_object_89fe6c2843f5,baseline_and_memory_winner_match,True,primvar_safe_exit_or_recovery_handoff_transition_object_89fe6c2843f5,primvar_safe_exit_or_recovery_handoff_transition_object_89fe6c2843f5,0.0,0.0,0.03,0.0,1.0,8.360292229725452e-06,8.360292229725452e-06,0.0,0.0,0.0344933833967232,0.9501604423337604,0.0190032088466752,0.0,0.1,0.2,0.0,0.0,0,0,0.9655066166032767,0.9501604423337604,decision_level_baseline_vs_candidate_path_memory_gap_audit,outer_loop_spatial_flow_belief_safe_explore_exploit_memory_v2_2
balanced_cluster,spatial_flow_belief_memory_h10,10,final_heldout,2,r10_l7_full_domain_randomisation_arena_wide_training,r10_l7_full_domain_randomisation_arena_wide_training,r10_balanced_cluster_spatial_flow_belief_memory_h10_final_0002,7,inflight_recovery_edge,recoverable_degraded,safe_exit_or_recovery_handoff,primvar_safe_exit_or_recovery_handoff_transition_object_89fe6c2843f5,baseline_and_memory_winner_match,True,primvar_safe_exit_or_recovery_handoff_transition_object_89fe6c2843f5,primvar_safe_exit_or_recovery_handoff_transition_object_89fe6c2843f5,0.0,0.0,0.03,0.0,1.0,-0.0002901789351199,-0.0002901789351199,0.0,0.0,0.0401651169741961,0.959834883025804,0.019196697660516,0.0,0.1,0.2,0.0,0.0,0,0,0.959834883025804,0.959834883025804,decision_level_baseline_vs_candidate_path_memory_gap_audit,outer_loop_spatial_flow_belief_safe_explore_exploit_memory_v2_2
balanced_cluster,spatial_flow_belief_memory_h10,10,final_heldout,2,r10_l7_full_domain_randomisation_arena_wide_training,r10_l7_full_domain_randomisation_arena_wide_training,r10_balanced_cluster_spatial_flow_belief_memory_h10_final_0002,8,inflight_boundary_near,boundary_near,energy_retaining_bank,primvar_energy_retaining_bank_transition_object_f378f7a74cce,baseline_and_memory_winner_match,True,primvar_energy_retaining_bank_transition_object_f378f7a74cce,primvar_energy_retaining_bank_transition_object_f378f7a74cce,0.0,0.0,0.03,0.0,1.0,-0.0003955826679444,-0.0003955826679444,0.0,0.0,0.0355108574120756,0.9644891425879244,0.0192897828517584,0.0,0.1,0.2,0.0,0.0,0,0,0.9644891425879244,0.9644891425879244,decision_level_baseline_vs_candidate_path_memory_gap_audit,outer_loop_spatial_flow_belief_safe_explore_exploit_memory_v2_2
balanced_cluster,spatial_flow_belief_memory_h10,10,final_heldout,2,r10_l7_full_domain_randomisation_arena_wide_training,r10_l7_full_domain_randomisation_arena_wide_training,r10_balanced_cluster_spatial_flow_belief_memory_h10_final_0002,9,inflight_boundary_near,boundary_near,energy_retaining_bank,primvar_energy_retaining_bank_transition_object_f378f7a74cce,baseline_and_memory_winner_match,True,primvar_energy_retaining_bank_transition_object_f378f7a74cce,primvar_energy_retaining_bank_transition_object_f378f7a74cce,0.0,0.0,0.03,0.0,1.0,-0.0002753686112595,-0.0002753686112595,0.0,0.0,0.0288742421855637,0.9711257578144362,0.0194225151562887,0.0,0.1,0.2,0.0,0.0,0,0,0.9711257578144362,0.9711257578144362,decision_level_baseline_vs_candidate_path_memory_gap_audit,outer_loop_spatial_flow_belief_safe_explore_exploit_memory_v2_2
balanced_cluster,spatial_flow_belief_memory_h10,10,final_heldout,2,r10_l7_full_domain_randomisation_arena_wide_training,r10_l7_full_domain_randomisation_arena_wide_training,r10_balanced_cluster_spatial_flow_belief_memory_h10_final_0002,10,inflight_boundary_near,boundary_near,energy_retaining_bank,primvar_energy_retaining_bank_transition_object_f378f7a74cce,baseline_and_memory_winner_match,True,primvar_energy_retaining_bank_transition_object_f378f7a74cce,primvar_energy_retaining_bank_transition_object_f378f7a74cce,0.0,0.0,0.03,0.0,1.0,-0.0003956849865678,-0.0003956849865678,0.0,0.0,0.0407576149502528,0.9592423850497472,0.0191848477009949,0.0,0.1,0.2,0.0,0.0,0,0,0.9592423850497472,0.9592423850497472,decision_level_baseline_vs_candidate_path_memory_gap_audit,outer_loop_spatial_flow_belief_safe_explore_exploit_memory_v2_2
balanced_cluster,spatial_flow_belief_memory_h10,10,final_heldout,2,r10_l7_full_domain_randomisation_arena_wide_training,r10_l7_full_domain_randomisation_arena_wide_training,r10_balanced_cluster_spatial_flow_belief_memory_h10_final_0002,11,inflight_boundary_near,boundary_near,lift_entry,primvar_lift_entry_transition_object_28b2b3339374,baseline_and_memory_winner_match,True,primvar_lift_entry_transition_object_28b2b3339374,primvar_lift_entry_transition_object_28b2b3339374,0.0,0.0,0.03,0.0,1.0,-0.0002399838663162,-0.0002399838663162,0.0,0.0,0.0265990489947102,0.9734009510052898,0.0194680190201057,0.0,0.1,0.2,0.0,0.0,0,0,0.9734009510052898,0.9734009510052898,decision_level_baseline_vs_candidate_path_memory_gap_audit,outer_loop_spatial_flow_belief_safe_explore_exploit_memory_v2_2
balanced_cluster,spatial_flow_belief_memory_h10,10,final_heldout,6,r10_l7_full_domain_randomisation_arena_wide_training,r10_l7_full_domain_randomisation_arena_wide_training,r10_balanced_cluster_spatial_flow_belief_memory_h10_final_0006,0,launch_gate,launch_gate,mild_turn_left,primvar_mild_turn_left_transition_object_c5942d118f74,baseline_and_memory_winner_match,True,primvar_mild_turn_left_transition_object_c5942d118f74,primvar_mild_turn_left_transition_object_c5942d118f74,0.0,0.0,0.03,0.0,1.0,7.72833242167481e-05,7.72833242167481e-05,0.0,0.0,0.0097078108887539,0.6331046911551945,0.0126620938231038,0.0,0.1,0.2,0.0,0.0,7,0,0.990292189111246,0.6331046911551945,decision_level_baseline_vs_candidate_path_memory_gap_audit,outer_loop_spatial_flow_belief_safe_explore_exploit_memory_v2_2
balanced_cluster,spatial_flow_belief_memory_h10,10,final_heldout,6,r10_l7_full_domain_randomisation_arena_wide_training,r10_l7_full_domain_randomisation_arena_wide_training,r10_balanced_cluster_spatial_flow_belief_memory_h10_final_0006,1,inflight_nominal,inflight_stable,lift_entry,primvar_lift_entry_transition_object_cbc5fe69f0f0,baseline_and_memory_winner_match,True,primvar_lift_entry_transition_object_cbc5fe69f0f0,primvar_lift_entry_transition_object_cbc5fe69f0f0,0.0,0.0,0.03,0.0,1.0,0.0002233159155271,0.0002233159155271,0.0,0.0,0.0356925156299321,0.6198207391136973,0.0123964147822739,0.0,0.1,0.2,0.0,0.0,7,0,0.964307484370068,0.6198207391136973,decision_level_baseline_vs_candidate_path_memory_gap_audit,outer_loop_spatial_flow_belief_safe_explore_exploit_memory_v2_2
balanced_cluster,spatial_flow_belief_memory_h10,10,final_heldout,6,r10_l7_full_domain_randomisation_arena_wide_training,r10_l7_full_domain_randomisation_arena_wide_training,r10_balanced_cluster_spatial_flow_belief_memory_h10_final_0006,2,inflight_recovery_edge,recoverable_degraded,safe_exit_or_recovery_handoff,primvar_safe_exit_or_recovery_handoff_transition_object_89fe6c2843f5,baseline_and_memory_winner_match,True,primvar_safe_exit_or_recovery_handoff_transition_object_89fe6c2843f5,primvar_safe_exit_or_recovery_handoff_transition_object_89fe6c2843f5,0.0,0.0,0.03,0.0,1.0,0.000262340254447,0.000262340254447,0.0,0.0,0.0358403661019077,0.6644794386184834,0.0132895887723696,0.0,0.1,0.2,0.0,0.0,7,0,0.9641596338980922,0.6644794386184834,decision_level_baseline_vs_candidate_path_memory_gap_audit,outer_loop_spatial_flow_belief_safe_explore_exploit_memory_v2_2
balanced_cluster,spatial_flow_belief_memory_h10,10,final_heldout,6,r10_l7_full_domain_randomisation_arena_wide_training,r10_l7_full_domain_randomisation_arena_wide_training,r10_balanced_cluster_spatial_flow_belief_memory_h10_final_0006,3,inflight_recovery_edge,recoverable_degraded,safe_exit_or_recovery_handoff,primvar_safe_exit_or_recovery_handoff_transition_object_89fe6c2843f5,baseline_and_memory_winner_match,True,primvar_safe_exit_or_recovery_handoff_transition_object_89fe6c2843f5,primvar_safe_exit_or_recovery_handoff_transition_object_89fe6c2843f5,0.0,0.0,0.03,0.0,1.0,0.0002386945043023,0.0002386945043023,0.0,0.0,0.0369804772101352,0.7142969649598718,0.0142859392991974,0.0,0.1,0.2,0.0,0.0,7,0,0.9630195227898648,0.7142969649598718,decision_level_baseline_vs_candidate_path_memory_gap_audit,outer_loop_spatial_flow_belief_safe_explore_exploit_memory_v2_2
balanced_cluster,spatial_flow_belief_memory_h10,10,final_heldout,6,r10_l7_full_domain_randomisation_arena_wide_training,r10_l7_full_domain_randomisation_arena_wide_training,r10_balanced_cluster_spatial_flow_belief_memory_h10_final_0006,4,inflight_recovery_edge,recoverable_degraded,safe_exit_or_recovery_handoff,primvar_safe_exit_or_recovery_handoff_transition_object_295e4572e0ce,baseline_and_memory_winner_match,True,primvar_safe_exit_or_recovery_handoff_transition_object_295e4572e0ce,primvar_safe_exit_or_recovery_handoff_transition_object_295e4572e0ce,0.0,0.0,0.03,0.0,1.0,0.0002032123263067,0.0002032123263067,0.0,0.0,0.0376148563624598,0.5580452815395641,0.0111609056307912,0.0,0.1,0.2,0.0,0.0,7,0,0.96238514363754,0.5580452815395641,decision_level_baseline_vs_candidate_path_memory_gap_audit,outer_loop_spatial_flow_belief_safe_explore_exploit_memory_v2_2
balanced_cluster,spatial_flow_belief_memory_h10,10,final_heldout,6,r10_l7_full_domain_randomisation_arena_wide_training,r10_l7_full_domain_randomisation_arena_wide_training,r10_balanced_cluster_spatial_flow_belief_memory_h10_final_0006,5,inflight_recovery_edge,recoverable_degraded,safe_exit_or_recovery_handoff,primvar_safe_exit_or_recovery_handoff_transition_object_295e4572e0ce,baseline_and_memory_winner_match,True,primvar_safe_exit_or_recovery_handoff_transition_object_295e4572e0ce,primvar_safe_exit_or_recovery_handoff_transition_object_295e4572e0ce,0.0,0.0,0.03,0.0,1.0,0.0001169673660393,0.0001169673660393,0.0,0.0,0.0372584809413886,0.5953329115486959,0.0119066582309739,0.0,0.1,0.2,0.0,0.0,7,0,0.9627415190586114,0.5953329115486959,decision_level_baseline_vs_candidate_path_memory_gap_audit,outer_loop_spatial_flow_belief_safe_explore_exploit_memory_v2_2
balanced_cluster,spatial_flow_belief_memory_h10,10,final_heldout,6,r10_l7_full_domain_randomisation_arena_wide_training,r10_l7_full_domain_randomisation_arena_wide_training,r10_balanced_cluster_spatial_flow_belief_memory_h10_final_0006,6,inflight_recovery_edge,recoverable_degraded,safe_exit_or_recovery_handoff,primvar_safe_exit_or_recovery_handoff_transition_object_295e4572e0ce,baseline_and_memory_winner_match,True,primvar_safe_exit_or_recovery_handoff_transition_object_295e4572e0ce,primvar_safe_exit_or_recovery_handoff_transition_object_295e4572e0ce,0.0,0.0,0.03,0.0,1.0,1.1940377345032172e-05,1.1940377345032172e-05,0.0,0.0,0.0357729209592214,0.6360839570437794,0.0127216791408755,0.0,0.1,0.2,4.158995555054391e-13,1.7188921138749922e-10,7,4,0.9642270790407784,0.6360839570437794,decision_level_baseline_vs_candidate_path_memory_gap_audit,outer_loop_spatial_flow_belief_safe_explore_exploit_memory_v2_2
balanced_cluster,spatial_flow_belief_memory_h10,10,final_heldout,6,r10_l7_full_domain_randomisation_arena_wide_training,r10_l7_full_domain_randomisation_arena_wide_training,r10_balanced_cluster_spatial_flow_belief_memory_h10_final_0006,7,inflight_recovery_edge,recoverable_degraded,safe_exit_or_recovery_handoff,primvar_safe_exit_or_recovery_handoff_transition_object_295e4572e0ce,baseline_and_memory_winner_match,True,primvar_safe_exit_or_recovery_handoff_transition_object_295e4572e0ce,primvar_safe_exit_or_recovery_handoff_transition_object_295e4572e0ce,0.0,0.0,0.03,0.0,1.0,-8.386938753066064e-05,-8.386938753066064e-05,0.0,0.0,0.0336890966580846,0.6805534482037956,0.0136110689640759,0.0,0.1,0.2,4.81575315518141e-13,2.0386525159183048e-10,7,4,0.9663109033419154,0.6805534482037956,decision_level_baseline_vs_candidate_path_memory_gap_audit,outer_loop_spatial_flow_belief_safe_explore_exploit_memory_v2_2
balanced_cluster,spatial_flow_belief_memory_h10,10,final_heldout,6,r10_l7_full_domain_randomisation_arena_wide_training,r10_l7_full_domain_randomisation_arena_wide_training,r10_balanced_cluster_spatial_flow_belief_memory_h10_final_0006,8,inflight_recovery_edge,recoverable_degraded,safe_exit_or_recovery_handoff,primvar_safe_exit_or_recovery_handoff_transition_object_295e4572e0ce,baseline_and_memory_winner_match,True,primvar_safe_exit_or_recovery_handoff_transition_object_295e4572e0ce,primvar_safe_exit_or_recovery_handoff_transition_object_295e4572e0ce,0.0,0.0,0.03,0.0,1.0,-0.0001816172374103,-0.0001816172374103,0.0,0.0,0.0349464358950398,0.7192671470802552,0.0143853429416051,0.0,0.1,0.2,0.0,0.0,5,0,0.96505356410496,0.7192671470802552,decision_level_baseline_vs_candidate_path_memory_gap_audit,outer_loop_spatial_flow_belief_safe_explore_exploit_memory_v2_2
balanced_cluster,spatial_flow_belief_memory_h10,10,final_heldout,6,r10_l7_full_domain_randomisation_arena_wide_training,r10_l7_full_domain_randomisation_arena_wide_training,r10_balanced_cluster_spatial_flow_belief_memory_h10_final_0006,9,inflight_boundary_near,boundary_near,mild_turn_left,primvar_mild_turn_left_transition_object_8f717fa6b160,baseline_and_memory_winner_match,True,primvar_mild_turn_left_transition_object_8f717fa6b160,primvar_mild_turn_left_transition_object_8f717fa6b160,0.0,0.0,0.03,0.0,1.0,-0.000239493522512,-0.000239493522512,0.0,0.0,0.0322194964143915,0.7655641896853448,0.0153112837937068,0.0,0.1,0.2,0.0,0.0,0,0,0.9677805035856084,0.7655641896853448,decision_level_baseline_vs_candidate_path_memory_gap_audit,outer_loop_spatial_flow_belief_safe_explore_exploit_memory_v2_2
balanced_cluster,spatial_flow_belief_memory_h10,10,final_heldout,6,r10_l7_full_domain_randomisation_arena_wide_training,r10_l7_full_domain_randomisation_arena_wide_training,r10_balanced_cluster_spatial_flow_belief_memory_h10_final_0006,10,inflight_boundary_near,boundary_near,mild_turn_left,primvar_mild_turn_left_transition_object_8f717fa6b160,baseline_and_memory_winner_match,True,primvar_mild_turn_left_transition_object_8f717fa6b160,primvar_mild_turn_left_transition_object_8f717fa6b160,0.0,0.0,0.03,0.0,1.0,-0.0002916707314258,-0.0002916707314258,0.0,0.0,0.0421233144652504,0.749705046926321,0.0149941009385264,0.0,0.1,0.2,0.0,0.0,0,0,0.9578766855347496,0.749705046926321,decision_level_baseline_vs_candidate_path_memory_gap_audit,outer_loop_spatial_flow_belief_safe_explore_exploit_memory_v2_2
balanced_cluster,spatial_flow_belief_memory_h10,10,final_heldout,6,r10_l7_full_domain_randomisation_arena_wide_training,r10_l7_full_domain_randomisation_arena_wide_training,r10_balanced_cluster_spatial_flow_belief_memory_h10_final_0006,11,inflight_boundary_near,boundary_near,mild_turn_left,primvar_mild_turn_left_transition_object_8f717fa6b160,baseline_and_memory_winner_match,True,primvar_mild_turn_left_transition_object_8f717fa6b160,primvar_mild_turn_left_transition_object_8f717fa6b160,0.0,0.0,0.03,0.0,1.0,-0.0003375339291848,-0.0003375339291848,0.0,0.0,0.0409749169932505,0.7009397241110212,0.0140187944822204,0.0,0.1,0.2,0.0,0.0,0,0,0.9590250830067494,0.7009397241110212,decision_level_baseline_vs_candidate_path_memory_gap_audit,outer_loop_spatial_flow_belief_safe_explore_exploit_memory_v2_2
balanced_cluster,spatial_flow_belief_memory_h10,10,final_heldout,6,r10_l7_full_domain_randomisation_arena_wide_training,r10_l7_full_domain_randomisation_arena_wide_training,r10_balanced_cluster_spatial_flow_belief_memory_h10_final_0006,12,inflight_boundary_near,boundary_near,mild_turn_left,primvar_mild_turn_left_transition_object_8f717fa6b160,baseline_and_memory_winner_match,True,primvar_mild_turn_left_transition_object_8f717fa6b160,primvar_mild_turn_left_transition_object_8f717fa6b160,0.0,0.0,0.03,0.0,1.0,-0.000300589413135,-0.000300589413135,0.0,0.0,0.0329235542047107,0.5947155223738987,0.0118943104474779,0.0,0.1,0.2,0.0,0.0,0,0,0.9670764457952892,0.5947155223738987,decision_level_baseline_vs_candidate_path_memory_gap_audit,outer_loop_spatial_flow_belief_safe_explore_exploit_memory_v2_2
balanced_cluster,spatial_flow_belief_memory_h10,10,final_heldout,6,r10_l7_full_domain_randomisation_arena_wide_training,r10_l7_full_domain_randomisation_arena_wide_training,r10_balanced_cluster_spatial_flow_belief_memory_h10_final_0006,13,inflight_boundary_near,boundary_near,mild_turn_left,primvar_mild_turn_left_transition_object_8f717fa6b160,baseline_and_memory_winner_match,True,primvar_mild_turn_left_transition_object_8f717fa6b160,primvar_mild_turn_left_transition_object_8f717fa6b160,0.0,0.0,0.03,0.0,1.0,-0.0003176048772842,-0.0003176048772842,0.0,0.0,0.0329210931105821,0.3958455104208194,0.0079169102084163,0.0,0.1,0.2,0.0,0.0,0,0,0.9670789068894178,0.3958455104208194,decision_level_baseline_vs_candidate_path_memory_gap_audit,outer_loop_spatial_flow_belief_safe_explore_exploit_memory_v2_2
balanced_cluster,spatial_flow_belief_memory_h10,10,final_heldout,3,r10_l7_full_domain_randomisation_arena_wide_training,r10_l7_full_domain_randomisation_arena_wide_training,r10_balanced_cluster_spatial_flow_belief_memory_h10_final_0003,0,launch_gate,launch_gate,lift_dwell_arc,primvar_lift_dwell_arc_transition_object_3319bf584ff9,baseline_and_memory_winner_match,True,primvar_lift_dwell_arc_transition_object_3319bf584ff9,primvar_lift_dwell_arc_transition_object_3319bf584ff9,0.0,0.0,0.03,0.0,1.0,2.6301548265772468e-05,2.6301548265772468e-05,0.0,0.0,0.0234904521346265,0.7312700898041298,0.0146254017960825,0.0,0.1,0.2,0.0,0.0,7,0,0.9765095478653736,0.7312700898041298,decision_level_baseline_vs_candidate_path_memory_gap_audit,outer_loop_spatial_flow_belief_safe_explore_exploit_memory_v2_2
balanced_cluster,spatial_flow_belief_memory_h10,10,final_heldout,3,r10_l7_full_domain_randomisation_arena_wide_training,r10_l7_full_domain_randomisation_arena_wide_training,r10_balanced_cluster_spatial_flow_belief_memory_h10_final_0003,1,inflight_boundary_near,boundary_near,lift_dwell_arc,primvar_lift_dwell_arc_transition_object_429425bf6b2c,baseline_and_memory_winner_match,True,primvar_lift_dwell_arc_transition_object_429425bf6b2c,primvar_lift_dwell_arc_transition_object_429425bf6b2c,0.0,0.0,0.03,0.0,1.0,1.871362743099958e-05,1.871362743099958e-05,0.0,0.0,0.0416153479158012,0.7917087915695095,0.0158341758313901,0.0,0.1,0.2,2.487133701598924e-11,1.9446127928631305e-08,7,2,0.9583846520841988,0.7917087915695095,decision_level_baseline_vs_candidate_path_memory_gap_audit,outer_loop_spatial_flow_belief_safe_explore_exploit_memory_v2_2
balanced_cluster,spatial_flow_belief_memory_h10,10,final_heldout,3,r10_l7_full_domain_randomisation_arena_wide_training,r10_l7_full_domain_randomisation_arena_wide_training,r10_balanced_cluster_spatial_flow_belief_memory_h10_final_0003,2,inflight_boundary_near,boundary_near,lift_dwell_arc,primvar_lift_dwell_arc_transition_object_429425bf6b2c,baseline_and_memory_winner_match,True,primvar_lift_dwell_arc_transition_object_429425bf6b2c,primvar_lift_dwell_arc_transition_object_429425bf6b2c,0.0,0.0,0.03,0.0,1.0,1.3645019064645323e-05,1.3645019064645323e-05,0.0,0.0,0.0343456967463409,0.8963702192970951,0.0179274043859419,0.0,0.1,0.2,0.0,0.0,1,0,0.965654303253659,0.8963702192970951,decision_level_baseline_vs_candidate_path_memory_gap_audit,outer_loop_spatial_flow_belief_safe_explore_exploit_memory_v2_2
balanced_cluster,spatial_flow_belief_memory_h10,10,final_heldout,3,r10_l7_full_domain_randomisation_arena_wide_training,r10_l7_full_domain_randomisation_arena_wide_training,r10_balanced_cluster_spatial_flow_belief_memory_h10_final_0003,3,inflight_boundary_near,boundary_near,lift_entry,primvar_lift_entry_transition_object_7cbbfa819927,baseline_and_memory_winner_match,True,primvar_lift_entry_transition_object_7cbbfa819927,primvar_lift_entry_transition_object_7cbbfa819927,0.0,0.0,0.03,0.0,1.0,1.016979570689358e-05,1.016979570689358e-05,0.0,0.0,0.04239992294427,0.95760007705573,0.0191520015411146,0.0,0.1,0.2,0.0,0.0,0,0,0.95760007705573,0.95760007705573,decision_level_baseline_vs_candidate_path_memory_gap_audit,outer_loop_spatial_flow_belief_safe_explore_exploit_memory_v2_2
balanced_cluster,spatial_flow_belief_memory_h10,10,final_heldout,3,r10_l7_full_domain_randomisation_arena_wide_training,r10_l7_full_domain_randomisation_arena_wide_training,r10_balanced_cluster_spatial_flow_belief_memory_h10_final_0003,4,inflight_boundary_near,boundary_near,lift_entry,primvar_lift_entry_transition_object_7cbbfa819927,baseline_and_memory_winner_match,True,primvar_lift_entry_transition_object_7cbbfa819927,primvar_lift_entry_transition_object_7cbbfa819927,0.0,0.0,0.03,0.0,1.0,-7.052998775236574e-06,-7.052998775236574e-06,0.0,0.0,0.0268441283959823,0.9731558716040176,0.0194631174320803,0.0,0.1,0.2,0.0,0.0,0,0,0.9731558716040176,0.9731558716040176,decision_level_baseline_vs_candidate_path_memory_gap_audit,outer_loop_spatial_flow_belief_safe_explore_exploit_memory_v2_2
balanced_cluster,spatial_flow_belief_memory_h10,10,final_heldout,3,r10_l7_full_domain_randomisation_arena_wide_training,r10_l7_full_domain_randomisation_arena_wide_training,r10_balanced_cluster_spatial_flow_belief_memory_h10_final_0003,5,inflight_boundary_near,boundary_near,lift_dwell_arc,primvar_lift_dwell_arc_transition_object_429425bf6b2c,baseline_and_memory_winner_match,True,primvar_lift_dwell_arc_transition_object_429425bf6b2c,primvar_lift_dwell_arc_transition_object_429425bf6b2c,0.0,0.0,0.03,0.0,1.0,-1.27693506390969e-05,-1.27693506390969e-05,0.0,0.0,0.0290772283027666,0.9709227716972334,0.0194184554339446,0.0,0.1,0.2,0.0,0.0,0,0,0.9709227716972334,0.9709227716972334,decision_level_baseline_vs_candidate_path_memory_gap_audit,outer_loop_spatial_flow_belief_safe_explore_exploit_memory_v2_2
balanced_cluster,spatial_flow_belief_memory_h10,10,final_heldout,3,r10_l7_full_domain_randomisation_arena_wide_training,r10_l7_full_domain_randomisation_arena_wide_training,r10_balanced_cluster_spatial_flow_belief_memory_h10_final_0003,6,inflight_boundary_near,boundary_near,recovery,primvar_recovery_transition_object_5e492c9a9375,baseline_and_memory_winner_match,True,primvar_recovery_transition_object_5e492c9a9375,primvar_recovery_transition_object_5e492c9a9375,0.0,0.0,0.03,0.0,1.0,-2.9306390080030557e-05,-2.9306390080030557e-05,0.0,0.0,0.0368317470791501,0.9631682529208498,0.0192633650584169,0.0,0.1,0.2,0.0,0.0,0,0,0.9631682529208498,0.9631682529208498,decision_level_baseline_vs_candidate_path_memory_gap_audit,outer_loop_spatial_flow_belief_safe_explore_exploit_memory_v2_2
balanced_cluster,spatial_flow_belief_memory_h10,10,final_heldout,3,r10_l7_full_domain_randomisation_arena_wide_training,r10_l7_full_domain_randomisation_arena_wide_training,r10_balanced_cluster_spatial_flow_belief_memory_h10_final_0003,7,inflight_boundary_near,boundary_near,recovery,primvar_recovery_transition_object_5e492c9a9375,baseline_and_memory_winner_match,True,primvar_recovery_transition_object_5e492c9a9375,primvar_recovery_transition_object_5e492c9a9375,0.0,0.0,0.03,0.0,1.0,-2.115510313993596e-05,-2.115510313993596e-05,0.0,0.0,0.0225152685723376,0.9774847314276623,0.0195496946285532,0.0,0.1,0.2,0.0,0.0,0,0,0.9774847314276623,0.9774847314276623,decision_level_baseline_vs_candidate_path_memory_gap_audit,outer_loop_spatial_flow_belief_safe_explore_exploit_memory_v2_2
balanced_cluster,spatial_flow_belief_memory_h10,10,final_heldout,7,r10_l7_full_domain_randomisation_arena_wide_training,r10_l7_full_domain_randomisation_arena_wide_training,r10_balanced_cluster_spatial_flow_belief_memory_h10_final_0007,0,launch_gate,launch_gate,lift_entry,primvar_lift_entry_transition_object_98afa4aae6f0,baseline_and_memory_winner_match,True,primvar_lift_entry_transition_object_98afa4aae6f0,primvar_lift_entry_transition_object_98afa4aae6f0,0.0,0.0,0.03,0.0,1.0,-1.1158022134027943e-05,-1.1158022134027943e-05,0.0,0.0,0.0068430229074117,0.4810328581988727,0.0096206571639774,0.0,0.1,0.2,0.0,0.0,7,0,0.9931569770925884,0.4810328581988727,decision_level_baseline_vs_candidate_path_memory_gap_audit,outer_loop_spatial_flow_belief_safe_explore_exploit_memory_v2_2
balanced_cluster,spatial_flow_belief_memory_h10,10,final_heldout,7,r10_l7_full_domain_randomisation_arena_wide_training,r10_l7_full_domain_randomisation_arena_wide_training,r10_balanced_cluster_spatial_flow_belief_memory_h10_final_0007,1,inflight_nominal,inflight_stable,glide,primvar_glide_transition_object_9fabfcb9ede1,baseline_and_memory_winner_match,True,primvar_glide_transition_object_9fabfcb9ede1,primvar_glide_transition_object_9fabfcb9ede1,0.0,0.0,0.03,0.0,1.0,-0.0002260751779741,-0.0002260751779741,0.0,0.0,0.0978166753964524,0.4526498304301917,0.0090529966086038,0.0,0.1,0.2,0.0,0.0,7,0,0.9021833246035476,0.4526498304301917,decision_level_baseline_vs_candidate_path_memory_gap_audit,outer_loop_spatial_flow_belief_safe_explore_exploit_memory_v2_2
balanced_cluster,spatial_flow_belief_memory_h10,10,final_heldout,7,r10_l7_full_domain_randomisation_arena_wide_training,r10_l7_full_domain_randomisation_arena_wide_training,r10_balanced_cluster_spatial_flow_belief_memory_h10_final_0007,2,inflight_nominal,inflight_stable,glide,primvar_glide_transition_object_9fabfcb9ede1,baseline_and_memory_winner_match,True,primvar_glide_transition_object_9fabfcb9ede1,primvar_glide_transition_object_9fabfcb9ede1,0.0,0.0,0.03,0.0,1.0,-0.0002370921810244,-0.0002370921810244,0.0,0.0,0.0591988870174405,0.4908196198844507,0.009816392397689,0.0,0.1,0.2,0.0,0.0,7,0,0.9408011129825594,0.4908196198844507,decision_level_baseline_vs_candidate_path_memory_gap_audit,outer_loop_spatial_flow_belief_safe_explore_exploit_memory_v2_2
balanced_cluster,spatial_flow_belief_memory_h10,10,final_heldout,7,r10_l7_full_domain_randomisation_arena_wide_training,r10_l7_full_domain_randomisation_arena_wide_training,r10_balanced_cluster_spatial_flow_belief_memory_h10_final_0007,3,inflight_nominal,inflight_stable,lift_dwell_arc,primvar_lift_dwell_arc_transition_object_f5212e7a8993,baseline_and_memory_winner_match,True,primvar_lift_dwell_arc_transition_object_f5212e7a8993,primvar_lift_dwell_arc_transition_object_f5212e7a8993,0.0,0.0,0.03,0.0,1.0,-0.0003466467800219,-0.0003466467800219,0.0,0.0,0.0811785869188494,0.5511069751812906,0.0110221395036258,0.0,0.1,0.2,0.0,0.0,7,0,0.9188214130811504,0.5511069751812906,decision_level_baseline_vs_candidate_path_memory_gap_audit,outer_loop_spatial_flow_belief_safe_explore_exploit_memory_v2_2
balanced_cluster,spatial_flow_belief_memory_h10,10,final_heldout,7,r10_l7_full_domain_randomisation_arena_wide_training,r10_l7_full_domain_randomisation_arena_wide_training,r10_balanced_cluster_spatial_flow_belief_memory_h10_final_0007,4,inflight_nominal,inflight_stable,lift_dwell_arc,primvar_lift_dwell_arc_transition_object_f5212e7a8993,baseline_and_memory_winner_match,True,primvar_lift_dwell_arc_transition_object_f5212e7a8993,primvar_lift_dwell_arc_transition_object_f5212e7a8993,0.0,0.0,0.03,0.0,1.0,-0.0002800108328591,-0.0002800108328591,0.0,0.0,0.0793639282727,0.5812012608813515,0.011624025217627,0.0,0.1,0.2,0.0,0.0,7,0,0.9206360717273,0.5812012608813515,decision_level_baseline_vs_candidate_path_memory_gap_audit,outer_loop_spatial_flow_belief_safe_explore_exploit_memory_v2_2
balanced_cluster,spatial_flow_belief_memory_h10,10,final_heldout,7,r10_l7_full_domain_randomisation_arena_wide_training,r10_l7_full_domain_randomisation_arena_wide_training,r10_balanced_cluster_spatial_flow_belief_memory_h10_final_0007,5,inflight_nominal,inflight_stable,lift_dwell_arc,primvar_lift_dwell_arc_transition_object_f5212e7a8993,baseline_and_memory_winner_match,True,primvar_lift_dwell_arc_transition_object_f5212e7a8993,primvar_lift_dwell_arc_transition_object_f5212e7a8993,0.0,0.0,0.03,0.0,1.0,-0.0003295958789928,-0.0003295958789928,0.0,0.0,0.0493528990032504,0.6349267337002463,0.0126985346740049,0.0,0.1,0.2,0.0,0.0,7,0,0.9506471009967496,0.6349267337002463,decision_level_baseline_vs_candidate_path_memory_gap_audit,outer_loop_spatial_flow_belief_safe_explore_exploit_memory_v2_2
balanced_cluster,spatial_flow_belief_memory_h10,10,final_heldout,7,r10_l7_full_domain_randomisation_arena_wide_training,r10_l7_full_domain_randomisation_arena_wide_training,r10_balanced_cluster_spatial_flow_belief_memory_h10_final_0007,6,inflight_nominal,inflight_stable,lift_dwell_arc,primvar_lift_dwell_arc_transition_object_f5212e7a8993,baseline_and_memory_winner_match,True,primvar_lift_dwell_arc_transition_object_f5212e7a8993,primvar_lift_dwell_arc_transition_object_f5212e7a8993,0.0,0.0,0.03,0.0,1.0,-0.0003077504741417,-0.0003077504741417,0.0,0.0,0.0312350110729941,0.6897290425541888,0.0137945808510837,0.0,0.1,0.2,0.0,0.0,7,0,0.968764988927006,0.6897290425541888,decision_level_baseline_vs_candidate_path_memory_gap_audit,outer_loop_spatial_flow_belief_safe_explore_exploit_memory_v2_2
balanced_cluster,spatial_flow_belief_memory_h10,10,final_heldout,7,r10_l7_full_domain_randomisation_arena_wide_training,r10_l7_full_domain_randomisation_arena_wide_training,r10_balanced_cluster_spatial_flow_belief_memory_h10_final_0007,7,inflight_nominal,inflight_stable,recovery,primvar_recovery_transition_object_4268876749b8,baseline_and_memory_winner_match,True,primvar_recovery_transition_object_4268876749b8,primvar_recovery_transition_object_4268876749b8,0.0,0.0,0.03,0.0,1.0,-0.0003734598459168,-0.0003734598459168,0.0,0.0,0.0376554269160357,0.7387430501185047,0.01477486100237,0.0,0.1,0.2,0.0,0.0,7,0,0.9623445730839644,0.7387430501185047,decision_level_baseline_vs_candidate_path_memory_gap_audit,outer_loop_spatial_flow_belief_safe_explore_exploit_memory_v2_2
balanced_cluster,spatial_flow_belief_memory_h10,10,final_heldout,7,r10_l7_full_domain_randomisation_arena_wide_training,r10_l7_full_domain_randomisation_arena_wide_training,r10_balanced_cluster_spatial_flow_belief_memory_h10_final_0007,8,inflight_nominal,inflight_stable,recovery,primvar_recovery_transition_object_4268876749b8,baseline_and_memory_winner_match,True,primvar_recovery_transition_object_4268876749b8,primvar_recovery_transition_object_4268876749b8,0.0,0.0,0.03,0.0,1.0,-0.0004615330250599,-0.0004615330250599,0.0,0.0,0.0425454118537739,0.8053841908474277,0.0161076838169485,0.0,0.1,0.2,0.0,0.0,3,0,0.957454588146226,0.8053841908474277,decision_level_baseline_vs_candidate_path_memory_gap_audit,outer_loop_spatial_flow_belief_safe_explore_exploit_memory_v2_2
balanced_cluster,spatial_flow_belief_memory_h10,10,final_heldout,7,r10_l7_full_domain_randomisation_arena_wide_training,r10_l7_full_domain_randomisation_arena_wide_training,r10_balanced_cluster_spatial_flow_belief_memory_h10_final_0007,9,inflight_boundary_near,boundary_near,safe_exit_or_recovery_handoff,primvar_safe_exit_or_recovery_handoff_transition_object_c6fd7c11ff80,baseline_and_memory_winner_match,True,primvar_safe_exit_or_recovery_handoff_transition_object_c6fd7c11ff80,primvar_safe_exit_or_recovery_handoff_transition_object_c6fd7c11ff80,0.0,0.0,0.03,0.0,1.0,-0.0004179483078485,-0.0004179483078485,0.0,0.0,0.0370938976560049,0.9049704850738794,0.0180994097014775,0.0,0.1,0.2,0.0,0.0,0,0,0.9629061023439952,0.9049704850738794,decision_level_baseline_vs_candidate_path_memory_gap_audit,outer_loop_spatial_flow_belief_safe_explore_exploit_memory_v2_2
balanced_cluster,spatial_flow_belief_memory_h10,10,final_heldout,7,r10_l7_full_domain_randomisation_arena_wide_training,r10_l7_full_domain_randomisation_arena_wide_training,r10_balanced_cluster_spatial_flow_belief_memory_h10_final_0007,10,inflight_boundary_near,boundary_near,,,,False,,,0.0,0.0,0.0,0.0,0.0,0.0,0.0,0.0,0.0,0.0,1.0,0.0,0.0,0.0,0.0,0.0,0.0,0,0,0.0,0.0,decision_level_baseline_vs_candidate_path_memory_gap_audit,outer_loop_spatial_flow_belief_safe_explore_exploit_memory_v2_2
balanced_cluster,spatial_flow_belief_memory_h10,10,final_heldout,4,r10_l7_full_domain_randomisation_arena_wide_training,r10_l7_full_domain_randomisation_arena_wide_training,r10_balanced_cluster_spatial_flow_belief_memory_h10_final_0004,0,launch_gate,launch_gate,glide,primvar_glide_transition_object_ad817af95d9e,baseline_and_memory_winner_match,True,primvar_glide_transition_object_ad817af95d9e,primvar_glide_transition_object_ad817af95d9e,0.0,0.0,0.03,0.0,1.0,0.000327198989624,0.000327198989624,0.0,0.0,0.0318911894145036,0.5767921903010426,0.0115358438060208,0.0,0.1,0.2,0.0,0.0,7,0,0.9681088105854964,0.5767921903010426,decision_level_baseline_vs_candidate_path_memory_gap_audit,outer_loop_spatial_flow_belief_safe_explore_exploit_memory_v2_2
balanced_cluster,spatial_flow_belief_memory_h10,10,final_heldout,4,r10_l7_full_domain_randomisation_arena_wide_training,r10_l7_full_domain_randomisation_arena_wide_training,r10_balanced_cluster_spatial_flow_belief_memory_h10_final_0004,1,inflight_nominal,inflight_stable,lift_entry,primvar_lift_entry_transition_object_cbc5fe69f0f0,baseline_and_memory_winner_match,True,primvar_lift_entry_transition_object_cbc5fe69f0f0,primvar_lift_entry_transition_object_cbc5fe69f0f0,0.0,0.0,0.03,0.0,1.0,0.0007611095674255,0.0007611095674255,0.0,0.0,0.0801270884225097,0.5805354536196855,0.0116107090723937,0.0,0.1,0.2,0.0,0.0,7,0,0.9198729115774904,0.5805354536196855,decision_level_baseline_vs_candidate_path_memory_gap_audit,outer_loop_spatial_flow_belief_safe_explore_exploit_memory_v2_2
balanced_cluster,spatial_flow_belief_memory_h10,10,final_heldout,4,r10_l7_full_domain_randomisation_arena_wide_training,r10_l7_full_domain_randomisation_arena_wide_training,r10_balanced_cluster_spatial_flow_belief_memory_h10_final_0004,2,inflight_recovery_edge,recoverable_degraded,safe_exit_or_recovery_handoff,primvar_safe_exit_or_recovery_handoff_transition_object_89fe6c2843f5,baseline_and_memory_winner_match,True,primvar_safe_exit_or_recovery_handoff_transition_object_89fe6c2843f5,primvar_safe_exit_or_recovery_handoff_transition_object_89fe6c2843f5,0.0,0.0,0.03,0.0,1.0,0.0002817067447566,0.0002817067447566,0.0,0.0,0.0249204333004395,0.6544123627386411,0.0130882472547728,0.0,0.1,0.2,0.0,0.0,7,0,0.9750795666995604,0.6544123627386411,decision_level_baseline_vs_candidate_path_memory_gap_audit,outer_loop_spatial_flow_belief_safe_explore_exploit_memory_v2_2
balanced_cluster,spatial_flow_belief_memory_h10,10,final_heldout,4,r10_l7_full_domain_randomisation_arena_wide_training,r10_l7_full_domain_randomisation_arena_wide_training,r10_balanced_cluster_spatial_flow_belief_memory_h10_final_0004,3,inflight_recovery_edge,recoverable_degraded,safe_exit_or_recovery_handoff,primvar_safe_exit_or_recovery_handoff_transition_object_89fe6c2843f5,baseline_and_memory_winner_match,True,primvar_safe_exit_or_recovery_handoff_transition_object_89fe6c2843f5,primvar_safe_exit_or_recovery_handoff_transition_object_89fe6c2843f5,0.0,0.0,0.03,0.0,1.0,0.0001086840169203,0.0001086840169203,0.0,0.0,0.0345022283139848,0.6956770828379858,0.0139135416567597,0.0,0.1,0.2,0.0,0.0,7,0,0.9654977716860152,0.6956770828379858,decision_level_baseline_vs_candidate_path_memory_gap_audit,outer_loop_spatial_flow_belief_safe_explore_exploit_memory_v2_2
balanced_cluster,spatial_flow_belief_memory_h10,10,final_heldout,4,r10_l7_full_domain_randomisation_arena_wide_training,r10_l7_full_domain_randomisation_arena_wide_training,r10_balanced_cluster_spatial_flow_belief_memory_h10_final_0004,4,inflight_boundary_near,boundary_near,energy_retaining_bank,primvar_energy_retaining_bank_transition_object_f378f7a74cce,baseline_and_memory_winner_match,True,primvar_energy_retaining_bank_transition_object_f378f7a74cce,primvar_energy_retaining_bank_transition_object_f378f7a74cce,0.0,0.0,0.03,0.0,1.0,-0.0002600095153328,-0.0002600095153328,0.0,0.0,0.0323033543961797,0.7623039509820948,0.0152460790196418,0.0,0.1,0.2,0.0,0.0,7,0,0.9676966456038204,0.7623039509820948,decision_level_baseline_vs_candidate_path_memory_gap_audit,outer_loop_spatial_flow_belief_safe_explore_exploit_memory_v2_2
balanced_cluster,spatial_flow_belief_memory_h10,10,final_heldout,4,r10_l7_full_domain_randomisation_arena_wide_training,r10_l7_full_domain_randomisation_arena_wide_training,r10_balanced_cluster_spatial_flow_belief_memory_h10_final_0004,5,inflight_boundary_near,boundary_near,energy_retaining_bank,primvar_energy_retaining_bank_transition_object_f378f7a74cce,baseline_and_memory_winner_match,True,primvar_energy_retaining_bank_transition_object_f378f7a74cce,primvar_energy_retaining_bank_transition_object_f378f7a74cce,0.0,0.0,0.03,0.0,1.0,-0.0005341260285294,-0.0005341260285294,0.0,0.0,0.0403304240553207,0.828968000277514,0.0165793600055502,0.0,0.1,0.2,0.0,0.0,4,0,0.9596695759446792,0.828968000277514,decision_level_baseline_vs_candidate_path_memory_gap_audit,outer_loop_spatial_flow_belief_safe_explore_exploit_memory_v2_2
balanced_cluster,spatial_flow_belief_memory_h10,10,final_heldout,4,r10_l7_full_domain_randomisation_arena_wide_training,r10_l7_full_domain_randomisation_arena_wide_training,r10_balanced_cluster_spatial_flow_belief_memory_h10_final_0004,6,inflight_boundary_near,boundary_near,lift_entry,primvar_lift_entry_transition_object_28b2b3339374,baseline_and_memory_winner_match,True,primvar_lift_entry_transition_object_28b2b3339374,primvar_lift_entry_transition_object_28b2b3339374,0.0,0.0,0.03,0.0,1.0,-0.0004420511311569,-0.0004420511311569,0.0,0.0,0.0301142712244344,0.9698857287755656,0.0193977145755113,0.0,0.1,0.2,0.0,0.0,0,0,0.9698857287755656,0.9698857287755656,decision_level_baseline_vs_candidate_path_memory_gap_audit,outer_loop_spatial_flow_belief_safe_explore_exploit_memory_v2_2
balanced_cluster,spatial_flow_belief_memory_h10,10,final_heldout,4,r10_l7_full_domain_randomisation_arena_wide_training,r10_l7_full_domain_randomisation_arena_wide_training,r10_balanced_cluster_spatial_flow_belief_memory_h10_final_0004,7,inflight_boundary_near,boundary_near,lift_entry,primvar_lift_entry_transition_object_28b2b3339374,baseline_and_memory_winner_match,True,primvar_lift_entry_transition_object_28b2b3339374,primvar_lift_entry_transition_object_28b2b3339374,0.0,0.0,0.03,0.0,1.0,-0.0004892397925022,-0.0004892397925022,0.0,0.0,0.03936825192428,0.96063174807572,0.0192126349615144,0.0,0.1,0.2,0.0,0.0,0,0,0.96063174807572,0.96063174807572,decision_level_baseline_vs_candidate_path_memory_gap_audit,outer_loop_spatial_flow_belief_safe_explore_exploit_memory_v2_2
balanced_cluster,spatial_flow_belief_memory_h10,10,final_heldout,4,r10_l7_full_domain_randomisation_arena_wide_training,r10_l7_full_domain_randomisation_arena_wide_training,r10_balanced_cluster_spatial_flow_belief_memory_h10_final_0004,8,inflight_boundary_near,boundary_near,lift_entry,primvar_lift_entry_transition_object_28b2b3339374,baseline_and_memory_winner_match,True,primvar_lift_entry_transition_object_28b2b3339374,primvar_lift_entry_transition_object_28b2b3339374,0.0,0.0,0.03,0.0,1.0,-0.0003807439483702,-0.0003807439483702,0.0,0.0,0.0406646399478041,0.959335360052196,0.0191867072010439,0.0,0.1,0.2,0.0,0.0,0,0,0.959335360052196,0.959335360052196,decision_level_baseline_vs_candidate_path_memory_gap_audit,outer_loop_spatial_flow_belief_safe_explore_exploit_memory_v2_2
balanced_cluster,spatial_flow_belief_memory_h10,10,final_heldout,4,r10_l7_full_domain_randomisation_arena_wide_training,r10_l7_full_domain_randomisation_arena_wide_training,r10_balanced_cluster_spatial_flow_belief_memory_h10_final_0004,9,inflight_boundary_near,boundary_near,lift_entry,primvar_lift_entry_transition_object_28b2b3339374,baseline_and_memory_winner_match,True,primvar_lift_entry_transition_object_28b2b3339374,primvar_lift_entry_transition_object_28b2b3339374,0.0,0.0,0.03,0.0,1.0,-0.0002762902960153,-0.0002762902960153,0.0,0.0,0.0381405556310691,0.9618594443689308,0.0192371888873786,0.0,0.1,0.2,0.0,0.0,0,0,0.9618594443689308,0.9618594443689308,decision_level_baseline_vs_candidate_path_memory_gap_audit,outer_loop_spatial_flow_belief_safe_explore_exploit_memory_v2_2
balanced_cluster,spatial_flow_belief_memory_h10,10,final_heldout,4,r10_l7_full_domain_randomisation_arena_wide_training,r10_l7_full_domain_randomisation_arena_wide_training,r10_balanced_cluster_spatial_flow_belief_memory_h10_final_0004,10,inflight_boundary_near,boundary_near,lift_entry,primvar_lift_entry_transition_object_28b2b3339374,baseline_and_memory_winner_match,True,primvar_lift_entry_transition_object_28b2b3339374,primvar_lift_entry_transition_object_28b2b3339374,0.0,0.0,0.03,0.0,1.0,-0.000198222318958,-0.000198222318958,0.0,0.0,0.0312617641808552,0.9687382358191448,0.0193747647163828,0.0,0.1,0.2,0.0,0.0,0,0,0.9687382358191448,0.9687382358191448,decision_level_baseline_vs_candidate_path_memory_gap_audit,outer_loop_spatial_flow_belief_safe_explore_exploit_memory_v2_2
balanced_cluster,spatial_flow_belief_memory_h10,10,final_heldout,8,r10_l7_full_domain_randomisation_arena_wide_training,r10_l7_full_domain_randomisation_arena_wide_training,r10_balanced_cluster_spatial_flow_belief_memory_h10_final_0008,0,launch_gate,launch_gate,safe_exit_or_recovery_handoff,primvar_safe_exit_or_recovery_handoff_transition_object_d17d451ad8d8,baseline_and_memory_winner_match,True,primvar_safe_exit_or_recovery_handoff_transition_object_d17d451ad8d8,primvar_safe_exit_or_recovery_handoff_transition_object_d17d451ad8d8,0.0,0.0,0.03,0.0,1.0,2.2615971518979983e-05,2.2615971518979983e-05,0.0,0.0,0.0013329425454654,0.5294730827402562,0.0105894616548051,0.0,0.1,0.2,0.0002764555251859,0.0597399647246462,7,3,0.9986670574545344,0.5294730827402562,decision_level_baseline_vs_candidate_path_memory_gap_audit,outer_loop_spatial_flow_belief_safe_explore_exploit_memory_v2_2
balanced_cluster,spatial_flow_belief_memory_h10,10,final_heldout,8,r10_l7_full_domain_randomisation_arena_wide_training,r10_l7_full_domain_randomisation_arena_wide_training,r10_balanced_cluster_spatial_flow_belief_memory_h10_final_0008,1,inflight_nominal,inflight_stable,recovery,primvar_recovery_transition_object_4268876749b8,baseline_and_memory_winner_match,True,primvar_recovery_transition_object_4268876749b8,primvar_recovery_transition_object_4268876749b8,0.0,0.0,0.03,0.0,1.0,1.5049982186265964e-05,1.5049982186265964e-05,0.0,0.0,0.0536906332179285,0.5215343887742526,0.010430687775485,0.0,0.1,0.2,0.0,0.0,7,0,0.9463093667820714,0.5215343887742526,decision_level_baseline_vs_candidate_path_memory_gap_audit,outer_loop_spatial_flow_belief_safe_explore_exploit_memory_v2_2
balanced_cluster,spatial_flow_belief_memory_h10,10,final_heldout,8,r10_l7_full_domain_randomisation_arena_wide_training,r10_l7_full_domain_randomisation_arena_wide_training,r10_balanced_cluster_spatial_flow_belief_memory_h10_final_0008,2,inflight_recovery_edge,recoverable_degraded,safe_exit_or_recovery_handoff,primvar_safe_exit_or_recovery_handoff_transition_object_295e4572e0ce,baseline_and_memory_winner_match,True,primvar_safe_exit_or_recovery_handoff_transition_object_295e4572e0ce,primvar_safe_exit_or_recovery_handoff_transition_object_295e4572e0ce,0.0,0.0,0.03,0.0,1.0,-0.0001127440771889,-0.0001127440771889,0.0,0.0,0.0383469761696128,0.4778697268211679,0.0095573945364233,0.0,0.1,0.2,5.1614834627905e-08,7.09657825438667e-05,7,4,0.9616530238303872,0.4778697268211679,decision_level_baseline_vs_candidate_path_memory_gap_audit,outer_loop_spatial_flow_belief_safe_explore_exploit_memory_v2_2
balanced_cluster,spatial_flow_belief_memory_h10,10,final_heldout,8,r10_l7_full_domain_randomisation_arena_wide_training,r10_l7_full_domain_randomisation_arena_wide_training,r10_balanced_cluster_spatial_flow_belief_memory_h10_final_0008,3,inflight_recovery_edge,recoverable_degraded,safe_exit_or_recovery_handoff,primvar_safe_exit_or_recovery_handoff_transition_object_295e4572e0ce,baseline_and_memory_winner_match,True,primvar_safe_exit_or_recovery_handoff_transition_object_295e4572e0ce,primvar_safe_exit_or_recovery_handoff_transition_object_295e4572e0ce,0.0,0.0,0.03,0.0,1.0,-0.0001749105229833,-0.0001749105229833,0.0,0.0,0.0370514112746909,0.503342768580803,0.010066855371616,0.0,0.1,0.2,4.7270272382808235e-07,0.000293464207093,7,6,0.9629485887253092,0.503342768580803,decision_level_baseline_vs_candidate_path_memory_gap_audit,outer_loop_spatial_flow_belief_safe_explore_exploit_memory_v2_2
balanced_cluster,spatial_flow_belief_memory_h10,10,final_heldout,8,r10_l7_full_domain_randomisation_arena_wide_training,r10_l7_full_domain_randomisation_arena_wide_training,r10_balanced_cluster_spatial_flow_belief_memory_h10_final_0008,4,inflight_nominal,inflight_stable,recovery,primvar_recovery_transition_object_4268876749b8,baseline_and_memory_winner_match,True,primvar_recovery_transition_object_4268876749b8,primvar_recovery_transition_object_4268876749b8,0.0,0.0,0.03,0.0,1.0,-0.0001995600338575,-0.0001995600338575,0.0,0.0,0.0384062000534364,0.6286587008407345,0.0125731740168146,0.0,0.1,0.2,5.2345480369055654e-08,9.372839851957573e-06,7,1,0.9615937999465636,0.6286587008407345,decision_level_baseline_vs_candidate_path_memory_gap_audit,outer_loop_spatial_flow_belief_safe_explore_exploit_memory_v2_2
balanced_cluster,spatial_flow_belief_memory_h10,10,final_heldout,8,r10_l7_full_domain_randomisation_arena_wide_training,r10_l7_full_domain_randomisation_arena_wide_training,r10_balanced_cluster_spatial_flow_belief_memory_h10_final_0008,5,inflight_recovery_edge,recoverable_degraded,safe_exit_or_recovery_handoff,primvar_safe_exit_or_recovery_handoff_transition_object_295e4572e0ce,baseline_and_memory_winner_match,True,primvar_safe_exit_or_recovery_handoff_transition_object_295e4572e0ce,primvar_safe_exit_or_recovery_handoff_transition_object_295e4572e0ce,0.0,0.0,0.03,0.0,1.0,-0.0002250344826388,-0.0002250344826388,0.0,0.0,0.0415241408459347,0.5648089130885944,0.0112961782617718,0.0,0.1,0.2,0.0,0.0,7,0,0.9584758591540652,0.5648089130885944,decision_level_baseline_vs_candidate_path_memory_gap_audit,outer_loop_spatial_flow_belief_safe_explore_exploit_memory_v2_2
balanced_cluster,spatial_flow_belief_memory_h10,10,final_heldout,8,r10_l7_full_domain_randomisation_arena_wide_training,r10_l7_full_domain_randomisation_arena_wide_training,r10_balanced_cluster_spatial_flow_belief_memory_h10_final_0008,6,inflight_nominal,inflight_stable,recovery,primvar_recovery_transition_object_4268876749b8,baseline_and_memory_winner_match,True,primvar_recovery_transition_object_4268876749b8,primvar_recovery_transition_object_4268876749b8,0.0,0.0,0.03,0.0,1.0,-0.0002867797008652,-0.0002867797008652,0.0,0.0,0.0401340846343758,0.7307511611304429,0.0146150232226088,0.0,0.1,0.2,0.0,0.0,7,0,0.9598659153656242,0.7307511611304429,decision_level_baseline_vs_candidate_path_memory_gap_audit,outer_loop_spatial_flow_belief_safe_explore_exploit_memory_v2_2
balanced_cluster,spatial_flow_belief_memory_h10,10,final_heldout,8,r10_l7_full_domain_randomisation_arena_wide_training,r10_l7_full_domain_randomisation_arena_wide_training,r10_balanced_cluster_spatial_flow_belief_memory_h10_final_0008,7,inflight_nominal,inflight_stable,recovery,primvar_recovery_transition_object_4268876749b8,baseline_and_memory_winner_match,True,primvar_recovery_transition_object_4268876749b8,primvar_recovery_transition_object_4268876749b8,0.0,0.0,0.03,0.0,1.0,-0.000253492373849,-0.000253492373849,0.0,0.0,0.0337541299930081,0.8107140960023774,0.0162142819200475,0.0,0.1,0.2,0.0,0.0,3,0,0.9662458700069918,0.8107140960023774,decision_level_baseline_vs_candidate_path_memory_gap_audit,outer_loop_spatial_flow_belief_safe_explore_exploit_memory_v2_2
balanced_cluster,spatial_flow_belief_memory_h10,10,final_heldout,8,r10_l7_full_domain_randomisation_arena_wide_training,r10_l7_full_domain_randomisation_arena_wide_training,r10_balanced_cluster_spatial_flow_belief_memory_h10_final_0008,8,inflight_nominal,inflight_stable,lift_entry,primvar_lift_entry_transition_object_a65393bbc7f9,baseline_and_memory_winner_match,True,primvar_lift_entry_transition_object_a65393bbc7f9,primvar_lift_entry_transition_object_a65393bbc7f9,0.0,0.0,0.03,0.0,1.0,-0.0003604356627071,-0.0003604356627071,0.0,0.0,0.0442608210353649,0.955739178964635,0.0191147835792927,0.0,0.1,0.2,0.0,0.0,0,0,0.955739178964635,0.955739178964635,decision_level_baseline_vs_candidate_path_memory_gap_audit,outer_loop_spatial_flow_belief_safe_explore_exploit_memory_v2_2
balanced_cluster,spatial_flow_belief_memory_h10,10,final_heldout,8,r10_l7_full_domain_randomisation_arena_wide_training,r10_l7_full_domain_randomisation_arena_wide_training,r10_balanced_cluster_spatial_flow_belief_memory_h10_final_0008,9,inflight_boundary_near,boundary_near,mild_turn_right,primvar_mild_turn_right_transition_object_79dc6a9b8274,baseline_and_memory_winner_match,True,primvar_mild_turn_right_transition_object_79dc6a9b8274,primvar_mild_turn_right_transition_object_79dc6a9b8274,0.0,0.0,0.03,0.0,1.0,-0.0003013104346107,-0.0003013104346107,0.0,0.0,0.0360032327460118,0.9639967672539882,0.0192799353450797,0.0,0.1,0.2,0.0,0.0,0,0,0.9639967672539882,0.9639967672539882,decision_level_baseline_vs_candidate_path_memory_gap_audit,outer_loop_spatial_flow_belief_safe_explore_exploit_memory_v2_2
balanced_cluster,spatial_flow_belief_memory_h10,10,final_heldout,8,r10_l7_full_domain_randomisation_arena_wide_training,r10_l7_full_domain_randomisation_arena_wide_training,r10_balanced_cluster_spatial_flow_belief_memory_h10_final_0008,10,inflight_boundary_near,boundary_near,mild_turn_right,primvar_mild_turn_right_transition_object_79dc6a9b8274,baseline_and_memory_winner_match,True,primvar_mild_turn_right_transition_object_79dc6a9b8274,primvar_mild_turn_right_transition_object_79dc6a9b8274,0.0,0.0,0.03,0.0,1.0,-0.0002159853710048,-0.0002159853710048,0.0,0.0,0.0312939452138256,0.9687060547861744,0.0193741210957234,0.0,0.1,0.2,0.0,0.0,0,0,0.9687060547861744,0.9687060547861744,decision_level_baseline_vs_candidate_path_memory_gap_audit,outer_loop_spatial_flow_belief_safe_explore_exploit_memory_v2_2
balanced_cluster,spatial_flow_belief_memory_h10,10,final_heldout,8,r10_l7_full_domain_randomisation_arena_wide_training,r10_l7_full_domain_randomisation_arena_wide_training,r10_balanced_cluster_spatial_flow_belief_memory_h10_final_0008,11,inflight_boundary_near,boundary_near,mild_turn_right,primvar_mild_turn_right_transition_object_79dc6a9b8274,baseline_and_memory_winner_match,True,primvar_mild_turn_right_transition_object_79dc6a9b8274,primvar_mild_turn_right_transition_object_79dc6a9b8274,0.0,0.0,0.03,0.0,1.0,-0.0002051366974473,-0.0002051366974473,0.0,0.0,0.0281175897086293,0.9718824102913708,0.0194376482058274,0.0,0.1,0.2,0.0,0.0,0,0,0.9718824102913708,0.9718824102913708,decision_level_baseline_vs_candidate_path_memory_gap_audit,outer_loop_spatial_flow_belief_safe_explore_exploit_memory_v2_2
balanced_cluster,spatial_flow_belief_memory_h10,10,final_heldout,9,r10_l7_full_domain_randomisation_arena_wide_training,r10_l7_full_domain_randomisation_arena_wide_training,r10_balanced_cluster_spatial_flow_belief_memory_h10_final_0009,0,launch_gate,launch_gate,energy_retaining_bank,primvar_energy_retaining_bank_transition_object_6ec7c5c41896,baseline_and_memory_winner_match,True,primvar_energy_retaining_bank_transition_object_6ec7c5c41896,primvar_energy_retaining_bank_transition_object_6ec7c5c41896,0.0,0.0,0.03,0.0,1.0,4.522531204342872e-05,4.522531204342872e-05,0.0,0.0,0.0100887546465616,0.6608445772802181,0.0132168915456043,0.0,0.1,0.2,0.0,0.0,7,0,0.9899112453534384,0.6608445772802181,decision_level_baseline_vs_candidate_path_memory_gap_audit,outer_loop_spatial_flow_belief_safe_explore_exploit_memory_v2_2
balanced_cluster,spatial_flow_belief_memory_h10,10,final_heldout,9,r10_l7_full_domain_randomisation_arena_wide_training,r10_l7_full_domain_randomisation_arena_wide_training,r10_balanced_cluster_spatial_flow_belief_memory_h10_final_0009,1,inflight_boundary_near,boundary_near,mild_turn_right,primvar_mild_turn_right_transition_object_7e69bebe251a,baseline_and_memory_winner_match,True,primvar_mild_turn_right_transition_object_7e69bebe251a,primvar_mild_turn_right_transition_object_7e69bebe251a,0.0,0.0,0.03,0.0,1.0,0.0001217108618003,0.0001217108618003,0.0,0.0,0.0358358404723017,0.6929959740036848,0.0138599194800736,0.0,0.1,0.2,0.0,0.0,7,0,0.9641641595276982,0.6929959740036848,decision_level_baseline_vs_candidate_path_memory_gap_audit,outer_loop_spatial_flow_belief_safe_explore_exploit_memory_v2_2
balanced_cluster,spatial_flow_belief_memory_h10,10,final_heldout,9,r10_l7_full_domain_randomisation_arena_wide_training,r10_l7_full_domain_randomisation_arena_wide_training,r10_balanced_cluster_spatial_flow_belief_memory_h10_final_0009,2,inflight_boundary_near,boundary_near,mild_turn_right,primvar_mild_turn_right_transition_object_7e69bebe251a,baseline_and_memory_winner_match,True,primvar_mild_turn_right_transition_object_7e69bebe251a,primvar_mild_turn_right_transition_object_7e69bebe251a,0.0,0.0,0.03,0.0,1.0,9.901127734013304e-05,9.901127734013304e-05,0.0,0.0,0.0302599550892787,0.7647052197593269,0.0152941043951865,0.0,0.1,0.2,0.0,0.0,7,0,0.9697400449107212,0.7647052197593269,decision_level_baseline_vs_candidate_path_memory_gap_audit,outer_loop_spatial_flow_belief_safe_explore_exploit_memory_v2_2
balanced_cluster,spatial_flow_belief_memory_h10,10,final_heldout,9,r10_l7_full_domain_randomisation_arena_wide_training,r10_l7_full_domain_randomisation_arena_wide_training,r10_balanced_cluster_spatial_flow_belief_memory_h10_final_0009,3,inflight_boundary_near,boundary_near,mild_turn_right,primvar_mild_turn_right_transition_object_7e69bebe251a,baseline_and_memory_winner_match,True,primvar_mild_turn_right_transition_object_7e69bebe251a,primvar_mild_turn_right_transition_object_7e69bebe251a,0.0,0.0,0.03,0.0,1.0,-0.0001374997773841,-0.0001374997773841,0.0,0.0,0.037615972494717,0.8466753132557845,0.0169335062651156,0.0,0.1,0.2,0.0,0.0,4,0,0.962384027505283,0.8466753132557845,decision_level_baseline_vs_candidate_path_memory_gap_audit,outer_loop_spatial_flow_belief_safe_explore_exploit_memory_v2_2
balanced_cluster,spatial_flow_belief_memory_h10,10,final_heldout,9,r10_l7_full_domain_randomisation_arena_wide_training,r10_l7_full_domain_randomisation_arena_wide_training,r10_balanced_cluster_spatial_flow_belief_memory_h10_final_0009,4,inflight_boundary_near,boundary_near,recovery,primvar_recovery_transition_object_5e492c9a9375,baseline_and_memory_winner_match,True,primvar_recovery_transition_object_5e492c9a9375,primvar_recovery_transition_object_5e492c9a9375,0.0,0.0,0.03,0.0,1.0,-0.0003161905059632,-0.0003161905059632,0.0,0.0,0.039109864120571,0.960890135879429,0.0192178027175885,0.0,0.1,0.2,0.0,0.0,0,0,0.960890135879429,0.960890135879429,decision_level_baseline_vs_candidate_path_memory_gap_audit,outer_loop_spatial_flow_belief_safe_explore_exploit_memory_v2_2
balanced_cluster,spatial_flow_belief_memory_h10,10,final_heldout,9,r10_l7_full_domain_randomisation_arena_wide_training,r10_l7_full_domain_randomisation_arena_wide_training,r10_balanced_cluster_spatial_flow_belief_memory_h10_final_0009,5,inflight_boundary_near,boundary_near,recovery,primvar_recovery_transition_object_5e492c9a9375,baseline_and_memory_winner_match,True,primvar_recovery_transition_object_5e492c9a9375,primvar_recovery_transition_object_5e492c9a9375,0.0,0.0,0.03,0.0,1.0,-0.0002948451974689,-0.0002948451974689,0.0,0.0,0.0338201823104562,0.9661798176895438,0.0193235963537908,0.0,0.1,0.2,0.0,0.0,0,0,0.9661798176895438,0.9661798176895438,decision_level_baseline_vs_candidate_path_memory_gap_audit,outer_loop_spatial_flow_belief_safe_explore_exploit_memory_v2_2
balanced_cluster,spatial_flow_belief_memory_h10,10,final_heldout,9,r10_l7_full_domain_randomisation_arena_wide_training,r10_l7_full_domain_randomisation_arena_wide_training,r10_balanced_cluster_spatial_flow_belief_memory_h10_final_0009,6,inflight_boundary_near,boundary_near,glide,primvar_glide_transition_object_a48e56700ce9,baseline_and_memory_winner_match,True,primvar_glide_transition_object_a48e56700ce9,primvar_glide_transition_object_a48e56700ce9,0.0,0.0,0.03,0.0,1.0,-0.0002251403852597,-0.0002251403852597,0.0,0.0,0.0312919424704887,0.9687080575295112,0.0193741611505902,0.0,0.1,0.2,0.0,0.0,0,0,0.9687080575295112,0.9687080575295112,decision_level_baseline_vs_candidate_path_memory_gap_audit,outer_loop_spatial_flow_belief_safe_explore_exploit_memory_v2_2
balanced_cluster,spatial_flow_belief_memory_h10,10,final_heldout,9,r10_l7_full_domain_randomisation_arena_wide_training,r10_l7_full_domain_randomisation_arena_wide_training,r10_balanced_cluster_spatial_flow_belief_memory_h10_final_0009,7,inflight_boundary_near,boundary_near,recovery,primvar_recovery_transition_object_5e492c9a9375,baseline_and_memory_winner_match,True,primvar_recovery_transition_object_5e492c9a9375,primvar_recovery_transition_object_5e492c9a9375,0.0,0.0,0.03,0.0,1.0,-0.0002793564619634,-0.0002793564619634,0.0,0.0,0.0623692867730982,0.9376307132269016,0.018752614264538,0.0,0.1,0.2,0.0,0.0,0,0,0.9376307132269016,0.9376307132269016,decision_level_baseline_vs_candidate_path_memory_gap_audit,outer_loop_spatial_flow_belief_safe_explore_exploit_memory_v2_2
balanced_cluster,spatial_flow_belief_memory_h10,10,final_heldout,9,r10_l7_full_domain_randomisation_arena_wide_training,r10_l7_full_domain_randomisation_arena_wide_training,r10_balanced_cluster_spatial_flow_belief_memory_h10_final_0009,8,inflight_boundary_near,boundary_near,lift_entry,primvar_lift_entry_transition_object_7cbbfa819927,rejected_exploration_cross_family_without_memory_confidence,False,primvar_lift_entry_transition_object_7cbbfa819927,primvar_lift_dwell_arc_transition_object_429425bf6b2c,0.000626661119373,-4.838351277403351e-05,0.03,0.0,1.0,-0.0001194851461354,-0.0001194851461354,7.00000000000145e-05,-0.691193039628907,0.0490644205065276,0.9509355794934724,0.0190187115898694,0.0,0.1,0.2,0.0,0.0,0,0,0.913683347886118,0.913683347886118,decision_level_baseline_vs_candidate_path_memory_gap_audit,outer_loop_spatial_flow_belief_safe_explore_exploit_memory_v2_2
heavy_cluster,spatial_flow_belief_memory_h30,30,final_heldout,9,r10_l7_full_domain_randomisation_arena_wide_training,r10_l7_full_domain_randomisation_arena_wide_training,r10_heavy_cluster_spatial_flow_belief_memory_h30_final_0009,0,launch_gate,launch_gate,energy_retaining_bank,primvar_energy_retaining_bank_transition_object_6ec7c5c41896,baseline_and_memory_winner_match,True,primvar_energy_retaining_bank_transition_object_6ec7c5c41896,primvar_energy_retaining_bank_transition_object_6ec7c5c41896,0.0,0.0,0.03,0.0,1.0,-8.791393882101595e-05,-8.791393882101595e-05,0.0,0.0,0.0328731526148029,0.6456341774442906,0.0129126835488858,0.0,0.1,0.2,0.0,0.0,7,0,0.967126847385197,0.6456341774442906,decision_level_baseline_vs_candidate_path_memory_gap_audit,outer_loop_spatial_flow_belief_safe_explore_exploit_memory_v2_2
heavy_cluster,spatial_flow_belief_memory_h30,30,final_heldout,9,r10_l7_full_domain_randomisation_arena_wide_training,r10_l7_full_domain_randomisation_arena_wide_training,r10_heavy_cluster_spatial_flow_belief_memory_h30_final_0009,1,inflight_boundary_near,boundary_near,mild_turn_right,primvar_mild_turn_right_transition_object_01b5cdd5409c,baseline_and_memory_winner_match,True,primvar_mild_turn_right_transition_object_01b5cdd5409c,primvar_mild_turn_right_transition_object_01b5cdd5409c,0.0,0.0,0.03,0.0,1.0,-0.0001385613502989,-0.0001385613502989,0.0,0.0,0.0708987646344384,0.6680008667087624,0.0133600173341752,0.0,0.1,0.2,0.0,0.0,7,0,0.9291012353655616,0.6680008667087624,decision_level_baseline_vs_candidate_path_memory_gap_audit,outer_loop_spatial_flow_belief_safe_explore_exploit_memory_v2_2
heavy_cluster,spatial_flow_belief_memory_h30,30,final_heldout,9,r10_l7_full_domain_randomisation_arena_wide_training,r10_l7_full_domain_randomisation_arena_wide_training,r10_heavy_cluster_spatial_flow_belief_memory_h30_final_0009,2,inflight_boundary_near,boundary_near,mild_turn_right,primvar_mild_turn_right_transition_object_01b5cdd5409c,baseline_and_memory_winner_match,True,primvar_mild_turn_right_transition_object_01b5cdd5409c,primvar_mild_turn_right_transition_object_01b5cdd5409c,0.0,0.0,0.03,0.0,1.0,-5.113224839070618e-05,-5.113224839070618e-05,0.0,0.0,0.0506409435468246,0.7488131637935196,0.0149762632758703,0.0,0.1,0.2,0.0,0.0,7,0,0.9493590564531754,0.7488131637935196,decision_level_baseline_vs_candidate_path_memory_gap_audit,outer_loop_spatial_flow_belief_safe_explore_exploit_memory_v2_2
heavy_cluster,spatial_flow_belief_memory_h30,30,final_heldout,9,r10_l7_full_domain_randomisation_arena_wide_training,r10_l7_full_domain_randomisation_arena_wide_training,r10_heavy_cluster_spatial_flow_belief_memory_h30_final_0009,3,inflight_boundary_near,boundary_near,mild_turn_right,primvar_mild_turn_right_transition_object_01b5cdd5409c,baseline_and_memory_winner_match,True,primvar_mild_turn_right_transition_object_01b5cdd5409c,primvar_mild_turn_right_transition_object_01b5cdd5409c,0.0,0.0,0.03,0.0,1.0,-0.0001434328284292,-0.0001434328284292,0.0,0.0,0.0387873478622422,0.8466305658318553,0.0169326113166371,0.0,0.1,0.2,0.0,0.0,4,0,0.9612126521377578,0.8466305658318553,decision_level_baseline_vs_candidate_path_memory_gap_audit,outer_loop_spatial_flow_belief_safe_explore_exploit_memory_v2_2
heavy_cluster,spatial_flow_belief_memory_h30,30,final_heldout,9,r10_l7_full_domain_randomisation_arena_wide_training,r10_l7_full_domain_randomisation_arena_wide_training,r10_heavy_cluster_spatial_flow_belief_memory_h30_final_0009,4,inflight_boundary_near,boundary_near,lift_entry,primvar_lift_entry_transition_object_299a4397174a,baseline_and_memory_winner_match,True,primvar_lift_entry_transition_object_299a4397174a,primvar_lift_entry_transition_object_299a4397174a,0.0,0.0,0.03,0.0,1.0,-0.0002997287479169,-0.0002997287479169,0.0,0.0,0.0386365782204444,0.9613634217795556,0.0192272684355911,0.0,0.1,0.2,0.0,0.0,0,0,0.9613634217795556,0.9613634217795556,decision_level_baseline_vs_candidate_path_memory_gap_audit,outer_loop_spatial_flow_belief_safe_explore_exploit_memory_v2_2
heavy_cluster,spatial_flow_belief_memory_h30,30,final_heldout,9,r10_l7_full_domain_randomisation_arena_wide_training,r10_l7_full_domain_randomisation_arena_wide_training,r10_heavy_cluster_spatial_flow_belief_memory_h30_final_0009,5,inflight_boundary_near,boundary_near,lift_entry,primvar_lift_entry_transition_object_299a4397174a,baseline_and_memory_winner_match,True,primvar_lift_entry_transition_object_299a4397174a,primvar_lift_entry_transition_object_299a4397174a,0.0,0.0,0.03,0.0,1.0,-0.0002909576111012,-0.0002909576111012,0.0,0.0,0.0332893315258249,0.9667106684741752,0.0193342133694835,0.0,0.1,0.2,0.0,0.0,0,0,0.9667106684741752,0.9667106684741752,decision_level_baseline_vs_candidate_path_memory_gap_audit,outer_loop_spatial_flow_belief_safe_explore_exploit_memory_v2_2
heavy_cluster,spatial_flow_belief_memory_h30,30,final_heldout,9,r10_l7_full_domain_randomisation_arena_wide_training,r10_l7_full_domain_randomisation_arena_wide_training,r10_heavy_cluster_spatial_flow_belief_memory_h30_final_0009,6,inflight_boundary_near,boundary_near,lift_entry,primvar_lift_entry_transition_object_299a4397174a,rejected_exploration_cross_family_without_memory_confidence,False,primvar_lift_entry_transition_object_299a4397174a,primvar_recovery_transition_object_2a5c20ec4293,3.5244029916725594e-11,-7.671641100159833e-13,0.03,0.0,1.0,-0.0002035480734579,-0.0002035480734579,0.0,-0.0007671641100159,0.0267339380862028,0.9732660619137972,0.0194653212382759,0.0,0.1,0.2,0.0,0.0,0,0,0.9732660601132422,0.9732660601132422,decision_level_baseline_vs_candidate_path_memory_gap_audit,outer_loop_spatial_flow_belief_safe_explore_exploit_memory_v2_2
heavy_cluster,spatial_flow_belief_memory_h30,30,final_heldout,9,r10_l7_full_domain_randomisation_arena_wide_training,r10_l7_full_domain_randomisation_arena_wide_training,r10_heavy_cluster_spatial_flow_belief_memory_h30_final_0009,7,inflight_boundary_near,boundary_near,lift_entry,primvar_lift_entry_transition_object_299a4397174a,baseline_and_memory_winner_match,True,primvar_lift_entry_transition_object_299a4397174a,primvar_lift_entry_transition_object_299a4397174a,0.0,0.0,0.03,0.0,1.0,-0.0001807040531041,-0.0001807040531041,0.0,0.0,0.034185718093639,0.9658142819063608,0.0193162856381272,0.0,0.1,0.2,0.0,0.0,0,0,0.9658142819063608,0.9658142819063608,decision_level_baseline_vs_candidate_path_memory_gap_audit,outer_loop_spatial_flow_belief_safe_explore_exploit_memory_v2_2
heavy_cluster,spatial_flow_belief_memory_h30,30,final_heldout,9,r10_l7_full_domain_randomisation_arena_wide_training,r10_l7_full_domain_randomisation_arena_wide_training,r10_heavy_cluster_spatial_flow_belief_memory_h30_final_0009,8,inflight_boundary_near,boundary_near,lift_entry,primvar_lift_entry_transition_object_299a4397174a,baseline_and_memory_winner_match,True,primvar_lift_entry_transition_object_299a4397174a,primvar_lift_entry_transition_object_299a4397174a,0.0,0.0,0.03,0.0,1.0,-9.455324315799096e-05,-9.455324315799096e-05,0.0,0.0,0.0345883513968562,0.9654116486031438,0.0193082329720628,0.0,0.1,0.2,0.0,0.0,0,0,0.9654116486031438,0.9654116486031438,decision_level_baseline_vs_candidate_path_memory_gap_audit,outer_loop_spatial_flow_belief_safe_explore_exploit_memory_v2_2
balanced_cluster,spatial_flow_belief_memory_h30,30,final_heldout,0,r10_l7_full_domain_randomisation_arena_wide_training,r10_l7_full_domain_randomisation_arena_wide_training,r10_balanced_cluster_spatial_flow_belief_memory_h30_final_0000,0,launch_gate,launch_gate,lift_dwell_arc,primvar_lift_dwell_arc_transition_object_6ae229f6947e,baseline_and_memory_winner_match,True,primvar_lift_dwell_arc_transition_object_6ae229f6947e,primvar_lift_dwell_arc_transition_object_6ae229f6947e,0.0,0.0,0.03,0.0,1.0,6.926688185693308e-06,6.926688185693308e-06,0.0,0.0,0.0039493916462048,0.7031205470696907,0.0140624109413938,0.0,0.1,0.2,1.0120580244850538e-10,4.8830377429053553e-08,7,3,0.9960506083537952,0.7031205470696907,decision_level_baseline_vs_candidate_path_memory_gap_audit,outer_loop_spatial_flow_belief_safe_explore_exploit_memory_v2_2
balanced_cluster,spatial_flow_belief_memory_h30,30,final_heldout,0,r10_l7_full_domain_randomisation_arena_wide_training,r10_l7_full_domain_randomisation_arena_wide_training,r10_balanced_cluster_spatial_flow_belief_memory_h30_final_0000,1,inflight_boundary_near,boundary_near,recovery,primvar_recovery_transition_object_5e492c9a9375,baseline_and_memory_winner_match,True,primvar_recovery_transition_object_5e492c9a9375,primvar_recovery_transition_object_5e492c9a9375,0.0,0.0,0.03,0.0,1.0,5.723239648247613e-05,5.723239648247613e-05,0.0,0.0,0.0803197628574797,0.6930624869185189,0.0138612497383703,0.0,0.1,0.2,0.0,0.0,7,0,0.9196802371425202,0.6930624869185189,decision_level_baseline_vs_candidate_path_memory_gap_audit,outer_loop_spatial_flow_belief_safe_explore_exploit_memory_v2_2
balanced_cluster,spatial_flow_belief_memory_h30,30,final_heldout,0,r10_l7_full_domain_randomisation_arena_wide_training,r10_l7_full_domain_randomisation_arena_wide_training,r10_balanced_cluster_spatial_flow_belief_memory_h30_final_0000,2,inflight_boundary_near,boundary_near,recovery,primvar_recovery_transition_object_5e492c9a9375,baseline_and_memory_winner_match,True,primvar_recovery_transition_object_5e492c9a9375,primvar_recovery_transition_object_5e492c9a9375,0.0,0.0,0.03,0.0,1.0,4.811517766756257e-05,4.811517766756257e-05,0.0,0.0,0.070220728436073,0.7693144676272122,0.0153862893525442,0.0,0.1,0.2,0.0,0.0,7,0,0.9297792715639268,0.7693144676272122,decision_level_baseline_vs_candidate_path_memory_gap_audit,outer_loop_spatial_flow_belief_safe_explore_exploit_memory_v2_2
balanced_cluster,spatial_flow_belief_memory_h30,30,final_heldout,0,r10_l7_full_domain_randomisation_arena_wide_training,r10_l7_full_domain_randomisation_arena_wide_training,r10_balanced_cluster_spatial_flow_belief_memory_h30_final_0000,3,inflight_boundary_near,boundary_near,recovery,primvar_recovery_transition_object_5e492c9a9375,baseline_and_memory_winner_match,True,primvar_recovery_transition_object_5e492c9a9375,primvar_recovery_transition_object_5e492c9a9375,0.0,0.0,0.03,0.0,1.0,-5.043897318612878e-05,-5.043897318612878e-05,0.0,0.0,0.0455762594312369,0.8921413909279933,0.0178428278185598,0.0,0.1,0.2,0.0,0.0,0,0,0.954423740568763,0.8921413909279933,decision_level_baseline_vs_candidate_path_memory_gap_audit,outer_loop_spatial_flow_belief_safe_explore_exploit_memory_v2_2
balanced_cluster,spatial_flow_belief_memory_h30,30,final_heldout,0,r10_l7_full_domain_randomisation_arena_wide_training,r10_l7_full_domain_randomisation_arena_wide_training,r10_balanced_cluster_spatial_flow_belief_memory_h30_final_0000,4,inflight_boundary_near,boundary_near,mild_turn_left,primvar_mild_turn_left_transition_object_72b921ad790a,baseline_and_memory_winner_match,True,primvar_mild_turn_left_transition_object_72b921ad790a,primvar_mild_turn_left_transition_object_72b921ad790a,0.0,0.0,0.03,0.0,1.0,-6.716496038672304e-06,-6.716496038672304e-06,0.0,0.0,0.0350697634034953,0.9649302365965048,0.01929860473193,0.0,0.1,0.2,0.0,0.0,0,0,0.9649302365965048,0.9649302365965048,decision_level_baseline_vs_candidate_path_memory_gap_audit,outer_loop_spatial_flow_belief_safe_explore_exploit_memory_v2_2
balanced_cluster,spatial_flow_belief_memory_h30,30,final_heldout,0,r10_l7_full_domain_randomisation_arena_wide_training,r10_l7_full_domain_randomisation_arena_wide_training,r10_balanced_cluster_spatial_flow_belief_memory_h30_final_0000,5,inflight_boundary_near,boundary_near,mild_turn_left,primvar_mild_turn_left_transition_object_72b921ad790a,baseline_and_memory_winner_match,True,primvar_mild_turn_left_transition_object_72b921ad790a,primvar_mild_turn_left_transition_object_72b921ad790a,0.0,0.0,0.03,0.0,1.0,-9.541577281391156e-06,-9.541577281391156e-06,0.0,0.0,0.0347883380912603,0.9652116619087396,0.0193042332381747,0.0,0.1,0.2,0.0,0.0,0,0,0.9652116619087396,0.9652116619087396,decision_level_baseline_vs_candidate_path_memory_gap_audit,outer_loop_spatial_flow_belief_safe_explore_exploit_memory_v2_2
balanced_cluster,spatial_flow_belief_memory_h30,30,final_heldout,0,r10_l7_full_domain_randomisation_arena_wide_training,r10_l7_full_domain_randomisation_arena_wide_training,r10_balanced_cluster_spatial_flow_belief_memory_h30_final_0000,6,inflight_boundary_near,boundary_near,mild_turn_left,primvar_mild_turn_left_transition_object_72b921ad790a,baseline_and_memory_winner_match,True,primvar_mild_turn_left_transition_object_72b921ad790a,primvar_mild_turn_left_transition_object_72b921ad790a,0.0,0.0,0.03,0.0,1.0,-1.704638006150283e-05,-1.704638006150283e-05,0.0,0.0,0.026438961472904,0.973561038527096,0.0194712207705419,0.0,0.1,0.2,0.0,0.0,0,0,0.973561038527096,0.973561038527096,decision_level_baseline_vs_candidate_path_memory_gap_audit,outer_loop_spatial_flow_belief_safe_explore_exploit_memory_v2_2
balanced_cluster,spatial_flow_belief_memory_h30,30,final_heldout,0,r10_l7_full_domain_randomisation_arena_wide_training,r10_l7_full_domain_randomisation_arena_wide_training,r10_balanced_cluster_spatial_flow_belief_memory_h30_final_0000,7,inflight_boundary_near,boundary_near,mild_turn_left,primvar_mild_turn_left_transition_object_72b921ad790a,baseline_and_memory_winner_match,True,primvar_mild_turn_left_transition_object_72b921ad790a,primvar_mild_turn_left_transition_object_72b921ad790a,0.0,0.0,0.03,0.0,1.0,-2.4505569680810524e-05,-2.4505569680810524e-05,0.0,0.0,0.0298665628728835,0.9701334371271164,0.0194026687425423,0.0,0.1,0.2,0.0,0.0,0,0,0.9701334371271164,0.9701334371271164,decision_level_baseline_vs_candidate_path_memory_gap_audit,outer_loop_spatial_flow_belief_safe_explore_exploit_memory_v2_2
balanced_cluster,spatial_flow_belief_memory_h30,30,final_heldout,0,r10_l7_full_domain_randomisation_arena_wide_training,r10_l7_full_domain_randomisation_arena_wide_training,r10_balanced_cluster_spatial_flow_belief_memory_h30_final_0000,8,inflight_boundary_near,boundary_near,mild_turn_left,primvar_mild_turn_left_transition_object_72b921ad790a,baseline_and_memory_winner_match,True,primvar_mild_turn_left_transition_object_72b921ad790a,primvar_mild_turn_left_transition_object_72b921ad790a,0.0,0.0,0.03,0.0,1.0,-1.540607999239718e-05,-1.540607999239718e-05,0.0,0.0,0.0267305358422605,0.9732694641577394,0.0194653892831547,0.0,0.1,0.2,0.0,0.0,0,0,0.9732694641577394,0.9732694641577394,decision_level_baseline_vs_candidate_path_memory_gap_audit,outer_loop_spatial_flow_belief_safe_explore_exploit_memory_v2_2
balanced_cluster,spatial_flow_belief_memory_h30,30,final_heldout,5,r10_l7_full_domain_randomisation_arena_wide_training,r10_l7_full_domain_randomisation_arena_wide_training,r10_balanced_cluster_spatial_flow_belief_memory_h30_final_0005,0,launch_gate,launch_gate,mild_turn_right,primvar_mild_turn_right_transition_object_31fc88ec0052,baseline_and_memory_winner_match,True,primvar_mild_turn_right_transition_object_31fc88ec0052,primvar_mild_turn_right_transition_object_31fc88ec0052,0.0,0.0,0.03,0.0,1.0,-8.144600115445044e-07,-8.144600115445044e-07,0.0,0.0,0.0013980848108344,0.7691273569880135,0.0153825471397602,0.0,0.1,0.2,0.0,0.0,7,0,0.9986019151891656,0.7691273569880135,decision_level_baseline_vs_candidate_path_memory_gap_audit,outer_loop_spatial_flow_belief_safe_explore_exploit_memory_v2_2
balanced_cluster,spatial_flow_belief_memory_h30,30,final_heldout,5,r10_l7_full_domain_randomisation_arena_wide_training,r10_l7_full_domain_randomisation_arena_wide_training,r10_balanced_cluster_spatial_flow_belief_memory_h30_final_0005,1,inflight_boundary_near,boundary_near,lift_dwell_arc,primvar_lift_dwell_arc_transition_object_429425bf6b2c,baseline_and_memory_winner_match,True,primvar_lift_dwell_arc_transition_object_429425bf6b2c,primvar_lift_dwell_arc_transition_object_429425bf6b2c,0.0,0.0,0.03,0.0,1.0,0.0004234030811139,0.0004234030811139,0.0,0.0,0.0341490838522084,0.78226958993748,0.0156453917987496,0.0,0.1,0.2,0.0,0.0,7,0,0.9658509161477916,0.78226958993748,decision_level_baseline_vs_candidate_path_memory_gap_audit,outer_loop_spatial_flow_belief_safe_explore_exploit_memory_v2_2
balanced_cluster,spatial_flow_belief_memory_h30,30,final_heldout,5,r10_l7_full_domain_randomisation_arena_wide_training,r10_l7_full_domain_randomisation_arena_wide_training,r10_balanced_cluster_spatial_flow_belief_memory_h30_final_0005,2,inflight_boundary_near,boundary_near,recovery,primvar_recovery_transition_object_5e492c9a9375,baseline_and_memory_winner_match,True,primvar_recovery_transition_object_5e492c9a9375,primvar_recovery_transition_object_5e492c9a9375,0.0,0.0,0.03,0.0,1.0,0.0003720309075139,0.0003720309075139,0.0,0.0,0.0329457251962573,0.8162262079497449,0.0163245241589948,0.0,0.1,0.2,0.0,0.0,7,0,0.9670542748037426,0.8162262079497449,decision_level_baseline_vs_candidate_path_memory_gap_audit,outer_loop_spatial_flow_belief_safe_explore_exploit_memory_v2_2
balanced_cluster,spatial_flow_belief_memory_h30,30,final_heldout,5,r10_l7_full_domain_randomisation_arena_wide_training,r10_l7_full_domain_randomisation_arena_wide_training,r10_balanced_cluster_spatial_flow_belief_memory_h30_final_0005,3,inflight_boundary_near,boundary_near,recovery,primvar_recovery_transition_object_5e492c9a9375,baseline_and_memory_winner_match,True,primvar_recovery_transition_object_5e492c9a9375,primvar_recovery_transition_object_5e492c9a9375,0.0,0.0,0.03,0.0,1.0,0.0003068252261129,0.0003068252261129,0.0,0.0,0.0371229329175926,0.9197088776378656,0.0183941775527573,0.0,0.1,0.2,0.0,0.0,0,0,0.9628770670824074,0.9197088776378656,decision_level_baseline_vs_candidate_path_memory_gap_audit,outer_loop_spatial_flow_belief_safe_explore_exploit_memory_v2_2
balanced_cluster,spatial_flow_belief_memory_h30,30,final_heldout,5,r10_l7_full_domain_randomisation_arena_wide_training,r10_l7_full_domain_randomisation_arena_wide_training,r10_balanced_cluster_spatial_flow_belief_memory_h30_final_0005,4,inflight_boundary_near,boundary_near,glide,primvar_glide_transition_object_a48e56700ce9,baseline_and_memory_winner_match,True,primvar_glide_transition_object_a48e56700ce9,primvar_glide_transition_object_a48e56700ce9,0.0,0.0,0.03,0.0,1.0,0.0002424918219099,0.0002424918219099,0.0,0.0,0.0450173647826313,0.9549826352173688,0.0190996527043473,0.0,0.1,0.2,0.0,0.0,0,0,0.9549826352173688,0.9549826352173688,decision_level_baseline_vs_candidate_path_memory_gap_audit,outer_loop_spatial_flow_belief_safe_explore_exploit_memory_v2_2
balanced_cluster,spatial_flow_belief_memory_h30,30,final_heldout,5,r10_l7_full_domain_randomisation_arena_wide_training,r10_l7_full_domain_randomisation_arena_wide_training,r10_balanced_cluster_spatial_flow_belief_memory_h30_final_0005,5,inflight_boundary_near,boundary_near,mild_turn_left,primvar_mild_turn_left_transition_object_72b921ad790a,baseline_and_memory_winner_match,True,primvar_mild_turn_left_transition_object_72b921ad790a,primvar_mild_turn_left_transition_object_72b921ad790a,0.0,0.0,0.03,0.0,1.0,9.329197546703584e-05,9.329197546703584e-05,0.0,0.0,0.0409820850172257,0.9590179149827742,0.0191803582996554,0.0,0.1,0.2,0.0,0.0,0,0,0.9590179149827742,0.9590179149827742,decision_level_baseline_vs_candidate_path_memory_gap_audit,outer_loop_spatial_flow_belief_safe_explore_exploit_memory_v2_2
balanced_cluster,spatial_flow_belief_memory_h30,30,final_heldout,5,r10_l7_full_domain_randomisation_arena_wide_training,r10_l7_full_domain_randomisation_arena_wide_training,r10_balanced_cluster_spatial_flow_belief_memory_h30_final_0005,6,inflight_boundary_near,boundary_near,mild_turn_left,primvar_mild_turn_left_transition_object_72b921ad790a,baseline_and_memory_winner_match,True,primvar_mild_turn_left_transition_object_72b921ad790a,primvar_mild_turn_left_transition_object_72b921ad790a,0.0,0.0,0.03,0.0,1.0,1.3872428821226634e-05,1.3872428821226634e-05,0.0,0.0,0.0345535683342606,0.9654464316657394,0.0193089286333147,0.0,0.1,0.2,0.0,0.0,0,0,0.9654464316657394,0.9654464316657394,decision_level_baseline_vs_candidate_path_memory_gap_audit,outer_loop_spatial_flow_belief_safe_explore_exploit_memory_v2_2
balanced_cluster,spatial_flow_belief_memory_h30,30,final_heldout,5,r10_l7_full_domain_randomisation_arena_wide_training,r10_l7_full_domain_randomisation_arena_wide_training,r10_balanced_cluster_spatial_flow_belief_memory_h30_final_0005,7,inflight_boundary_near,boundary_near,mild_turn_left,primvar_mild_turn_left_transition_object_72b921ad790a,baseline_and_memory_winner_match,True,primvar_mild_turn_left_transition_object_72b921ad790a,primvar_mild_turn_left_transition_object_72b921ad790a,0.0,0.0,0.03,0.0,1.0,-4.6360111175758334e-05,-4.6360111175758334e-05,0.0,0.0,0.0380570803928244,0.9619429196071756,0.0192388583921435,0.0,0.1,0.2,0.0,0.0,0,0,0.9619429196071756,0.9619429196071756,decision_level_baseline_vs_candidate_path_memory_gap_audit,outer_loop_spatial_flow_belief_safe_explore_exploit_memory_v2_2
balanced_cluster,spatial_flow_belief_memory_h30,30,final_heldout,5,r10_l7_full_domain_randomisation_arena_wide_training,r10_l7_full_domain_randomisation_arena_wide_training,r10_balanced_cluster_spatial_flow_belief_memory_h30_final_0005,8,inflight_boundary_near,boundary_near,mild_turn_left,primvar_mild_turn_left_transition_object_72b921ad790a,baseline_and_memory_winner_match,True,primvar_mild_turn_left_transition_object_72b921ad790a,primvar_mild_turn_left_transition_object_72b921ad790a,0.0,0.0,0.03,0.0,1.0,-4.0080537330622334e-05,-4.0080537330622334e-05,0.0,0.0,0.029514864691715,0.970485135308285,0.0194097027061657,0.0,0.1,0.2,0.0,0.0,0,0,0.970485135308285,0.970485135308285,decision_level_baseline_vs_candidate_path_memory_gap_audit,outer_loop_spatial_flow_belief_safe_explore_exploit_memory_v2_2
balanced_cluster,spatial_flow_belief_memory_h30,30,final_heldout,1,r10_l7_full_domain_randomisation_arena_wide_training,r10_l7_full_domain_randomisation_arena_wide_training,r10_balanced_cluster_spatial_flow_belief_memory_h30_final_0001,0,launch_gate,launch_gate,glide,primvar_glide_transition_object_ad817af95d9e,baseline_and_memory_winner_match,True,primvar_glide_transition_object_ad817af95d9e,primvar_glide_transition_object_ad817af95d9e,0.0,0.0,0.03,0.0,1.0,3.508061030221832e-05,3.508061030221832e-05,0.0,0.0,0.0318493762827416,0.5728945359839909,0.0114578907196798,0.0,0.1,0.2,0.0,0.0,7,0,0.9681506237172584,0.5728945359839909,decision_level_baseline_vs_candidate_path_memory_gap_audit,outer_loop_spatial_flow_belief_safe_explore_exploit_memory_v2_2
balanced_cluster,spatial_flow_belief_memory_h30,30,final_heldout,1,r10_l7_full_domain_randomisation_arena_wide_training,r10_l7_full_domain_randomisation_arena_wide_training,r10_balanced_cluster_spatial_flow_belief_memory_h30_final_0001,1,inflight_nominal,inflight_stable,lift_entry,primvar_lift_entry_transition_object_a65393bbc7f9,baseline_and_memory_winner_match,True,primvar_lift_entry_transition_object_a65393bbc7f9,primvar_lift_entry_transition_object_a65393bbc7f9,0.0,0.0,0.03,0.0,1.0,9.616813209190056e-05,9.616813209190056e-05,0.0,0.0,0.080115352648786,0.5403320956754958,0.0108066419135099,0.0,0.1,0.2,0.0,0.0,7,0,0.919884647351214,0.5403320956754958,decision_level_baseline_vs_candidate_path_memory_gap_audit,outer_loop_spatial_flow_belief_safe_explore_exploit_memory_v2_2
balanced_cluster,spatial_flow_belief_memory_h30,30,final_heldout,1,r10_l7_full_domain_randomisation_arena_wide_training,r10_l7_full_domain_randomisation_arena_wide_training,r10_balanced_cluster_spatial_flow_belief_memory_h30_final_0001,2,inflight_nominal,inflight_stable,lift_entry,primvar_lift_entry_transition_object_a65393bbc7f9,baseline_and_memory_winner_match,True,primvar_lift_entry_transition_object_a65393bbc7f9,primvar_lift_entry_transition_object_a65393bbc7f9,0.0,0.0,0.03,0.0,1.0,-1.9661395351810995e-06,-1.9661395351810995e-06,0.0,0.0,0.0800000000000949,0.5726048231259904,0.0114520964625198,0.0,0.1,0.2,0.0,0.0,7,0,0.9199999999999052,0.5726048231259904,decision_level_baseline_vs_candidate_path_memory_gap_audit,outer_loop_spatial_flow_belief_safe_explore_exploit_memory_v2_2
balanced_cluster,spatial_flow_belief_memory_h30,30,final_heldout,1,r10_l7_full_domain_randomisation_arena_wide_training,r10_l7_full_domain_randomisation_arena_wide_training,r10_balanced_cluster_spatial_flow_belief_memory_h30_final_0001,3,inflight_nominal,inflight_stable,lift_entry,primvar_lift_entry_transition_object_a65393bbc7f9,baseline_and_memory_winner_match,True,primvar_lift_entry_transition_object_a65393bbc7f9,primvar_lift_entry_transition_object_a65393bbc7f9,0.0,0.0,0.03,0.0,1.0,-4.120545147046073e-05,-4.120545147046073e-05,0.0,0.0,0.0800000000001202,0.6137554139888257,0.0122751082797765,0.0,0.1,0.2,0.0,0.0,7,0,0.9199999999998796,0.6137554139888257,decision_level_baseline_vs_candidate_path_memory_gap_audit,outer_loop_spatial_flow_belief_safe_explore_exploit_memory_v2_2
balanced_cluster,spatial_flow_belief_memory_h30,30,final_heldout,1,r10_l7_full_domain_randomisation_arena_wide_training,r10_l7_full_domain_randomisation_arena_wide_training,r10_balanced_cluster_spatial_flow_belief_memory_h30_final_0001,4,inflight_nominal,inflight_stable,lift_entry,primvar_lift_entry_transition_object_cbc5fe69f0f0,baseline_and_memory_winner_match,True,primvar_lift_entry_transition_object_cbc5fe69f0f0,primvar_lift_entry_transition_object_cbc5fe69f0f0,0.0,0.0,0.03,0.0,1.0,-0.0001149063449759,-0.0001149063449759,0.0,0.0,0.0359034045828849,0.7459376911467211,0.0149187538229344,0.0,0.1,0.2,0.0,0.0,7,0,0.9640965954171152,0.7459376911467211,decision_level_baseline_vs_candidate_path_memory_gap_audit,outer_loop_spatial_flow_belief_safe_explore_exploit_memory_v2_2
balanced_cluster,spatial_flow_belief_memory_h30,30,final_heldout,1,r10_l7_full_domain_randomisation_arena_wide_training,r10_l7_full_domain_randomisation_arena_wide_training,r10_balanced_cluster_spatial_flow_belief_memory_h30_final_0001,5,inflight_nominal,inflight_stable,lift_entry,primvar_lift_entry_transition_object_cbc5fe69f0f0,baseline_and_memory_winner_match,True,primvar_lift_entry_transition_object_cbc5fe69f0f0,primvar_lift_entry_transition_object_cbc5fe69f0f0,0.0,0.0,0.03,0.0,1.0,-0.0001140552779734,-0.0001140552779734,0.0,0.0,0.0309998966858314,0.8284467192111367,0.0165689343842227,0.0,0.1,0.2,0.0,0.0,4,0,0.9690001033141684,0.8284467192111367,decision_level_baseline_vs_candidate_path_memory_gap_audit,outer_loop_spatial_flow_belief_safe_explore_exploit_memory_v2_2
balanced_cluster,spatial_flow_belief_memory_h30,30,final_heldout,1,r10_l7_full_domain_randomisation_arena_wide_training,r10_l7_full_domain_randomisation_arena_wide_training,r10_balanced_cluster_spatial_flow_belief_memory_h30_final_0001,6,inflight_nominal,inflight_stable,lift_entry,primvar_lift_entry_transition_object_cbc5fe69f0f0,baseline_and_memory_winner_match,True,primvar_lift_entry_transition_object_cbc5fe69f0f0,primvar_lift_entry_transition_object_cbc5fe69f0f0,0.0,0.0,0.03,0.0,1.0,-0.0001300547717397,-0.0001300547717397,0.0,0.0,0.0337658345018525,0.9329169410575138,0.0186583388211502,0.0,0.1,0.2,0.0,0.0,0,0,0.9662341654981474,0.9329169410575138,decision_level_baseline_vs_candidate_path_memory_gap_audit,outer_loop_spatial_flow_belief_safe_explore_exploit_memory_v2_2
balanced_cluster,spatial_flow_belief_memory_h30,30,final_heldout,1,r10_l7_full_domain_randomisation_arena_wide_training,r10_l7_full_domain_randomisation_arena_wide_training,r10_balanced_cluster_spatial_flow_belief_memory_h30_final_0001,7,inflight_boundary_near,boundary_near,energy_retaining_bank,primvar_energy_retaining_bank_transition_object_f378f7a74cce,baseline_and_memory_winner_match,True,primvar_energy_retaining_bank_transition_object_f378f7a74cce,primvar_energy_retaining_bank_transition_object_f378f7a74cce,0.0,0.0,0.03,0.0,1.0,-0.0001249444377924,-0.0001249444377924,0.0,0.0,0.0337269391959878,0.966273060804012,0.0193254612160802,0.0,0.1,0.2,0.0,0.0,0,0,0.966273060804012,0.966273060804012,decision_level_baseline_vs_candidate_path_memory_gap_audit,outer_loop_spatial_flow_belief_safe_explore_exploit_memory_v2_2
balanced_cluster,spatial_flow_belief_memory_h30,30,final_heldout,1,r10_l7_full_domain_randomisation_arena_wide_training,r10_l7_full_domain_randomisation_arena_wide_training,r10_balanced_cluster_spatial_flow_belief_memory_h30_final_0001,8,inflight_boundary_near,boundary_near,mild_turn_right,primvar_mild_turn_right_transition_object_79dc6a9b8274,baseline_and_memory_winner_match,True,primvar_mild_turn_right_transition_object_79dc6a9b8274,primvar_mild_turn_right_transition_object_79dc6a9b8274,0.0,0.0,0.03,0.0,1.0,-5.246496945199297e-05,-5.246496945199297e-05,0.0,0.0,0.0312617356677144,0.9687382643322856,0.0193747652866457,0.0,0.1,0.2,0.0,0.0,0,0,0.9687382643322856,0.9687382643322856,decision_level_baseline_vs_candidate_path_memory_gap_audit,outer_loop_spatial_flow_belief_safe_explore_exploit_memory_v2_2
balanced_cluster,spatial_flow_belief_memory_h30,30,final_heldout,1,r10_l7_full_domain_randomisation_arena_wide_training,r10_l7_full_domain_randomisation_arena_wide_training,r10_balanced_cluster_spatial_flow_belief_memory_h30_final_0001,9,inflight_boundary_near,boundary_near,mild_turn_right,primvar_mild_turn_right_transition_object_79dc6a9b8274,baseline_and_memory_winner_match,True,primvar_mild_turn_right_transition_object_79dc6a9b8274,primvar_mild_turn_right_transition_object_79dc6a9b8274,0.0,0.0,0.03,0.0,1.0,2.304364915328705e-06,2.304364915328705e-06,0.0,0.0,0.0476556451447313,0.9523443548552688,0.0190468870971053,0.0,0.1,0.2,0.0,0.0,0,0,0.9523443548552688,0.9523443548552688,decision_level_baseline_vs_candidate_path_memory_gap_audit,outer_loop_spatial_flow_belief_safe_explore_exploit_memory_v2_2
balanced_cluster,spatial_flow_belief_memory_h30,30,final_heldout,1,r10_l7_full_domain_randomisation_arena_wide_training,r10_l7_full_domain_randomisation_arena_wide_training,r10_balanced_cluster_spatial_flow_belief_memory_h30_final_0001,10,inflight_boundary_near,boundary_near,mild_turn_right,primvar_mild_turn_right_transition_object_79dc6a9b8274,baseline_and_memory_winner_match,True,primvar_mild_turn_right_transition_object_79dc6a9b8274,primvar_mild_turn_right_transition_object_79dc6a9b8274,0.0,0.0,0.03,0.0,1.0,0.0001260110446512,0.0001260110446512,0.0,0.0,0.0387634739076363,0.9612365260923637,0.0192247305218472,0.0,0.1,0.2,0.0,0.0,0,0,0.9612365260923637,0.9612365260923637,decision_level_baseline_vs_candidate_path_memory_gap_audit,outer_loop_spatial_flow_belief_safe_explore_exploit_memory_v2_2
balanced_cluster,spatial_flow_belief_memory_h30,30,final_heldout,1,r10_l7_full_domain_randomisation_arena_wide_training,r10_l7_full_domain_randomisation_arena_wide_training,r10_balanced_cluster_spatial_flow_belief_memory_h30_final_0001,11,inflight_boundary_near,boundary_near,lift_dwell_arc,primvar_lift_dwell_arc_transition_object_3d4acb04abc7,baseline_and_memory_winner_match,True,primvar_lift_dwell_arc_transition_object_3d4acb04abc7,primvar_lift_dwell_arc_transition_object_3d4acb04abc7,0.0,0.0,0.03,0.0,1.0,0.0001249105153846,0.0001249105153846,0.0,0.0,0.0316722317173245,0.9683277682826754,0.0193665553656535,0.0,0.1,0.2,0.0,0.0,0,0,0.9683277682826754,0.9683277682826754,decision_level_baseline_vs_candidate_path_memory_gap_audit,outer_loop_spatial_flow_belief_safe_explore_exploit_memory_v2_2
light_cluster,no_memory_baseline,0,final_heldout,0,r10_l7_full_domain_randomisation_arena_wide_training,r10_l7_full_domain_randomisation_arena_wide_training,r10_light_cluster_no_memory_baseline_final_0000,0,launch_gate,launch_gate,lift_dwell_arc,primvar_lift_dwell_arc_transition_object_6ae229f6947e,not_active_no_candidate_path_memory,True,primvar_lift_dwell_arc_transition_object_6ae229f6947e,primvar_lift_dwell_arc_transition_object_6ae229f6947e,0.0,0.0,0.03,0.0,0.0,0.0,0.0,0.0,0.0,0.0,0.7059084560289167,0.0,0.0,0.1,0.2,0.0,0.0,0,0,1.0,0.7059084560289167,decision_level_baseline_vs_candidate_path_memory_gap_audit,outer_loop_spatial_flow_belief_safe_explore_exploit_memory_v2_2
light_cluster,no_memory_baseline,0,final_heldout,0,r10_l7_full_domain_randomisation_arena_wide_training,r10_l7_full_domain_randomisation_arena_wide_training,r10_light_cluster_no_memory_baseline_final_0000,1,inflight_boundary_near,boundary_near,lift_dwell_arc,primvar_lift_dwell_arc_transition_object_cd89af02a2de,not_active_no_candidate_path_memory,True,primvar_lift_dwell_arc_transition_object_cd89af02a2de,primvar_lift_dwell_arc_transition_object_cd89af02a2de,0.0,0.0,0.03,0.0,0.0,0.0,0.0,0.0,0.0,0.0,0.7654284310952739,0.0,0.0,0.1,0.2,0.0,0.0,0,0,1.0,0.7654284310952739,decision_level_baseline_vs_candidate_path_memory_gap_audit,outer_loop_spatial_flow_belief_safe_explore_exploit_memory_v2_2
light_cluster,no_memory_baseline,0,final_heldout,0,r10_l7_full_domain_randomisation_arena_wide_training,r10_l7_full_domain_randomisation_arena_wide_training,r10_light_cluster_no_memory_baseline_final_0000,2,inflight_boundary_near,boundary_near,lift_dwell_arc,primvar_lift_dwell_arc_transition_object_cd89af02a2de,not_active_no_candidate_path_memory,True,primvar_lift_dwell_arc_transition_object_cd89af02a2de,primvar_lift_dwell_arc_transition_object_cd89af02a2de,0.0,0.0,0.03,0.0,0.0,0.0,0.0,0.0,0.0,0.0,0.8413161534866047,0.0,0.0,0.1,0.2,0.0,0.0,0,0,1.0,0.8413161534866047,decision_level_baseline_vs_candidate_path_memory_gap_audit,outer_loop_spatial_flow_belief_safe_explore_exploit_memory_v2_2
light_cluster,no_memory_baseline,0,final_heldout,0,r10_l7_full_domain_randomisation_arena_wide_training,r10_l7_full_domain_randomisation_arena_wide_training,r10_light_cluster_no_memory_baseline_final_0000,3,inflight_boundary_near,boundary_near,lift_dwell_arc,primvar_lift_dwell_arc_transition_object_cd89af02a2de,not_active_no_candidate_path_memory,True,primvar_lift_dwell_arc_transition_object_cd89af02a2de,primvar_lift_dwell_arc_transition_object_cd89af02a2de,0.0,0.0,0.03,0.0,0.0,0.0,0.0,0.0,0.0,0.0,0.9484337917706542,0.0,0.0,0.1,0.2,0.0,0.0,0,0,1.0,0.9484337917706542,decision_level_baseline_vs_candidate_path_memory_gap_audit,outer_loop_spatial_flow_belief_safe_explore_exploit_memory_v2_2
light_cluster,no_memory_baseline,0,final_heldout,0,r10_l7_full_domain_randomisation_arena_wide_training,r10_l7_full_domain_randomisation_arena_wide_training,r10_light_cluster_no_memory_baseline_final_0000,4,inflight_boundary_near,boundary_near,glide,primvar_glide_transition_object_da985aa75290,not_active_no_candidate_path_memory,True,primvar_glide_transition_object_da985aa75290,primvar_glide_transition_object_da985aa75290,0.0,0.0,0.03,0.0,0.0,0.0,0.0,0.0,0.0,0.0,1.0,0.0,0.0,0.1,0.2,0.0,0.0,0,0,1.0,1.0,decision_level_baseline_vs_candidate_path_memory_gap_audit,outer_loop_spatial_flow_belief_safe_explore_exploit_memory_v2_2
light_cluster,no_memory_baseline,0,final_heldout,0,r10_l7_full_domain_randomisation_arena_wide_training,r10_l7_full_domain_randomisation_arena_wide_training,r10_light_cluster_no_memory_baseline_final_0000,5,inflight_boundary_near,boundary_near,glide,primvar_glide_transition_object_da985aa75290,not_active_no_candidate_path_memory,True,primvar_glide_transition_object_da985aa75290,primvar_glide_transition_object_da985aa75290,0.0,0.0,0.03,0.0,0.0,0.0,0.0,0.0,0.0,0.0,1.0,0.0,0.0,0.1,0.2,0.0,0.0,0,0,1.0,1.0,decision_level_baseline_vs_candidate_path_memory_gap_audit,outer_loop_spatial_flow_belief_safe_explore_exploit_memory_v2_2
light_cluster,no_memory_baseline,0,final_heldout,0,r10_l7_full_domain_randomisation_arena_wide_training,r10_l7_full_domain_randomisation_arena_wide_training,r10_light_cluster_no_memory_baseline_final_0000,6,inflight_boundary_near,boundary_near,glide,primvar_glide_transition_object_da985aa75290,not_active_no_candidate_path_memory,True,primvar_glide_transition_object_da985aa75290,primvar_glide_transition_object_da985aa75290,0.0,0.0,0.03,0.0,0.0,0.0,0.0,0.0,0.0,0.0,1.0,0.0,0.0,0.1,0.2,0.0,0.0,0,0,1.0,1.0,decision_level_baseline_vs_candidate_path_memory_gap_audit,outer_loop_spatial_flow_belief_safe_explore_exploit_memory_v2_2
light_cluster,no_memory_baseline,0,final_heldout,0,r10_l7_full_domain_randomisation_arena_wide_training,r10_l7_full_domain_randomisation_arena_wide_training,r10_light_cluster_no_memory_baseline_final_0000,7,inflight_boundary_near,boundary_near,glide,primvar_glide_transition_object_da985aa75290,not_active_no_candidate_path_memory,True,primvar_glide_transition_object_da985aa75290,primvar_glide_transition_object_da985aa75290,0.0,0.0,0.03,0.0,0.0,0.0,0.0,0.0,0.0,0.0,1.0,0.0,0.0,0.1,0.2,0.0,0.0,0,0,1.0,1.0,decision_level_baseline_vs_candidate_path_memory_gap_audit,outer_loop_spatial_flow_belief_safe_explore_exploit_memory_v2_2
light_cluster,no_memory_baseline,0,final_heldout,0,r10_l7_full_domain_randomisation_arena_wide_training,r10_l7_full_domain_randomisation_arena_wide_training,r10_light_cluster_no_memory_baseline_final_0000,8,inflight_boundary_near,boundary_near,glide,primvar_glide_transition_object_da985aa75290,not_active_no_candidate_path_memory,True,primvar_glide_transition_object_da985aa75290,primvar_glide_transition_object_da985aa75290,0.0,0.0,0.03,0.0,0.0,0.0,0.0,0.0,0.0,0.0,1.0,0.0,0.0,0.1,0.2,0.0,0.0,0,0,1.0,1.0,decision_level_baseline_vs_candidate_path_memory_gap_audit,outer_loop_spatial_flow_belief_safe_explore_exploit_memory_v2_2
light_cluster,no_memory_baseline,0,final_heldout,1,r10_l7_full_domain_randomisation_arena_wide_training,r10_l7_full_domain_randomisation_arena_wide_training,r10_light_cluster_no_memory_baseline_final_0001,0,launch_gate,launch_gate,glide,primvar_glide_transition_object_ad817af95d9e,not_active_no_candidate_path_memory,True,primvar_glide_transition_object_ad817af95d9e,primvar_glide_transition_object_ad817af95d9e,0.0,0.0,0.03,0.0,0.0,0.0,0.0,0.0,0.0,0.0,0.5917411216287154,0.0,0.0,0.1,0.2,0.0,0.0,0,0,1.0,0.5917411216287154,decision_level_baseline_vs_candidate_path_memory_gap_audit,outer_loop_spatial_flow_belief_safe_explore_exploit_memory_v2_2
light_cluster,no_memory_baseline,0,final_heldout,1,r10_l7_full_domain_randomisation_arena_wide_training,r10_l7_full_domain_randomisation_arena_wide_training,r10_light_cluster_no_memory_baseline_final_0001,1,inflight_nominal,inflight_stable,lift_entry,primvar_lift_entry_transition_object_a65393bbc7f9,not_active_no_candidate_path_memory,True,primvar_lift_entry_transition_object_a65393bbc7f9,primvar_lift_entry_transition_object_a65393bbc7f9,0.0,0.0,0.03,0.0,0.0,0.0,0.0,0.0,0.0,0.0,0.5873911443476845,0.0,0.0,0.1,0.2,0.0,0.0,0,0,1.0,0.5873911443476845,decision_level_baseline_vs_candidate_path_memory_gap_audit,outer_loop_spatial_flow_belief_safe_explore_exploit_memory_v2_2
light_cluster,no_memory_baseline,0,final_heldout,1,r10_l7_full_domain_randomisation_arena_wide_training,r10_l7_full_domain_randomisation_arena_wide_training,r10_light_cluster_no_memory_baseline_final_0001,2,inflight_nominal,inflight_stable,lift_entry,primvar_lift_entry_transition_object_a65393bbc7f9,not_active_no_candidate_path_memory,True,primvar_lift_entry_transition_object_a65393bbc7f9,primvar_lift_entry_transition_object_a65393bbc7f9,0.0,0.0,0.03,0.0,0.0,0.0,0.0,0.0,0.0,0.0,0.6223965468761407,0.0,0.0,0.1,0.2,0.0,0.0,0,0,1.0,0.6223965468761407,decision_level_baseline_vs_candidate_path_memory_gap_audit,outer_loop_spatial_flow_belief_safe_explore_exploit_memory_v2_2
light_cluster,no_memory_baseline,0,final_heldout,1,r10_l7_full_domain_randomisation_arena_wide_training,r10_l7_full_domain_randomisation_arena_wide_training,r10_light_cluster_no_memory_baseline_final_0001,3,inflight_nominal,inflight_stable,lift_entry,primvar_lift_entry_transition_object_a65393bbc7f9,not_active_no_candidate_path_memory,True,primvar_lift_entry_transition_object_a65393bbc7f9,primvar_lift_entry_transition_object_a65393bbc7f9,0.0,0.0,0.03,0.0,0.0,0.0,0.0,0.0,0.0,0.0,0.6671254499879413,0.0,0.0,0.1,0.2,0.0,0.0,0,0,1.0,0.6671254499879413,decision_level_baseline_vs_candidate_path_memory_gap_audit,outer_loop_spatial_flow_belief_safe_explore_exploit_memory_v2_2
light_cluster,no_memory_baseline,0,final_heldout,1,r10_l7_full_domain_randomisation_arena_wide_training,r10_l7_full_domain_randomisation_arena_wide_training,r10_light_cluster_no_memory_baseline_final_0001,4,inflight_nominal,inflight_stable,recovery,primvar_recovery_transition_object_a9d2daacfd0f,not_active_no_candidate_path_memory,True,primvar_recovery_transition_object_a9d2daacfd0f,primvar_recovery_transition_object_a9d2daacfd0f,0.0,0.0,0.03,0.0,0.0,0.0,0.0,0.0,0.0,0.0,0.7730954519151827,0.0,0.0,0.1,0.2,0.0,0.0,0,0,1.0,0.7730954519151827,decision_level_baseline_vs_candidate_path_memory_gap_audit,outer_loop_spatial_flow_belief_safe_explore_exploit_memory_v2_2
light_cluster,no_memory_baseline,0,final_heldout,1,r10_l7_full_domain_randomisation_arena_wide_training,r10_l7_full_domain_randomisation_arena_wide_training,r10_light_cluster_no_memory_baseline_final_0001,5,inflight_nominal,inflight_stable,recovery,primvar_recovery_transition_object_a9d2daacfd0f,not_active_no_candidate_path_memory,True,primvar_recovery_transition_object_a9d2daacfd0f,primvar_recovery_transition_object_a9d2daacfd0f,0.0,0.0,0.03,0.0,0.0,0.0,0.0,0.0,0.0,0.0,0.8543447645096565,0.0,0.0,0.1,0.2,0.0,0.0,0,0,1.0,0.8543447645096565,decision_level_baseline_vs_candidate_path_memory_gap_audit,outer_loop_spatial_flow_belief_safe_explore_exploit_memory_v2_2
light_cluster,no_memory_baseline,0,final_heldout,1,r10_l7_full_domain_randomisation_arena_wide_training,r10_l7_full_domain_randomisation_arena_wide_training,r10_light_cluster_no_memory_baseline_final_0001,6,inflight_nominal,inflight_stable,recovery,primvar_recovery_transition_object_a9d2daacfd0f,not_active_no_candidate_path_memory,True,primvar_recovery_transition_object_a9d2daacfd0f,primvar_recovery_transition_object_a9d2daacfd0f,0.0,0.0,0.03,0.0,0.0,0.0,0.0,0.0,0.0,0.0,0.9651002794898071,0.0,0.0,0.1,0.2,0.0,0.0,0,0,1.0,0.9651002794898071,decision_level_baseline_vs_candidate_path_memory_gap_audit,outer_loop_spatial_flow_belief_safe_explore_exploit_memory_v2_2
light_cluster,no_memory_baseline,0,final_heldout,1,r10_l7_full_domain_randomisation_arena_wide_training,r10_l7_full_domain_randomisation_arena_wide_training,r10_light_cluster_no_memory_baseline_final_0001,7,inflight_boundary_near,boundary_near,energy_retaining_bank,primvar_energy_retaining_bank_transition_object_f378f7a74cce,not_active_no_candidate_path_memory,True,primvar_energy_retaining_bank_transition_object_f378f7a74cce,primvar_energy_retaining_bank_transition_object_f378f7a74cce,0.0,0.0,0.03,0.0,0.0,0.0,0.0,0.0,0.0,0.0,1.0,0.0,0.0,0.1,0.2,0.0,0.0,0,0,1.0,1.0,decision_level_baseline_vs_candidate_path_memory_gap_audit,outer_loop_spatial_flow_belief_safe_explore_exploit_memory_v2_2
light_cluster,no_memory_baseline,0,final_heldout,1,r10_l7_full_domain_randomisation_arena_wide_training,r10_l7_full_domain_randomisation_arena_wide_training,r10_light_cluster_no_memory_baseline_final_0001,8,inflight_boundary_near,boundary_near,mild_turn_right,primvar_mild_turn_right_transition_object_79dc6a9b8274,not_active_no_candidate_path_memory,True,primvar_mild_turn_right_transition_object_79dc6a9b8274,primvar_mild_turn_right_transition_object_79dc6a9b8274,0.0,0.0,0.03,0.0,0.0,0.0,0.0,0.0,0.0,0.0,1.0,0.0,0.0,0.1,0.2,0.0,0.0,0,0,1.0,1.0,decision_level_baseline_vs_candidate_path_memory_gap_audit,outer_loop_spatial_flow_belief_safe_explore_exploit_memory_v2_2
light_cluster,no_memory_baseline,0,final_heldout,1,r10_l7_full_domain_randomisation_arena_wide_training,r10_l7_full_domain_randomisation_arena_wide_training,r10_light_cluster_no_memory_baseline_final_0001,9,inflight_boundary_near,boundary_near,mild_turn_right,primvar_mild_turn_right_transition_object_79dc6a9b8274,not_active_no_candidate_path_memory,True,primvar_mild_turn_right_transition_object_79dc6a9b8274,primvar_mild_turn_right_transition_object_79dc6a9b8274,0.0,0.0,0.03,0.0,0.0,0.0,0.0,0.0,0.0,0.0,1.0,0.0,0.0,0.1,0.2,0.0,0.0,0,0,1.0,1.0,decision_level_baseline_vs_candidate_path_memory_gap_audit,outer_loop_spatial_flow_belief_safe_explore_exploit_memory_v2_2
light_cluster,no_memory_baseline,0,final_heldout,1,r10_l7_full_domain_randomisation_arena_wide_training,r10_l7_full_domain_randomisation_arena_wide_training,r10_light_cluster_no_memory_baseline_final_0001,10,inflight_boundary_near,boundary_near,lift_dwell_arc,primvar_lift_dwell_arc_transition_object_3d4acb04abc7,not_active_no_candidate_path_memory,True,primvar_lift_dwell_arc_transition_object_3d4acb04abc7,primvar_lift_dwell_arc_transition_object_3d4acb04abc7,0.0,0.0,0.03,0.0,0.0,0.0,0.0,0.0,0.0,0.0,1.0,0.0,0.0,0.1,0.2,0.0,0.0,0,0,1.0,1.0,decision_level_baseline_vs_candidate_path_memory_gap_audit,outer_loop_spatial_flow_belief_safe_explore_exploit_memory_v2_2
light_cluster,no_memory_baseline,0,final_heldout,1,r10_l7_full_domain_randomisation_arena_wide_training,r10_l7_full_domain_randomisation_arena_wide_training,r10_light_cluster_no_memory_baseline_final_0001,11,inflight_boundary_near,boundary_near,lift_dwell_arc,primvar_lift_dwell_arc_transition_object_3d4acb04abc7,not_active_no_candidate_path_memory,True,primvar_lift_dwell_arc_transition_object_3d4acb04abc7,primvar_lift_dwell_arc_transition_object_3d4acb04abc7,0.0,0.0,0.03,0.0,0.0,0.0,0.0,0.0,0.0,0.0,1.0,0.0,0.0,0.1,0.2,0.0,0.0,0,0,1.0,1.0,decision_level_baseline_vs_candidate_path_memory_gap_audit,outer_loop_spatial_flow_belief_safe_explore_exploit_memory_v2_2
light_cluster,no_memory_baseline,0,final_heldout,2,r10_l7_full_domain_randomisation_arena_wide_training,r10_l7_full_domain_randomisation_arena_wide_training,r10_light_cluster_no_memory_baseline_final_0002,0,launch_gate,launch_gate,mild_turn_left,primvar_mild_turn_left_transition_object_c5942d118f74,not_active_no_candidate_path_memory,True,primvar_mild_turn_left_transition_object_c5942d118f74,primvar_mild_turn_left_transition_object_c5942d118f74,0.0,0.0,0.03,0.0,0.0,0.0,0.0,0.0,0.0,0.0,0.6274905671197689,0.0,0.0,0.1,0.2,0.0,0.0,0,0,1.0,0.6274905671197689,decision_level_baseline_vs_candidate_path_memory_gap_audit,outer_loop_spatial_flow_belief_safe_explore_exploit_memory_v2_2
light_cluster,no_memory_baseline,0,final_heldout,2,r10_l7_full_domain_randomisation_arena_wide_training,r10_l7_full_domain_randomisation_arena_wide_training,r10_light_cluster_no_memory_baseline_final_0002,1,inflight_nominal,inflight_stable,mild_turn_left,primvar_mild_turn_left_transition_object_c0027154e9bd,not_active_no_candidate_path_memory,True,primvar_mild_turn_left_transition_object_c0027154e9bd,primvar_mild_turn_left_transition_object_c0027154e9bd,0.0,0.0,0.03,0.0,0.0,0.0,0.0,0.0,0.0,0.0,0.6696940102215148,0.0,0.0,0.1,0.2,0.0,0.0,0,0,1.0,0.6696940102215148,decision_level_baseline_vs_candidate_path_memory_gap_audit,outer_loop_spatial_flow_belief_safe_explore_exploit_memory_v2_2
light_cluster,no_memory_baseline,0,final_heldout,2,r10_l7_full_domain_randomisation_arena_wide_training,r10_l7_full_domain_randomisation_arena_wide_training,r10_light_cluster_no_memory_baseline_final_0002,2,inflight_recovery_edge,recoverable_degraded,safe_exit_or_recovery_handoff,primvar_safe_exit_or_recovery_handoff_transition_object_89fe6c2843f5,not_active_no_candidate_path_memory,True,primvar_safe_exit_or_recovery_handoff_transition_object_89fe6c2843f5,primvar_safe_exit_or_recovery_handoff_transition_object_89fe6c2843f5,0.0,0.0,0.03,0.0,0.0,0.0,0.0,0.0,0.0,0.0,0.671221912125413,0.0,0.0,0.1,0.2,0.0,0.0,0,0,1.0,0.671221912125413,decision_level_baseline_vs_candidate_path_memory_gap_audit,outer_loop_spatial_flow_belief_safe_explore_exploit_memory_v2_2
light_cluster,no_memory_baseline,0,final_heldout,2,r10_l7_full_domain_randomisation_arena_wide_training,r10_l7_full_domain_randomisation_arena_wide_training,r10_light_cluster_no_memory_baseline_final_0002,3,inflight_recovery_edge,recoverable_degraded,safe_exit_or_recovery_handoff,primvar_safe_exit_or_recovery_handoff_transition_object_89fe6c2843f5,not_active_no_candidate_path_memory,True,primvar_safe_exit_or_recovery_handoff_transition_object_89fe6c2843f5,primvar_safe_exit_or_recovery_handoff_transition_object_89fe6c2843f5,0.0,0.0,0.03,0.0,0.0,0.0,0.0,0.0,0.0,0.0,0.7298347378447496,0.0,0.0,0.1,0.2,0.0,0.0,0,0,1.0,0.7298347378447496,decision_level_baseline_vs_candidate_path_memory_gap_audit,outer_loop_spatial_flow_belief_safe_explore_exploit_memory_v2_2
light_cluster,no_memory_baseline,0,final_heldout,2,r10_l7_full_domain_randomisation_arena_wide_training,r10_l7_full_domain_randomisation_arena_wide_training,r10_light_cluster_no_memory_baseline_final_0002,4,inflight_recovery_edge,recoverable_degraded,safe_exit_or_recovery_handoff,primvar_safe_exit_or_recovery_handoff_transition_object_eb5ec1f84c14,not_active_no_candidate_path_memory,True,primvar_safe_exit_or_recovery_handoff_transition_object_eb5ec1f84c14,primvar_safe_exit_or_recovery_handoff_transition_object_eb5ec1f84c14,0.0,0.0,0.03,0.0,0.0,0.0,0.0,0.0,0.0,0.0,0.7436922891455142,0.0,0.0,0.1,0.2,0.0,0.0,0,0,1.0,0.7436922891455142,decision_level_baseline_vs_candidate_path_memory_gap_audit,outer_loop_spatial_flow_belief_safe_explore_exploit_memory_v2_2
light_cluster,no_memory_baseline,0,final_heldout,2,r10_l7_full_domain_randomisation_arena_wide_training,r10_l7_full_domain_randomisation_arena_wide_training,r10_light_cluster_no_memory_baseline_final_0002,5,inflight_recovery_edge,recoverable_degraded,safe_exit_or_recovery_handoff,primvar_safe_exit_or_recovery_handoff_transition_object_eb5ec1f84c14,not_active_no_candidate_path_memory,True,primvar_safe_exit_or_recovery_handoff_transition_object_eb5ec1f84c14,primvar_safe_exit_or_recovery_handoff_transition_object_eb5ec1f84c14,0.0,0.0,0.03,0.0,0.0,0.0,0.0,0.0,0.0,0.0,0.8183275182617833,0.0,0.0,0.1,0.2,0.0,0.0,0,0,1.0,0.8183275182617833,decision_level_baseline_vs_candidate_path_memory_gap_audit,outer_loop_spatial_flow_belief_safe_explore_exploit_memory_v2_2
light_cluster,no_memory_baseline,0,final_heldout,2,r10_l7_full_domain_randomisation_arena_wide_training,r10_l7_full_domain_randomisation_arena_wide_training,r10_light_cluster_no_memory_baseline_final_0002,6,inflight_recovery_edge,recoverable_degraded,safe_exit_or_recovery_handoff,primvar_safe_exit_or_recovery_handoff_transition_object_eb5ec1f84c14,not_active_no_candidate_path_memory,True,primvar_safe_exit_or_recovery_handoff_transition_object_eb5ec1f84c14,primvar_safe_exit_or_recovery_handoff_transition_object_eb5ec1f84c14,0.0,0.0,0.03,0.0,0.0,0.0,0.0,0.0,0.0,0.0,0.9121831694357364,0.0,0.0,0.1,0.2,0.0,0.0,0,0,1.0,0.9121831694357364,decision_level_baseline_vs_candidate_path_memory_gap_audit,outer_loop_spatial_flow_belief_safe_explore_exploit_memory_v2_2
light_cluster,no_memory_baseline,0,final_heldout,2,r10_l7_full_domain_randomisation_arena_wide_training,r10_l7_full_domain_randomisation_arena_wide_training,r10_light_cluster_no_memory_baseline_final_0002,7,inflight_recovery_edge,recoverable_degraded,safe_exit_or_recovery_handoff,primvar_safe_exit_or_recovery_handoff_transition_object_eb5ec1f84c14,not_active_no_candidate_path_memory,True,primvar_safe_exit_or_recovery_handoff_transition_object_eb5ec1f84c14,primvar_safe_exit_or_recovery_handoff_transition_object_eb5ec1f84c14,0.0,0.0,0.03,0.0,0.0,0.0,0.0,0.0,0.0,0.0,1.0,0.0,0.0,0.1,0.2,0.0,0.0,0,0,1.0,1.0,decision_level_baseline_vs_candidate_path_memory_gap_audit,outer_loop_spatial_flow_belief_safe_explore_exploit_memory_v2_2
light_cluster,no_memory_baseline,0,final_heldout,2,r10_l7_full_domain_randomisation_arena_wide_training,r10_l7_full_domain_randomisation_arena_wide_training,r10_light_cluster_no_memory_baseline_final_0002,8,inflight_boundary_near,boundary_near,mild_turn_right,primvar_mild_turn_right_transition_object_79dc6a9b8274,not_active_no_candidate_path_memory,True,primvar_mild_turn_right_transition_object_79dc6a9b8274,primvar_mild_turn_right_transition_object_79dc6a9b8274,0.0,0.0,0.03,0.0,0.0,0.0,0.0,0.0,0.0,0.0,1.0,0.0,0.0,0.1,0.2,0.0,0.0,0,0,1.0,1.0,decision_level_baseline_vs_candidate_path_memory_gap_audit,outer_loop_spatial_flow_belief_safe_explore_exploit_memory_v2_2
light_cluster,no_memory_baseline,0,final_heldout,2,r10_l7_full_domain_randomisation_arena_wide_training,r10_l7_full_domain_randomisation_arena_wide_training,r10_light_cluster_no_memory_baseline_final_0002,9,inflight_boundary_near,boundary_near,energy_retaining_bank,primvar_energy_retaining_bank_transition_object_f378f7a74cce,not_active_no_candidate_path_memory,True,primvar_energy_retaining_bank_transition_object_f378f7a74cce,primvar_energy_retaining_bank_transition_object_f378f7a74cce,0.0,0.0,0.03,0.0,0.0,0.0,0.0,0.0,0.0,0.0,1.0,0.0,0.0,0.1,0.2,0.0,0.0,0,0,1.0,1.0,decision_level_baseline_vs_candidate_path_memory_gap_audit,outer_loop_spatial_flow_belief_safe_explore_exploit_memory_v2_2
light_cluster,no_memory_baseline,0,final_heldout,2,r10_l7_full_domain_randomisation_arena_wide_training,r10_l7_full_domain_randomisation_arena_wide_training,r10_light_cluster_no_memory_baseline_final_0002,10,inflight_boundary_near,boundary_near,energy_retaining_bank,primvar_energy_retaining_bank_transition_object_f378f7a74cce,not_active_no_candidate_path_memory,True,primvar_energy_retaining_bank_transition_object_f378f7a74cce,primvar_energy_retaining_bank_transition_object_f378f7a74cce,0.0,0.0,0.03,0.0,0.0,0.0,0.0,0.0,0.0,0.0,1.0,0.0,0.0,0.1,0.2,0.0,0.0,0,0,1.0,1.0,decision_level_baseline_vs_candidate_path_memory_gap_audit,outer_loop_spatial_flow_belief_safe_explore_exploit_memory_v2_2
light_cluster,no_memory_baseline,0,final_heldout,2,r10_l7_full_domain_randomisation_arena_wide_training,r10_l7_full_domain_randomisation_arena_wide_training,r10_light_cluster_no_memory_baseline_final_0002,11,inflight_boundary_near,boundary_near,energy_retaining_bank,primvar_energy_retaining_bank_transition_object_f378f7a74cce,not_active_no_candidate_path_memory,True,primvar_energy_retaining_bank_transition_object_f378f7a74cce,primvar_energy_retaining_bank_transition_object_f378f7a74cce,0.0,0.0,0.03,0.0,0.0,0.0,0.0,0.0,0.0,0.0,1.0,0.0,0.0,0.1,0.2,0.0,0.0,0,0,1.0,1.0,decision_level_baseline_vs_candidate_path_memory_gap_audit,outer_loop_spatial_flow_belief_safe_explore_exploit_memory_v2_2
light_cluster,no_memory_baseline,0,final_heldout,3,r10_l7_full_domain_randomisation_arena_wide_training,r10_l7_full_domain_randomisation_arena_wide_training,r10_light_cluster_no_memory_baseline_final_0003,0,launch_gate,launch_gate,lift_dwell_arc,primvar_lift_dwell_arc_transition_object_3319bf584ff9,not_active_no_candidate_path_memory,True,primvar_lift_dwell_arc_transition_object_3319bf584ff9,primvar_lift_dwell_arc_transition_object_3319bf584ff9,0.0,0.0,0.03,0.0,0.0,0.0,0.0,0.0,0.0,0.0,0.7488611774484629,0.0,0.0,0.1,0.2,0.0,0.0,0,0,1.0,0.7488611774484629,decision_level_baseline_vs_candidate_path_memory_gap_audit,outer_loop_spatial_flow_belief_safe_explore_exploit_memory_v2_2
light_cluster,no_memory_baseline,0,final_heldout,3,r10_l7_full_domain_randomisation_arena_wide_training,r10_l7_full_domain_randomisation_arena_wide_training,r10_light_cluster_no_memory_baseline_final_0003,1,inflight_boundary_near,boundary_near,lift_dwell_arc,primvar_lift_dwell_arc_transition_object_429425bf6b2c,not_active_no_candidate_path_memory,True,primvar_lift_dwell_arc_transition_object_429425bf6b2c,primvar_lift_dwell_arc_transition_object_429425bf6b2c,0.0,0.0,0.03,0.0,0.0,0.0,0.0,0.0,0.0,0.0,0.8260866759998511,0.0,0.0,0.1,0.2,0.0,0.0,0,0,1.0,0.8260866759998511,decision_level_baseline_vs_candidate_path_memory_gap_audit,outer_loop_spatial_flow_belief_safe_explore_exploit_memory_v2_2
light_cluster,no_memory_baseline,0,final_heldout,3,r10_l7_full_domain_randomisation_arena_wide_training,r10_l7_full_domain_randomisation_arena_wide_training,r10_light_cluster_no_memory_baseline_final_0003,2,inflight_boundary_near,boundary_near,lift_dwell_arc,primvar_lift_dwell_arc_transition_object_429425bf6b2c,not_active_no_candidate_path_memory,True,primvar_lift_dwell_arc_transition_object_429425bf6b2c,primvar_lift_dwell_arc_transition_object_429425bf6b2c,0.0,0.0,0.03,0.0,0.0,0.0,0.0,0.0,0.0,0.0,0.9282516696470784,0.0,0.0,0.1,0.2,0.0,0.0,0,0,1.0,0.9282516696470784,decision_level_baseline_vs_candidate_path_memory_gap_audit,outer_loop_spatial_flow_belief_safe_explore_exploit_memory_v2_2
light_cluster,no_memory_baseline,0,final_heldout,3,r10_l7_full_domain_randomisation_arena_wide_training,r10_l7_full_domain_randomisation_arena_wide_training,r10_light_cluster_no_memory_baseline_final_0003,3,inflight_boundary_near,boundary_near,safe_exit_or_recovery_handoff,primvar_safe_exit_or_recovery_handoff_transition_object_6683ccb4c539,not_active_no_candidate_path_memory,True,primvar_safe_exit_or_recovery_handoff_transition_object_6683ccb4c539,primvar_safe_exit_or_recovery_handoff_transition_object_6683ccb4c539,0.0,0.0,0.03,0.0,0.0,0.0,0.0,0.0,0.0,0.0,1.0,0.0,0.0,0.1,0.2,0.0,0.0,0,0,1.0,1.0,decision_level_baseline_vs_candidate_path_memory_gap_audit,outer_loop_spatial_flow_belief_safe_explore_exploit_memory_v2_2
light_cluster,no_memory_baseline,0,final_heldout,3,r10_l7_full_domain_randomisation_arena_wide_training,r10_l7_full_domain_randomisation_arena_wide_training,r10_light_cluster_no_memory_baseline_final_0003,4,inflight_boundary_near,boundary_near,safe_exit_or_recovery_handoff,primvar_safe_exit_or_recovery_handoff_transition_object_6683ccb4c539,not_active_no_candidate_path_memory,True,primvar_safe_exit_or_recovery_handoff_transition_object_6683ccb4c539,primvar_safe_exit_or_recovery_handoff_transition_object_6683ccb4c539,0.0,0.0,0.03,0.0,0.0,0.0,0.0,0.0,0.0,0.0,1.0,0.0,0.0,0.1,0.2,0.0,0.0,0,0,1.0,1.0,decision_level_baseline_vs_candidate_path_memory_gap_audit,outer_loop_spatial_flow_belief_safe_explore_exploit_memory_v2_2
light_cluster,no_memory_baseline,0,final_heldout,3,r10_l7_full_domain_randomisation_arena_wide_training,r10_l7_full_domain_randomisation_arena_wide_training,r10_light_cluster_no_memory_baseline_final_0003,5,inflight_boundary_near,boundary_near,energy_retaining_bank,primvar_energy_retaining_bank_transition_object_978e387f63c7,not_active_no_candidate_path_memory,True,primvar_energy_retaining_bank_transition_object_978e387f63c7,primvar_energy_retaining_bank_transition_object_978e387f63c7,0.0,0.0,0.03,0.0,0.0,0.0,0.0,0.0,0.0,0.0,1.0,0.0,0.0,0.1,0.2,0.0,0.0,0,0,1.0,1.0,decision_level_baseline_vs_candidate_path_memory_gap_audit,outer_loop_spatial_flow_belief_safe_explore_exploit_memory_v2_2
light_cluster,no_memory_baseline,0,final_heldout,3,r10_l7_full_domain_randomisation_arena_wide_training,r10_l7_full_domain_randomisation_arena_wide_training,r10_light_cluster_no_memory_baseline_final_0003,6,inflight_boundary_near,boundary_near,energy_retaining_bank,primvar_energy_retaining_bank_transition_object_59f915f98b46,not_active_no_candidate_path_memory,True,primvar_energy_retaining_bank_transition_object_59f915f98b46,primvar_energy_retaining_bank_transition_object_59f915f98b46,0.0,0.0,0.03,0.0,0.0,0.0,0.0,0.0,0.0,0.0,1.0,0.0,0.0,0.1,0.2,0.0,0.0,0,0,1.0,1.0,decision_level_baseline_vs_candidate_path_memory_gap_audit,outer_loop_spatial_flow_belief_safe_explore_exploit_memory_v2_2
light_cluster,no_memory_baseline,0,final_heldout,3,r10_l7_full_domain_randomisation_arena_wide_training,r10_l7_full_domain_randomisation_arena_wide_training,r10_light_cluster_no_memory_baseline_final_0003,7,inflight_boundary_near,boundary_near,energy_retaining_bank,primvar_energy_retaining_bank_transition_object_59f915f98b46,not_active_no_candidate_path_memory,True,primvar_energy_retaining_bank_transition_object_59f915f98b46,primvar_energy_retaining_bank_transition_object_59f915f98b46,0.0,0.0,0.03,0.0,0.0,0.0,0.0,0.0,0.0,0.0,1.0,0.0,0.0,0.1,0.2,0.0,0.0,0,0,1.0,1.0,decision_level_baseline_vs_candidate_path_memory_gap_audit,outer_loop_spatial_flow_belief_safe_explore_exploit_memory_v2_2
light_cluster,no_memory_baseline,0,final_heldout,4,r10_l7_full_domain_randomisation_arena_wide_training,r10_l7_full_domain_randomisation_arena_wide_training,r10_light_cluster_no_memory_baseline_final_0004,0,launch_gate,launch_gate,mild_turn_right,primvar_mild_turn_right_transition_object_56e6925bb803,not_active_no_candidate_path_memory,True,primvar_mild_turn_right_transition_object_56e6925bb803,primvar_mild_turn_right_transition_object_56e6925bb803,0.0,0.0,0.03,0.0,0.0,0.0,0.0,0.0,0.0,0.0,0.604769352252994,0.0,0.0,0.1,0.2,0.0,0.0,0,0,1.0,0.604769352252994,decision_level_baseline_vs_candidate_path_memory_gap_audit,outer_loop_spatial_flow_belief_safe_explore_exploit_memory_v2_2
light_cluster,no_memory_baseline,0,final_heldout,4,r10_l7_full_domain_randomisation_arena_wide_training,r10_l7_full_domain_randomisation_arena_wide_training,r10_light_cluster_no_memory_baseline_final_0004,1,inflight_nominal,inflight_stable,recovery,primvar_recovery_transition_object_a9d2daacfd0f,not_active_no_candidate_path_memory,True,primvar_recovery_transition_object_a9d2daacfd0f,primvar_recovery_transition_object_a9d2daacfd0f,0.0,0.0,0.03,0.0,0.0,0.0,0.0,0.0,0.0,0.0,0.6318617648617653,0.0,0.0,0.1,0.2,0.0,0.0,0,0,1.0,0.6318617648617653,decision_level_baseline_vs_candidate_path_memory_gap_audit,outer_loop_spatial_flow_belief_safe_explore_exploit_memory_v2_2
light_cluster,no_memory_baseline,0,final_heldout,4,r10_l7_full_domain_randomisation_arena_wide_training,r10_l7_full_domain_randomisation_arena_wide_training,r10_light_cluster_no_memory_baseline_final_0004,2,inflight_recovery_edge,recoverable_degraded,safe_exit_or_recovery_handoff,primvar_safe_exit_or_recovery_handoff_transition_object_89fe6c2843f5,not_active_no_candidate_path_memory,True,primvar_safe_exit_or_recovery_handoff_transition_object_89fe6c2843f5,primvar_safe_exit_or_recovery_handoff_transition_object_89fe6c2843f5,0.0,0.0,0.03,0.0,0.0,0.0,0.0,0.0,0.0,0.0,0.6705385584581032,0.0,0.0,0.1,0.2,0.0,0.0,0,0,1.0,0.6705385584581032,decision_level_baseline_vs_candidate_path_memory_gap_audit,outer_loop_spatial_flow_belief_safe_explore_exploit_memory_v2_2
light_cluster,no_memory_baseline,0,final_heldout,4,r10_l7_full_domain_randomisation_arena_wide_training,r10_l7_full_domain_randomisation_arena_wide_training,r10_light_cluster_no_memory_baseline_final_0004,3,inflight_recovery_edge,recoverable_degraded,safe_exit_or_recovery_handoff,primvar_safe_exit_or_recovery_handoff_transition_object_eb5ec1f84c14,not_active_no_candidate_path_memory,True,primvar_safe_exit_or_recovery_handoff_transition_object_eb5ec1f84c14,primvar_safe_exit_or_recovery_handoff_transition_object_eb5ec1f84c14,0.0,0.0,0.03,0.0,0.0,0.0,0.0,0.0,0.0,0.0,0.6717407086095408,0.0,0.0,0.1,0.2,0.0,0.0,0,0,1.0,0.6717407086095408,decision_level_baseline_vs_candidate_path_memory_gap_audit,outer_loop_spatial_flow_belief_safe_explore_exploit_memory_v2_2
light_cluster,no_memory_baseline,0,final_heldout,4,r10_l7_full_domain_randomisation_arena_wide_training,r10_l7_full_domain_randomisation_arena_wide_training,r10_light_cluster_no_memory_baseline_final_0004,4,inflight_boundary_near,boundary_near,energy_retaining_bank,primvar_energy_retaining_bank_transition_object_f378f7a74cce,not_active_no_candidate_path_memory,True,primvar_energy_retaining_bank_transition_object_f378f7a74cce,primvar_energy_retaining_bank_transition_object_f378f7a74cce,0.0,0.0,0.03,0.0,0.0,0.0,0.0,0.0,0.0,0.0,0.7851867263402349,0.0,0.0,0.1,0.2,0.0,0.0,0,0,1.0,0.7851867263402349,decision_level_baseline_vs_candidate_path_memory_gap_audit,outer_loop_spatial_flow_belief_safe_explore_exploit_memory_v2_2
light_cluster,no_memory_baseline,0,final_heldout,4,r10_l7_full_domain_randomisation_arena_wide_training,r10_l7_full_domain_randomisation_arena_wide_training,r10_light_cluster_no_memory_baseline_final_0004,5,inflight_boundary_near,boundary_near,energy_retaining_bank,primvar_energy_retaining_bank_transition_object_f378f7a74cce,not_active_no_candidate_path_memory,True,primvar_energy_retaining_bank_transition_object_f378f7a74cce,primvar_energy_retaining_bank_transition_object_f378f7a74cce,0.0,0.0,0.03,0.0,0.0,0.0,0.0,0.0,0.0,0.0,0.8630826121599141,0.0,0.0,0.1,0.2,0.0,0.0,0,0,1.0,0.8630826121599141,decision_level_baseline_vs_candidate_path_memory_gap_audit,outer_loop_spatial_flow_belief_safe_explore_exploit_memory_v2_2
light_cluster,no_memory_baseline,0,final_heldout,4,r10_l7_full_domain_randomisation_arena_wide_training,r10_l7_full_domain_randomisation_arena_wide_training,r10_light_cluster_no_memory_baseline_final_0004,6,inflight_boundary_near,boundary_near,lift_dwell_arc,primvar_lift_dwell_arc_transition_object_e77518a9ca96,not_active_no_candidate_path_memory,True,primvar_lift_dwell_arc_transition_object_e77518a9ca96,primvar_lift_dwell_arc_transition_object_e77518a9ca96,0.0,0.0,0.03,0.0,0.0,0.0,0.0,0.0,0.0,0.0,1.0,0.0,0.0,0.1,0.2,0.0,0.0,0,0,1.0,1.0,decision_level_baseline_vs_candidate_path_memory_gap_audit,outer_loop_spatial_flow_belief_safe_explore_exploit_memory_v2_2
light_cluster,no_memory_baseline,0,final_heldout,4,r10_l7_full_domain_randomisation_arena_wide_training,r10_l7_full_domain_randomisation_arena_wide_training,r10_light_cluster_no_memory_baseline_final_0004,7,inflight_boundary_near,boundary_near,lift_dwell_arc,primvar_lift_dwell_arc_transition_object_e77518a9ca96,not_active_no_candidate_path_memory,True,primvar_lift_dwell_arc_transition_object_e77518a9ca96,primvar_lift_dwell_arc_transition_object_e77518a9ca96,0.0,0.0,0.03,0.0,0.0,0.0,0.0,0.0,0.0,0.0,1.0,0.0,0.0,0.1,0.2,0.0,0.0,0,0,1.0,1.0,decision_level_baseline_vs_candidate_path_memory_gap_audit,outer_loop_spatial_flow_belief_safe_explore_exploit_memory_v2_2
light_cluster,no_memory_baseline,0,final_heldout,4,r10_l7_full_domain_randomisation_arena_wide_training,r10_l7_full_domain_randomisation_arena_wide_training,r10_light_cluster_no_memory_baseline_final_0004,8,inflight_boundary_near,boundary_near,lift_dwell_arc,primvar_lift_dwell_arc_transition_object_e77518a9ca96,not_active_no_candidate_path_memory,True,primvar_lift_dwell_arc_transition_object_e77518a9ca96,primvar_lift_dwell_arc_transition_object_e77518a9ca96,0.0,0.0,0.03,0.0,0.0,0.0,0.0,0.0,0.0,0.0,1.0,0.0,0.0,0.1,0.2,0.0,0.0,0,0,1.0,1.0,decision_level_baseline_vs_candidate_path_memory_gap_audit,outer_loop_spatial_flow_belief_safe_explore_exploit_memory_v2_2
light_cluster,no_memory_baseline,0,final_heldout,4,r10_l7_full_domain_randomisation_arena_wide_training,r10_l7_full_domain_randomisation_arena_wide_training,r10_light_cluster_no_memory_baseline_final_0004,9,inflight_boundary_near,boundary_near,lift_dwell_arc,primvar_lift_dwell_arc_transition_object_e77518a9ca96,not_active_no_candidate_path_memory,True,primvar_lift_dwell_arc_transition_object_e77518a9ca96,primvar_lift_dwell_arc_transition_object_e77518a9ca96,0.0,0.0,0.03,0.0,0.0,0.0,0.0,0.0,0.0,0.0,1.0,0.0,0.0,0.1,0.2,0.0,0.0,0,0,1.0,1.0,decision_level_baseline_vs_candidate_path_memory_gap_audit,outer_loop_spatial_flow_belief_safe_explore_exploit_memory_v2_2
light_cluster,no_memory_baseline,0,final_heldout,4,r10_l7_full_domain_randomisation_arena_wide_training,r10_l7_full_domain_randomisation_arena_wide_training,r10_light_cluster_no_memory_baseline_final_0004,10,inflight_boundary_near,boundary_near,lift_dwell_arc,primvar_lift_dwell_arc_transition_object_e77518a9ca96,not_active_no_candidate_path_memory,True,primvar_lift_dwell_arc_transition_object_e77518a9ca96,primvar_lift_dwell_arc_transition_object_e77518a9ca96,0.0,0.0,0.03,0.0,0.0,0.0,0.0,0.0,0.0,0.0,1.0,0.0,0.0,0.1,0.2,0.0,0.0,0,0,1.0,1.0,decision_level_baseline_vs_candidate_path_memory_gap_audit,outer_loop_spatial_flow_belief_safe_explore_exploit_memory_v2_2
light_cluster,no_memory_baseline,0,final_heldout,5,r10_l7_full_domain_randomisation_arena_wide_training,r10_l7_full_domain_randomisation_arena_wide_training,r10_light_cluster_no_memory_baseline_final_0005,0,launch_gate,launch_gate,lift_dwell_arc,primvar_lift_dwell_arc_transition_object_0bb49fd72816,not_active_no_candidate_path_memory,True,primvar_lift_dwell_arc_transition_object_0bb49fd72816,primvar_lift_dwell_arc_transition_object_0bb49fd72816,0.0,0.0,0.03,0.0,0.0,0.0,0.0,0.0,0.0,0.0,0.774738300051828,0.0,0.0,0.1,0.2,0.0,0.0,0,0,1.0,0.774738300051828,decision_level_baseline_vs_candidate_path_memory_gap_audit,outer_loop_spatial_flow_belief_safe_explore_exploit_memory_v2_2
light_cluster,no_memory_baseline,0,final_heldout,5,r10_l7_full_domain_randomisation_arena_wide_training,r10_l7_full_domain_randomisation_arena_wide_training,r10_light_cluster_no_memory_baseline_final_0005,1,inflight_boundary_near,boundary_near,lift_dwell_arc,primvar_lift_dwell_arc_transition_object_429425bf6b2c,not_active_no_candidate_path_memory,True,primvar_lift_dwell_arc_transition_object_429425bf6b2c,primvar_lift_dwell_arc_transition_object_429425bf6b2c,0.0,0.0,0.03,0.0,0.0,0.0,0.0,0.0,0.0,0.0,0.8099278852035374,0.0,0.0,0.1,0.2,0.0,0.0,0,0,1.0,0.8099278852035374,decision_level_baseline_vs_candidate_path_memory_gap_audit,outer_loop_spatial_flow_belief_safe_explore_exploit_memory_v2_2
light_cluster,no_memory_baseline,0,final_heldout,5,r10_l7_full_domain_randomisation_arena_wide_training,r10_l7_full_domain_randomisation_arena_wide_training,r10_light_cluster_no_memory_baseline_final_0005,2,inflight_boundary_near,boundary_near,lift_dwell_arc,primvar_lift_dwell_arc_transition_object_cd89af02a2de,not_active_no_candidate_path_memory,True,primvar_lift_dwell_arc_transition_object_cd89af02a2de,primvar_lift_dwell_arc_transition_object_cd89af02a2de,0.0,0.0,0.03,0.0,0.0,0.0,0.0,0.0,0.0,0.0,0.8581847314998274,0.0,0.0,0.1,0.2,0.0,0.0,0,0,1.0,0.8581847314998274,decision_level_baseline_vs_candidate_path_memory_gap_audit,outer_loop_spatial_flow_belief_safe_explore_exploit_memory_v2_2
light_cluster,no_memory_baseline,0,final_heldout,5,r10_l7_full_domain_randomisation_arena_wide_training,r10_l7_full_domain_randomisation_arena_wide_training,r10_light_cluster_no_memory_baseline_final_0005,3,inflight_boundary_near,boundary_near,lift_dwell_arc,primvar_lift_dwell_arc_transition_object_cd89af02a2de,not_active_no_candidate_path_memory,True,primvar_lift_dwell_arc_transition_object_cd89af02a2de,primvar_lift_dwell_arc_transition_object_cd89af02a2de,0.0,0.0,0.03,0.0,0.0,0.0,0.0,0.0,0.0,0.0,0.975701405239004,0.0,0.0,0.1,0.2,0.0,0.0,0,0,1.0,0.975701405239004,decision_level_baseline_vs_candidate_path_memory_gap_audit,outer_loop_spatial_flow_belief_safe_explore_exploit_memory_v2_2
light_cluster,no_memory_baseline,0,final_heldout,5,r10_l7_full_domain_randomisation_arena_wide_training,r10_l7_full_domain_randomisation_arena_wide_training,r10_light_cluster_no_memory_baseline_final_0005,4,inflight_boundary_near,boundary_near,energy_retaining_bank,primvar_energy_retaining_bank_transition_object_59f915f98b46,not_active_no_candidate_path_memory,True,primvar_energy_retaining_bank_transition_object_59f915f98b46,primvar_energy_retaining_bank_transition_object_59f915f98b46,0.0,0.0,0.03,0.0,0.0,0.0,0.0,0.0,0.0,0.0,1.0,0.0,0.0,0.1,0.2,0.0,0.0,0,0,1.0,1.0,decision_level_baseline_vs_candidate_path_memory_gap_audit,outer_loop_spatial_flow_belief_safe_explore_exploit_memory_v2_2
light_cluster,no_memory_baseline,0,final_heldout,5,r10_l7_full_domain_randomisation_arena_wide_training,r10_l7_full_domain_randomisation_arena_wide_training,r10_light_cluster_no_memory_baseline_final_0005,5,inflight_boundary_near,boundary_near,energy_retaining_bank,primvar_energy_retaining_bank_transition_object_59f915f98b46,not_active_no_candidate_path_memory,True,primvar_energy_retaining_bank_transition_object_59f915f98b46,primvar_energy_retaining_bank_transition_object_59f915f98b46,0.0,0.0,0.03,0.0,0.0,0.0,0.0,0.0,0.0,0.0,1.0,0.0,0.0,0.1,0.2,0.0,0.0,0,0,1.0,1.0,decision_level_baseline_vs_candidate_path_memory_gap_audit,outer_loop_spatial_flow_belief_safe_explore_exploit_memory_v2_2
light_cluster,no_memory_baseline,0,final_heldout,5,r10_l7_full_domain_randomisation_arena_wide_training,r10_l7_full_domain_randomisation_arena_wide_training,r10_light_cluster_no_memory_baseline_final_0005,6,inflight_boundary_near,boundary_near,energy_retaining_bank,primvar_energy_retaining_bank_transition_object_59f915f98b46,not_active_no_candidate_path_memory,True,primvar_energy_retaining_bank_transition_object_59f915f98b46,primvar_energy_retaining_bank_transition_object_59f915f98b46,0.0,0.0,0.03,0.0,0.0,0.0,0.0,0.0,0.0,0.0,1.0,0.0,0.0,0.1,0.2,0.0,0.0,0,0,1.0,1.0,decision_level_baseline_vs_candidate_path_memory_gap_audit,outer_loop_spatial_flow_belief_safe_explore_exploit_memory_v2_2
light_cluster,no_memory_baseline,0,final_heldout,5,r10_l7_full_domain_randomisation_arena_wide_training,r10_l7_full_domain_randomisation_arena_wide_training,r10_light_cluster_no_memory_baseline_final_0005,7,inflight_boundary_near,boundary_near,energy_retaining_bank,primvar_energy_retaining_bank_transition_object_59f915f98b46,not_active_no_candidate_path_memory,True,primvar_energy_retaining_bank_transition_object_59f915f98b46,primvar_energy_retaining_bank_transition_object_59f915f98b46,0.0,0.0,0.03,0.0,0.0,0.0,0.0,0.0,0.0,0.0,1.0,0.0,0.0,0.1,0.2,0.0,0.0,0,0,1.0,1.0,decision_level_baseline_vs_candidate_path_memory_gap_audit,outer_loop_spatial_flow_belief_safe_explore_exploit_memory_v2_2
light_cluster,no_memory_baseline,0,final_heldout,5,r10_l7_full_domain_randomisation_arena_wide_training,r10_l7_full_domain_randomisation_arena_wide_training,r10_light_cluster_no_memory_baseline_final_0005,8,inflight_boundary_near,boundary_near,glide,primvar_glide_transition_object_da985aa75290,not_active_no_candidate_path_memory,True,primvar_glide_transition_object_da985aa75290,primvar_glide_transition_object_da985aa75290,0.0,0.0,0.03,0.0,0.0,0.0,0.0,0.0,0.0,0.0,1.0,0.0,0.0,0.1,0.2,0.0,0.0,0,0,1.0,1.0,decision_level_baseline_vs_candidate_path_memory_gap_audit,outer_loop_spatial_flow_belief_safe_explore_exploit_memory_v2_2
light_cluster,no_memory_baseline,0,final_heldout,6,r10_l7_full_domain_randomisation_arena_wide_training,r10_l7_full_domain_randomisation_arena_wide_training,r10_light_cluster_no_memory_baseline_final_0006,0,launch_gate,launch_gate,mild_turn_left,primvar_mild_turn_left_transition_object_c5942d118f74,not_active_no_candidate_path_memory,True,primvar_mild_turn_left_transition_object_c5942d118f74,primvar_mild_turn_left_transition_object_c5942d118f74,0.0,0.0,0.03,0.0,0.0,0.0,0.0,0.0,0.0,0.0,0.6393110014564335,0.0,0.0,0.1,0.2,0.0,0.0,0,0,1.0,0.6393110014564335,decision_level_baseline_vs_candidate_path_memory_gap_audit,outer_loop_spatial_flow_belief_safe_explore_exploit_memory_v2_2
light_cluster,no_memory_baseline,0,final_heldout,6,r10_l7_full_domain_randomisation_arena_wide_training,r10_l7_full_domain_randomisation_arena_wide_training,r10_light_cluster_no_memory_baseline_final_0006,1,inflight_nominal,inflight_stable,recovery,primvar_recovery_transition_object_a9d2daacfd0f,not_active_no_candidate_path_memory,True,primvar_recovery_transition_object_a9d2daacfd0f,primvar_recovery_transition_object_a9d2daacfd0f,0.0,0.0,0.03,0.0,0.0,0.0,0.0,0.0,0.0,0.0,0.6426449506487575,0.0,0.0,0.1,0.2,0.0,0.0,0,0,1.0,0.6426449506487575,decision_level_baseline_vs_candidate_path_memory_gap_audit,outer_loop_spatial_flow_belief_safe_explore_exploit_memory_v2_2
light_cluster,no_memory_baseline,0,final_heldout,6,r10_l7_full_domain_randomisation_arena_wide_training,r10_l7_full_domain_randomisation_arena_wide_training,r10_light_cluster_no_memory_baseline_final_0006,2,inflight_recovery_edge,recoverable_degraded,safe_exit_or_recovery_handoff,primvar_safe_exit_or_recovery_handoff_transition_object_89fe6c2843f5,not_active_no_candidate_path_memory,True,primvar_safe_exit_or_recovery_handoff_transition_object_89fe6c2843f5,primvar_safe_exit_or_recovery_handoff_transition_object_89fe6c2843f5,0.0,0.0,0.03,0.0,0.0,0.0,0.0,0.0,0.0,0.0,0.6891798984904569,0.0,0.0,0.1,0.2,0.0,0.0,0,0,1.0,0.6891798984904569,decision_level_baseline_vs_candidate_path_memory_gap_audit,outer_loop_spatial_flow_belief_safe_explore_exploit_memory_v2_2
light_cluster,no_memory_baseline,0,final_heldout,6,r10_l7_full_domain_randomisation_arena_wide_training,r10_l7_full_domain_randomisation_arena_wide_training,r10_light_cluster_no_memory_baseline_final_0006,3,inflight_recovery_edge,recoverable_degraded,safe_exit_or_recovery_handoff,primvar_safe_exit_or_recovery_handoff_transition_object_eb5ec1f84c14,not_active_no_candidate_path_memory,True,primvar_safe_exit_or_recovery_handoff_transition_object_eb5ec1f84c14,primvar_safe_exit_or_recovery_handoff_transition_object_eb5ec1f84c14,0.0,0.0,0.03,0.0,0.0,0.0,0.0,0.0,0.0,0.0,0.6921762198144559,0.0,0.0,0.1,0.2,0.0,0.0,0,0,1.0,0.6921762198144559,decision_level_baseline_vs_candidate_path_memory_gap_audit,outer_loop_spatial_flow_belief_safe_explore_exploit_memory_v2_2
light_cluster,no_memory_baseline,0,final_heldout,6,r10_l7_full_domain_randomisation_arena_wide_training,r10_l7_full_domain_randomisation_arena_wide_training,r10_light_cluster_no_memory_baseline_final_0006,4,inflight_recovery_edge,recoverable_degraded,safe_exit_or_recovery_handoff,primvar_safe_exit_or_recovery_handoff_transition_object_54443200afd9,not_active_no_candidate_path_memory,True,primvar_safe_exit_or_recovery_handoff_transition_object_54443200afd9,primvar_safe_exit_or_recovery_handoff_transition_object_54443200afd9,0.0,0.0,0.03,0.0,0.0,0.0,0.0,0.0,0.0,0.0,0.6858537583175269,0.0,0.0,0.1,0.2,0.0,0.0,0,0,1.0,0.6858537583175269,decision_level_baseline_vs_candidate_path_memory_gap_audit,outer_loop_spatial_flow_belief_safe_explore_exploit_memory_v2_2
light_cluster,no_memory_baseline,0,final_heldout,6,r10_l7_full_domain_randomisation_arena_wide_training,r10_l7_full_domain_randomisation_arena_wide_training,r10_light_cluster_no_memory_baseline_final_0006,5,inflight_recovery_edge,recoverable_degraded,safe_exit_or_recovery_handoff,primvar_safe_exit_or_recovery_handoff_transition_object_54443200afd9,not_active_no_candidate_path_memory,True,primvar_safe_exit_or_recovery_handoff_transition_object_54443200afd9,primvar_safe_exit_or_recovery_handoff_transition_object_54443200afd9,0.0,0.0,0.03,0.0,0.0,0.0,0.0,0.0,0.0,0.0,0.7314608675257969,0.0,0.0,0.1,0.2,0.0,0.0,0,0,1.0,0.7314608675257969,decision_level_baseline_vs_candidate_path_memory_gap_audit,outer_loop_spatial_flow_belief_safe_explore_exploit_memory_v2_2
light_cluster,no_memory_baseline,0,final_heldout,6,r10_l7_full_domain_randomisation_arena_wide_training,r10_l7_full_domain_randomisation_arena_wide_training,r10_light_cluster_no_memory_baseline_final_0006,6,inflight_recovery_edge,recoverable_degraded,safe_exit_or_recovery_handoff,primvar_safe_exit_or_recovery_handoff_transition_object_5e603211d22a,not_active_no_candidate_path_memory,True,primvar_safe_exit_or_recovery_handoff_transition_object_5e603211d22a,primvar_safe_exit_or_recovery_handoff_transition_object_5e603211d22a,0.0,0.0,0.03,0.0,0.0,0.0,0.0,0.0,0.0,0.0,0.7161995405429171,0.0,0.0,0.1,0.2,0.0,0.0,0,0,1.0,0.7161995405429171,decision_level_baseline_vs_candidate_path_memory_gap_audit,outer_loop_spatial_flow_belief_safe_explore_exploit_memory_v2_2
light_cluster,no_memory_baseline,0,final_heldout,6,r10_l7_full_domain_randomisation_arena_wide_training,r10_l7_full_domain_randomisation_arena_wide_training,r10_light_cluster_no_memory_baseline_final_0006,7,inflight_recovery_edge,recoverable_degraded,safe_exit_or_recovery_handoff,primvar_safe_exit_or_recovery_handoff_transition_object_5e603211d22a,not_active_no_candidate_path_memory,True,primvar_safe_exit_or_recovery_handoff_transition_object_5e603211d22a,primvar_safe_exit_or_recovery_handoff_transition_object_5e603211d22a,0.0,0.0,0.03,0.0,0.0,0.0,0.0,0.0,0.0,0.0,0.7622239349952089,0.0,0.0,0.1,0.2,0.0,0.0,0,0,1.0,0.7622239349952089,decision_level_baseline_vs_candidate_path_memory_gap_audit,outer_loop_spatial_flow_belief_safe_explore_exploit_memory_v2_2
light_cluster,no_memory_baseline,0,final_heldout,6,r10_l7_full_domain_randomisation_arena_wide_training,r10_l7_full_domain_randomisation_arena_wide_training,r10_light_cluster_no_memory_baseline_final_0006,8,inflight_boundary_near,boundary_near,energy_retaining_bank,primvar_energy_retaining_bank_transition_object_dfab686f7773,not_active_no_candidate_path_memory,True,primvar_energy_retaining_bank_transition_object_dfab686f7773,primvar_energy_retaining_bank_transition_object_dfab686f7773,0.0,0.0,0.03,0.0,0.0,0.0,0.0,0.0,0.0,0.0,0.813440562870501,0.0,0.0,0.1,0.2,0.0,0.0,0,0,1.0,0.813440562870501,decision_level_baseline_vs_candidate_path_memory_gap_audit,outer_loop_spatial_flow_belief_safe_explore_exploit_memory_v2_2
light_cluster,no_memory_baseline,0,final_heldout,6,r10_l7_full_domain_randomisation_arena_wide_training,r10_l7_full_domain_randomisation_arena_wide_training,r10_light_cluster_no_memory_baseline_final_0006,9,inflight_boundary_near,boundary_near,energy_retaining_bank,primvar_energy_retaining_bank_transition_object_dfab686f7773,not_active_no_candidate_path_memory,True,primvar_energy_retaining_bank_transition_object_dfab686f7773,primvar_energy_retaining_bank_transition_object_dfab686f7773,0.0,0.0,0.03,0.0,0.0,0.0,0.0,0.0,0.0,0.0,0.8418413813831285,0.0,0.0,0.1,0.2,0.0,0.0,0,0,1.0,0.8418413813831285,decision_level_baseline_vs_candidate_path_memory_gap_audit,outer_loop_spatial_flow_belief_safe_explore_exploit_memory_v2_2
light_cluster,no_memory_baseline,0,final_heldout,6,r10_l7_full_domain_randomisation_arena_wide_training,r10_l7_full_domain_randomisation_arena_wide_training,r10_light_cluster_no_memory_baseline_final_0006,10,inflight_boundary_near,boundary_near,energy_retaining_bank,primvar_energy_retaining_bank_transition_object_dfab686f7773,not_active_no_candidate_path_memory,True,primvar_energy_retaining_bank_transition_object_dfab686f7773,primvar_energy_retaining_bank_transition_object_dfab686f7773,0.0,0.0,0.03,0.0,0.0,0.0,0.0,0.0,0.0,0.0,0.8397912902004991,0.0,0.0,0.1,0.2,0.0,0.0,0,0,1.0,0.8397912902004991,decision_level_baseline_vs_candidate_path_memory_gap_audit,outer_loop_spatial_flow_belief_safe_explore_exploit_memory_v2_2
light_cluster,no_memory_baseline,0,final_heldout,6,r10_l7_full_domain_randomisation_arena_wide_training,r10_l7_full_domain_randomisation_arena_wide_training,r10_light_cluster_no_memory_baseline_final_0006,11,inflight_boundary_near,boundary_near,lift_dwell_arc,primvar_lift_dwell_arc_transition_object_3d4acb04abc7,not_active_no_candidate_path_memory,True,primvar_lift_dwell_arc_transition_object_3d4acb04abc7,primvar_lift_dwell_arc_transition_object_3d4acb04abc7,0.0,0.0,0.03,0.0,0.0,0.0,0.0,0.0,0.0,0.0,0.917423980121847,0.0,0.0,0.1,0.2,0.0,0.0,0,0,1.0,0.917423980121847,decision_level_baseline_vs_candidate_path_memory_gap_audit,outer_loop_spatial_flow_belief_safe_explore_exploit_memory_v2_2
light_cluster,no_memory_baseline,0,final_heldout,6,r10_l7_full_domain_randomisation_arena_wide_training,r10_l7_full_domain_randomisation_arena_wide_training,r10_light_cluster_no_memory_baseline_final_0006,12,inflight_boundary_near,boundary_near,lift_dwell_arc,primvar_lift_dwell_arc_transition_object_3d4acb04abc7,not_active_no_candidate_path_memory,True,primvar_lift_dwell_arc_transition_object_3d4acb04abc7,primvar_lift_dwell_arc_transition_object_3d4acb04abc7,0.0,0.0,0.03,0.0,0.0,0.0,0.0,0.0,0.0,0.0,0.7582013305261561,0.0,0.0,0.1,0.2,0.0,0.0,0,0,1.0,0.7582013305261561,decision_level_baseline_vs_candidate_path_memory_gap_audit,outer_loop_spatial_flow_belief_safe_explore_exploit_memory_v2_2
light_cluster,no_memory_baseline,0,final_heldout,7,r10_l7_full_domain_randomisation_arena_wide_training,r10_l7_full_domain_randomisation_arena_wide_training,r10_light_cluster_no_memory_baseline_final_0007,0,launch_gate,launch_gate,recovery,primvar_recovery_transition_object_60f061408cda,not_active_no_candidate_path_memory,True,primvar_recovery_transition_object_60f061408cda,primvar_recovery_transition_object_60f061408cda,0.0,0.0,0.03,0.0,0.0,0.0,0.0,0.0,0.0,0.0,0.4894106257233073,0.0,0.0,0.1,0.2,0.0,0.0,0,0,1.0,0.4894106257233073,decision_level_baseline_vs_candidate_path_memory_gap_audit,outer_loop_spatial_flow_belief_safe_explore_exploit_memory_v2_2
light_cluster,no_memory_baseline,0,final_heldout,7,r10_l7_full_domain_randomisation_arena_wide_training,r10_l7_full_domain_randomisation_arena_wide_training,r10_light_cluster_no_memory_baseline_final_0007,1,inflight_nominal,inflight_stable,glide,primvar_glide_transition_object_9fabfcb9ede1,not_active_no_candidate_path_memory,True,primvar_glide_transition_object_9fabfcb9ede1,primvar_glide_transition_object_9fabfcb9ede1,0.0,0.0,0.03,0.0,0.0,0.0,0.0,0.0,0.0,0.0,0.501727108100898,0.0,0.0,0.1,0.2,0.0,0.0,0,0,1.0,0.501727108100898,decision_level_baseline_vs_candidate_path_memory_gap_audit,outer_loop_spatial_flow_belief_safe_explore_exploit_memory_v2_2
light_cluster,no_memory_baseline,0,final_heldout,7,r10_l7_full_domain_randomisation_arena_wide_training,r10_l7_full_domain_randomisation_arena_wide_training,r10_light_cluster_no_memory_baseline_final_0007,2,inflight_nominal,inflight_stable,glide,primvar_glide_transition_object_9fabfcb9ede1,not_active_no_candidate_path_memory,True,primvar_glide_transition_object_9fabfcb9ede1,primvar_glide_transition_object_9fabfcb9ede1,0.0,0.0,0.03,0.0,0.0,0.0,0.0,0.0,0.0,0.0,0.5214353720782693,0.0,0.0,0.1,0.2,0.0,0.0,0,0,1.0,0.5214353720782693,decision_level_baseline_vs_candidate_path_memory_gap_audit,outer_loop_spatial_flow_belief_safe_explore_exploit_memory_v2_2
light_cluster,no_memory_baseline,0,final_heldout,7,r10_l7_full_domain_randomisation_arena_wide_training,r10_l7_full_domain_randomisation_arena_wide_training,r10_light_cluster_no_memory_baseline_final_0007,3,inflight_nominal,inflight_stable,lift_dwell_arc,primvar_lift_dwell_arc_transition_object_f5212e7a8993,not_active_no_candidate_path_memory,True,primvar_lift_dwell_arc_transition_object_f5212e7a8993,primvar_lift_dwell_arc_transition_object_f5212e7a8993,0.0,0.0,0.03,0.0,0.0,0.0,0.0,0.0,0.0,0.0,0.5993403406306433,0.0,0.0,0.1,0.2,0.0,0.0,0,0,1.0,0.5993403406306433,decision_level_baseline_vs_candidate_path_memory_gap_audit,outer_loop_spatial_flow_belief_safe_explore_exploit_memory_v2_2
light_cluster,no_memory_baseline,0,final_heldout,7,r10_l7_full_domain_randomisation_arena_wide_training,r10_l7_full_domain_randomisation_arena_wide_training,r10_light_cluster_no_memory_baseline_final_0007,4,inflight_nominal,inflight_stable,lift_dwell_arc,primvar_lift_dwell_arc_transition_object_f5212e7a8993,not_active_no_candidate_path_memory,True,primvar_lift_dwell_arc_transition_object_f5212e7a8993,primvar_lift_dwell_arc_transition_object_f5212e7a8993,0.0,0.0,0.03,0.0,0.0,0.0,0.0,0.0,0.0,0.0,0.6308858816255641,0.0,0.0,0.1,0.2,0.0,0.0,0,0,1.0,0.6308858816255641,decision_level_baseline_vs_candidate_path_memory_gap_audit,outer_loop_spatial_flow_belief_safe_explore_exploit_memory_v2_2
light_cluster,no_memory_baseline,0,final_heldout,7,r10_l7_full_domain_randomisation_arena_wide_training,r10_l7_full_domain_randomisation_arena_wide_training,r10_light_cluster_no_memory_baseline_final_0007,5,inflight_nominal,inflight_stable,lift_dwell_arc,primvar_lift_dwell_arc_transition_object_f5212e7a8993,not_active_no_candidate_path_memory,True,primvar_lift_dwell_arc_transition_object_f5212e7a8993,primvar_lift_dwell_arc_transition_object_f5212e7a8993,0.0,0.0,0.03,0.0,0.0,0.0,0.0,0.0,0.0,0.0,0.6677883319020275,0.0,0.0,0.1,0.2,0.0,0.0,0,0,1.0,0.6677883319020275,decision_level_baseline_vs_candidate_path_memory_gap_audit,outer_loop_spatial_flow_belief_safe_explore_exploit_memory_v2_2
light_cluster,no_memory_baseline,0,final_heldout,7,r10_l7_full_domain_randomisation_arena_wide_training,r10_l7_full_domain_randomisation_arena_wide_training,r10_light_cluster_no_memory_baseline_final_0007,6,inflight_nominal,inflight_stable,lift_dwell_arc,primvar_lift_dwell_arc_transition_object_f5212e7a8993,not_active_no_candidate_path_memory,True,primvar_lift_dwell_arc_transition_object_f5212e7a8993,primvar_lift_dwell_arc_transition_object_f5212e7a8993,0.0,0.0,0.03,0.0,0.0,0.0,0.0,0.0,0.0,0.0,0.7119833046765214,0.0,0.0,0.1,0.2,0.0,0.0,0,0,1.0,0.7119833046765214,decision_level_baseline_vs_candidate_path_memory_gap_audit,outer_loop_spatial_flow_belief_safe_explore_exploit_memory_v2_2
light_cluster,no_memory_baseline,0,final_heldout,7,r10_l7_full_domain_randomisation_arena_wide_training,r10_l7_full_domain_randomisation_arena_wide_training,r10_light_cluster_no_memory_baseline_final_0007,7,inflight_nominal,inflight_stable,lift_dwell_arc,primvar_lift_dwell_arc_transition_object_f5212e7a8993,not_active_no_candidate_path_memory,True,primvar_lift_dwell_arc_transition_object_f5212e7a8993,primvar_lift_dwell_arc_transition_object_f5212e7a8993,0.0,0.0,0.03,0.0,0.0,0.0,0.0,0.0,0.0,0.0,0.7672068132589882,0.0,0.0,0.1,0.2,0.0,0.0,0,0,1.0,0.7672068132589882,decision_level_baseline_vs_candidate_path_memory_gap_audit,outer_loop_spatial_flow_belief_safe_explore_exploit_memory_v2_2
light_cluster,no_memory_baseline,0,final_heldout,7,r10_l7_full_domain_randomisation_arena_wide_training,r10_l7_full_domain_randomisation_arena_wide_training,r10_light_cluster_no_memory_baseline_final_0007,8,inflight_nominal,inflight_stable,recovery,primvar_recovery_transition_object_4268876749b8,not_active_no_candidate_path_memory,True,primvar_recovery_transition_object_4268876749b8,primvar_recovery_transition_object_4268876749b8,0.0,0.0,0.03,0.0,0.0,0.0,0.0,0.0,0.0,0.0,0.8398069285014345,0.0,0.0,0.1,0.2,0.0,0.0,0,0,1.0,0.8398069285014345,decision_level_baseline_vs_candidate_path_memory_gap_audit,outer_loop_spatial_flow_belief_safe_explore_exploit_memory_v2_2
light_cluster,no_memory_baseline,0,final_heldout,7,r10_l7_full_domain_randomisation_arena_wide_training,r10_l7_full_domain_randomisation_arena_wide_training,r10_light_cluster_no_memory_baseline_final_0007,9,inflight_boundary_near,boundary_near,lift_dwell_arc,primvar_lift_dwell_arc_transition_object_3d4acb04abc7,not_active_no_candidate_path_memory,True,primvar_lift_dwell_arc_transition_object_3d4acb04abc7,primvar_lift_dwell_arc_transition_object_3d4acb04abc7,0.0,0.0,0.03,0.0,0.0,0.0,0.0,0.0,0.0,0.0,0.938129431251138,0.0,0.0,0.1,0.2,0.0,0.0,0,0,1.0,0.938129431251138,decision_level_baseline_vs_candidate_path_memory_gap_audit,outer_loop_spatial_flow_belief_safe_explore_exploit_memory_v2_2
light_cluster,no_memory_baseline,0,final_heldout,7,r10_l7_full_domain_randomisation_arena_wide_training,r10_l7_full_domain_randomisation_arena_wide_training,r10_light_cluster_no_memory_baseline_final_0007,10,inflight_boundary_near,boundary_near,,,,False,,,0.0,0.0,0.0,0.0,0.0,0.0,0.0,0.0,0.0,0.0,1.0,0.0,0.0,0.0,0.0,0.0,0.0,0,0,0.0,0.0,decision_level_baseline_vs_candidate_path_memory_gap_audit,outer_loop_spatial_flow_belief_safe_explore_exploit_memory_v2_2
light_cluster,no_memory_baseline,0,final_heldout,8,r10_l7_full_domain_randomisation_arena_wide_training,r10_l7_full_domain_randomisation_arena_wide_training,r10_light_cluster_no_memory_baseline_final_0008,0,launch_gate,launch_gate,mild_turn_left,primvar_mild_turn_left_transition_object_2189de2270ec,not_active_no_candidate_path_memory,True,primvar_mild_turn_left_transition_object_2189de2270ec,primvar_mild_turn_left_transition_object_2189de2270ec,0.0,0.0,0.03,0.0,0.0,0.0,0.0,0.0,0.0,0.0,0.5334895425738861,0.0,0.0,0.1,0.2,0.0,0.0,0,0,1.0,0.5334895425738861,decision_level_baseline_vs_candidate_path_memory_gap_audit,outer_loop_spatial_flow_belief_safe_explore_exploit_memory_v2_2
light_cluster,no_memory_baseline,0,final_heldout,8,r10_l7_full_domain_randomisation_arena_wide_training,r10_l7_full_domain_randomisation_arena_wide_training,r10_light_cluster_no_memory_baseline_final_0008,1,inflight_nominal,inflight_stable,recovery,primvar_recovery_transition_object_4268876749b8,not_active_no_candidate_path_memory,True,primvar_recovery_transition_object_4268876749b8,primvar_recovery_transition_object_4268876749b8,0.0,0.0,0.03,0.0,0.0,0.0,0.0,0.0,0.0,0.0,0.5511246185248406,0.0,0.0,0.1,0.2,0.0,0.0,0,0,1.0,0.5511246185248406,decision_level_baseline_vs_candidate_path_memory_gap_audit,outer_loop_spatial_flow_belief_safe_explore_exploit_memory_v2_2
light_cluster,no_memory_baseline,0,final_heldout,8,r10_l7_full_domain_randomisation_arena_wide_training,r10_l7_full_domain_randomisation_arena_wide_training,r10_light_cluster_no_memory_baseline_final_0008,2,inflight_nominal,inflight_stable,recovery,primvar_recovery_transition_object_4268876749b8,not_active_no_candidate_path_memory,True,primvar_recovery_transition_object_4268876749b8,primvar_recovery_transition_object_4268876749b8,0.0,0.0,0.03,0.0,0.0,0.0,0.0,0.0,0.0,0.0,0.5785071701362199,0.0,0.0,0.1,0.2,0.0,0.0,0,0,1.0,0.5785071701362199,decision_level_baseline_vs_candidate_path_memory_gap_audit,outer_loop_spatial_flow_belief_safe_explore_exploit_memory_v2_2
light_cluster,no_memory_baseline,0,final_heldout,8,r10_l7_full_domain_randomisation_arena_wide_training,r10_l7_full_domain_randomisation_arena_wide_training,r10_light_cluster_no_memory_baseline_final_0008,3,inflight_nominal,inflight_stable,recovery,primvar_recovery_transition_object_4268876749b8,not_active_no_candidate_path_memory,True,primvar_recovery_transition_object_4268876749b8,primvar_recovery_transition_object_4268876749b8,0.0,0.0,0.03,0.0,0.0,0.0,0.0,0.0,0.0,0.0,0.6130420552856365,0.0,0.0,0.1,0.2,0.0,0.0,0,0,1.0,0.6130420552856365,decision_level_baseline_vs_candidate_path_memory_gap_audit,outer_loop_spatial_flow_belief_safe_explore_exploit_memory_v2_2
light_cluster,no_memory_baseline,0,final_heldout,8,r10_l7_full_domain_randomisation_arena_wide_training,r10_l7_full_domain_randomisation_arena_wide_training,r10_light_cluster_no_memory_baseline_final_0008,4,inflight_recovery_edge,recoverable_degraded,safe_exit_or_recovery_handoff,primvar_safe_exit_or_recovery_handoff_transition_object_54443200afd9,not_active_no_candidate_path_memory,True,primvar_safe_exit_or_recovery_handoff_transition_object_54443200afd9,primvar_safe_exit_or_recovery_handoff_transition_object_54443200afd9,0.0,0.0,0.03,0.0,0.0,0.0,0.0,0.0,0.0,0.0,0.6553917345662017,0.0,0.0,0.1,0.2,0.0,0.0,0,0,1.0,0.6553917345662017,decision_level_baseline_vs_candidate_path_memory_gap_audit,outer_loop_spatial_flow_belief_safe_explore_exploit_memory_v2_2
light_cluster,no_memory_baseline,0,final_heldout,8,r10_l7_full_domain_randomisation_arena_wide_training,r10_l7_full_domain_randomisation_arena_wide_training,r10_light_cluster_no_memory_baseline_final_0008,5,inflight_nominal,inflight_stable,recovery,primvar_recovery_transition_object_4268876749b8,not_active_no_candidate_path_memory,True,primvar_recovery_transition_object_4268876749b8,primvar_recovery_transition_object_4268876749b8,0.0,0.0,0.03,0.0,0.0,0.0,0.0,0.0,0.0,0.0,0.7046029182937118,0.0,0.0,0.1,0.2,0.0,0.0,0,0,1.0,0.7046029182937118,decision_level_baseline_vs_candidate_path_memory_gap_audit,outer_loop_spatial_flow_belief_safe_explore_exploit_memory_v2_2
light_cluster,no_memory_baseline,0,final_heldout,8,r10_l7_full_domain_randomisation_arena_wide_training,r10_l7_full_domain_randomisation_arena_wide_training,r10_light_cluster_no_memory_baseline_final_0008,6,inflight_nominal,inflight_stable,recovery,primvar_recovery_transition_object_4268876749b8,not_active_no_candidate_path_memory,True,primvar_recovery_transition_object_4268876749b8,primvar_recovery_transition_object_4268876749b8,0.0,0.0,0.03,0.0,0.0,0.0,0.0,0.0,0.0,0.0,0.7658508067024685,0.0,0.0,0.1,0.2,0.0,0.0,0,0,1.0,0.7658508067024685,decision_level_baseline_vs_candidate_path_memory_gap_audit,outer_loop_spatial_flow_belief_safe_explore_exploit_memory_v2_2
light_cluster,no_memory_baseline,0,final_heldout,8,r10_l7_full_domain_randomisation_arena_wide_training,r10_l7_full_domain_randomisation_arena_wide_training,r10_light_cluster_no_memory_baseline_final_0008,7,inflight_nominal,inflight_stable,recovery,primvar_recovery_transition_object_4268876749b8,not_active_no_candidate_path_memory,True,primvar_recovery_transition_object_4268876749b8,primvar_recovery_transition_object_4268876749b8,0.0,0.0,0.03,0.0,0.0,0.0,0.0,0.0,0.0,0.0,0.8446311261112457,0.0,0.0,0.1,0.2,0.0,0.0,0,0,1.0,0.8446311261112457,decision_level_baseline_vs_candidate_path_memory_gap_audit,outer_loop_spatial_flow_belief_safe_explore_exploit_memory_v2_2
light_cluster,no_memory_baseline,0,final_heldout,8,r10_l7_full_domain_randomisation_arena_wide_training,r10_l7_full_domain_randomisation_arena_wide_training,r10_light_cluster_no_memory_baseline_final_0008,8,inflight_nominal,inflight_stable,recovery,primvar_recovery_transition_object_4268876749b8,not_active_no_candidate_path_memory,True,primvar_recovery_transition_object_4268876749b8,primvar_recovery_transition_object_4268876749b8,0.0,0.0,0.03,0.0,0.0,0.0,0.0,0.0,0.0,0.0,0.951269177159114,0.0,0.0,0.1,0.2,0.0,0.0,0,0,1.0,0.951269177159114,decision_level_baseline_vs_candidate_path_memory_gap_audit,outer_loop_spatial_flow_belief_safe_explore_exploit_memory_v2_2
light_cluster,no_memory_baseline,0,final_heldout,8,r10_l7_full_domain_randomisation_arena_wide_training,r10_l7_full_domain_randomisation_arena_wide_training,r10_light_cluster_no_memory_baseline_final_0008,9,inflight_boundary_near,boundary_near,lift_dwell_arc,primvar_lift_dwell_arc_transition_object_3d4acb04abc7,not_active_no_candidate_path_memory,True,primvar_lift_dwell_arc_transition_object_3d4acb04abc7,primvar_lift_dwell_arc_transition_object_3d4acb04abc7,0.0,0.0,0.03,0.0,0.0,0.0,0.0,0.0,0.0,0.0,1.0,0.0,0.0,0.1,0.2,0.0,0.0,0,0,1.0,1.0,decision_level_baseline_vs_candidate_path_memory_gap_audit,outer_loop_spatial_flow_belief_safe_explore_exploit_memory_v2_2
light_cluster,no_memory_baseline,0,final_heldout,8,r10_l7_full_domain_randomisation_arena_wide_training,r10_l7_full_domain_randomisation_arena_wide_training,r10_light_cluster_no_memory_baseline_final_0008,10,inflight_boundary_near,boundary_near,lift_dwell_arc,primvar_lift_dwell_arc_transition_object_3d4acb04abc7,not_active_no_candidate_path_memory,True,primvar_lift_dwell_arc_transition_object_3d4acb04abc7,primvar_lift_dwell_arc_transition_object_3d4acb04abc7,0.0,0.0,0.03,0.0,0.0,0.0,0.0,0.0,0.0,0.0,1.0,0.0,0.0,0.1,0.2,0.0,0.0,0,0,1.0,1.0,decision_level_baseline_vs_candidate_path_memory_gap_audit,outer_loop_spatial_flow_belief_safe_explore_exploit_memory_v2_2
light_cluster,no_memory_baseline,0,final_heldout,8,r10_l7_full_domain_randomisation_arena_wide_training,r10_l7_full_domain_randomisation_arena_wide_training,r10_light_cluster_no_memory_baseline_final_0008,11,inflight_boundary_near,boundary_near,lift_dwell_arc,primvar_lift_dwell_arc_transition_object_3d4acb04abc7,not_active_no_candidate_path_memory,True,primvar_lift_dwell_arc_transition_object_3d4acb04abc7,primvar_lift_dwell_arc_transition_object_3d4acb04abc7,0.0,0.0,0.03,0.0,0.0,0.0,0.0,0.0,0.0,0.0,1.0,0.0,0.0,0.1,0.2,0.0,0.0,0,0,1.0,1.0,decision_level_baseline_vs_candidate_path_memory_gap_audit,outer_loop_spatial_flow_belief_safe_explore_exploit_memory_v2_2
light_cluster,no_memory_baseline,0,final_heldout,9,r10_l7_full_domain_randomisation_arena_wide_training,r10_l7_full_domain_randomisation_arena_wide_training,r10_light_cluster_no_memory_baseline_final_0009,0,launch_gate,launch_gate,lift_dwell_arc,primvar_lift_dwell_arc_transition_object_b9b9dc090f76,not_active_no_candidate_path_memory,True,primvar_lift_dwell_arc_transition_object_b9b9dc090f76,primvar_lift_dwell_arc_transition_object_b9b9dc090f76,0.0,0.0,0.03,0.0,0.0,0.0,0.0,0.0,0.0,0.0,0.6703887170390879,0.0,0.0,0.1,0.2,0.0,0.0,0,0,1.0,0.6703887170390879,decision_level_baseline_vs_candidate_path_memory_gap_audit,outer_loop_spatial_flow_belief_safe_explore_exploit_memory_v2_2
light_cluster,no_memory_baseline,0,final_heldout,9,r10_l7_full_domain_randomisation_arena_wide_training,r10_l7_full_domain_randomisation_arena_wide_training,r10_light_cluster_no_memory_baseline_final_0009,1,inflight_boundary_near,boundary_near,mild_turn_right,primvar_mild_turn_right_transition_object_7e69bebe251a,not_active_no_candidate_path_memory,True,primvar_mild_turn_right_transition_object_7e69bebe251a,primvar_mild_turn_right_transition_object_7e69bebe251a,0.0,0.0,0.03,0.0,0.0,0.0,0.0,0.0,0.0,0.0,0.7187530952645588,0.0,0.0,0.1,0.2,0.0,0.0,0,0,1.0,0.7187530952645588,decision_level_baseline_vs_candidate_path_memory_gap_audit,outer_loop_spatial_flow_belief_safe_explore_exploit_memory_v2_2
light_cluster,no_memory_baseline,0,final_heldout,9,r10_l7_full_domain_randomisation_arena_wide_training,r10_l7_full_domain_randomisation_arena_wide_training,r10_light_cluster_no_memory_baseline_final_0009,2,inflight_boundary_near,boundary_near,mild_turn_right,primvar_mild_turn_right_transition_object_7e69bebe251a,not_active_no_candidate_path_memory,True,primvar_mild_turn_right_transition_object_7e69bebe251a,primvar_mild_turn_right_transition_object_7e69bebe251a,0.0,0.0,0.03,0.0,0.0,0.0,0.0,0.0,0.0,0.0,0.7883909969801187,0.0,0.0,0.1,0.2,0.0,0.0,0,0,1.0,0.7883909969801187,decision_level_baseline_vs_candidate_path_memory_gap_audit,outer_loop_spatial_flow_belief_safe_explore_exploit_memory_v2_2
light_cluster,no_memory_baseline,0,final_heldout,9,r10_l7_full_domain_randomisation_arena_wide_training,r10_l7_full_domain_randomisation_arena_wide_training,r10_light_cluster_no_memory_baseline_final_0009,3,inflight_boundary_near,boundary_near,mild_turn_right,primvar_mild_turn_right_transition_object_7e69bebe251a,not_active_no_candidate_path_memory,True,primvar_mild_turn_right_transition_object_7e69bebe251a,primvar_mild_turn_right_transition_object_7e69bebe251a,0.0,0.0,0.03,0.0,0.0,0.0,0.0,0.0,0.0,0.0,0.8790017124626859,0.0,0.0,0.1,0.2,0.0,0.0,0,0,1.0,0.8790017124626859,decision_level_baseline_vs_candidate_path_memory_gap_audit,outer_loop_spatial_flow_belief_safe_explore_exploit_memory_v2_2
light_cluster,no_memory_baseline,0,final_heldout,9,r10_l7_full_domain_randomisation_arena_wide_training,r10_l7_full_domain_randomisation_arena_wide_training,r10_light_cluster_no_memory_baseline_final_0009,4,inflight_boundary_near,boundary_near,energy_retaining_bank,primvar_energy_retaining_bank_transition_object_59f915f98b46,not_active_no_candidate_path_memory,True,primvar_energy_retaining_bank_transition_object_59f915f98b46,primvar_energy_retaining_bank_transition_object_59f915f98b46,0.0,0.0,0.03,0.0,0.0,0.0,0.0,0.0,0.0,0.0,1.0,0.0,0.0,0.1,0.2,0.0,0.0,0,0,1.0,1.0,decision_level_baseline_vs_candidate_path_memory_gap_audit,outer_loop_spatial_flow_belief_safe_explore_exploit_memory_v2_2
light_cluster,no_memory_baseline,0,final_heldout,9,r10_l7_full_domain_randomisation_arena_wide_training,r10_l7_full_domain_randomisation_arena_wide_training,r10_light_cluster_no_memory_baseline_final_0009,5,inflight_boundary_near,boundary_near,energy_retaining_bank,primvar_energy_retaining_bank_transition_object_59f915f98b46,not_active_no_candidate_path_memory,True,primvar_energy_retaining_bank_transition_object_59f915f98b46,primvar_energy_retaining_bank_transition_object_59f915f98b46,0.0,0.0,0.03,0.0,0.0,0.0,0.0,0.0,0.0,0.0,1.0,0.0,0.0,0.1,0.2,0.0,0.0,0,0,1.0,1.0,decision_level_baseline_vs_candidate_path_memory_gap_audit,outer_loop_spatial_flow_belief_safe_explore_exploit_memory_v2_2
light_cluster,no_memory_baseline,0,final_heldout,9,r10_l7_full_domain_randomisation_arena_wide_training,r10_l7_full_domain_randomisation_arena_wide_training,r10_light_cluster_no_memory_baseline_final_0009,6,inflight_boundary_near,boundary_near,energy_retaining_bank,primvar_energy_retaining_bank_transition_object_59f915f98b46,not_active_no_candidate_path_memory,True,primvar_energy_retaining_bank_transition_object_59f915f98b46,primvar_energy_retaining_bank_transition_object_59f915f98b46,0.0,0.0,0.03,0.0,0.0,0.0,0.0,0.0,0.0,0.0,1.0,0.0,0.0,0.1,0.2,0.0,0.0,0,0,1.0,1.0,decision_level_baseline_vs_candidate_path_memory_gap_audit,outer_loop_spatial_flow_belief_safe_explore_exploit_memory_v2_2
light_cluster,no_memory_baseline,0,final_heldout,9,r10_l7_full_domain_randomisation_arena_wide_training,r10_l7_full_domain_randomisation_arena_wide_training,r10_light_cluster_no_memory_baseline_final_0009,7,inflight_boundary_near,boundary_near,energy_retaining_bank,primvar_energy_retaining_bank_transition_object_59f915f98b46,not_active_no_candidate_path_memory,True,primvar_energy_retaining_bank_transition_object_59f915f98b46,primvar_energy_retaining_bank_transition_object_59f915f98b46,0.0,0.0,0.03,0.0,0.0,0.0,0.0,0.0,0.0,0.0,1.0,0.0,0.0,0.1,0.2,0.0,0.0,0,0,1.0,1.0,decision_level_baseline_vs_candidate_path_memory_gap_audit,outer_loop_spatial_flow_belief_safe_explore_exploit_memory_v2_2
light_cluster,no_memory_baseline,0,final_heldout,9,r10_l7_full_domain_randomisation_arena_wide_training,r10_l7_full_domain_randomisation_arena_wide_training,r10_light_cluster_no_memory_baseline_final_0009,8,inflight_boundary_near,boundary_near,safe_exit_or_recovery_handoff,primvar_safe_exit_or_recovery_handoff_transition_object_6683ccb4c539,not_active_no_candidate_path_memory,True,primvar_safe_exit_or_recovery_handoff_transition_object_6683ccb4c539,primvar_safe_exit_or_recovery_handoff_transition_object_6683ccb4c539,0.0,0.0,0.03,0.0,0.0,0.0,0.0,0.0,0.0,0.0,1.0,0.0,0.0,0.1,0.2,0.0,0.0,0,0,1.0,1.0,decision_level_baseline_vs_candidate_path_memory_gap_audit,outer_loop_spatial_flow_belief_safe_explore_exploit_memory_v2_2
balanced_cluster,spatial_flow_belief_memory_h30,30,final_heldout,2,r10_l7_full_domain_randomisation_arena_wide_training,r10_l7_full_domain_randomisation_arena_wide_training,r10_balanced_cluster_spatial_flow_belief_memory_h30_final_0002,0,launch_gate,launch_gate,mild_turn_left,primvar_mild_turn_left_transition_object_c5942d118f74,baseline_and_memory_winner_match,True,primvar_mild_turn_left_transition_object_c5942d118f74,primvar_mild_turn_left_transition_object_c5942d118f74,0.0,0.0,0.03,0.0,1.0,0.0002243230361145,0.0002243230361145,0.0,0.0,0.0180900505949146,0.6161392310127406,0.0123227846202548,0.0,0.1,0.2,0.0,0.0,7,0,0.9819099494050854,0.6161392310127406,decision_level_baseline_vs_candidate_path_memory_gap_audit,outer_loop_spatial_flow_belief_safe_explore_exploit_memory_v2_2
balanced_cluster,spatial_flow_belief_memory_h30,30,final_heldout,2,r10_l7_full_domain_randomisation_arena_wide_training,r10_l7_full_domain_randomisation_arena_wide_training,r10_balanced_cluster_spatial_flow_belief_memory_h30_final_0002,1,inflight_nominal,inflight_stable,mild_turn_left,primvar_mild_turn_left_transition_object_c0027154e9bd,baseline_and_memory_winner_match,True,primvar_mild_turn_left_transition_object_c0027154e9bd,primvar_mild_turn_left_transition_object_c0027154e9bd,0.0,0.0,0.03,0.0,1.0,0.000290107032083,0.000290107032083,0.0,0.0,0.0436167638485215,0.6404841247269136,0.0128096824945382,0.0,0.1,0.2,0.0,0.0,7,0,0.9563832361514784,0.6404841247269136,decision_level_baseline_vs_candidate_path_memory_gap_audit,outer_loop_spatial_flow_belief_safe_explore_exploit_memory_v2_2
balanced_cluster,spatial_flow_belief_memory_h30,30,final_heldout,2,r10_l7_full_domain_randomisation_arena_wide_training,r10_l7_full_domain_randomisation_arena_wide_training,r10_balanced_cluster_spatial_flow_belief_memory_h30_final_0002,2,inflight_recovery_edge,recoverable_degraded,safe_exit_or_recovery_handoff,primvar_safe_exit_or_recovery_handoff_transition_object_89fe6c2843f5,baseline_and_memory_winner_match,True,primvar_safe_exit_or_recovery_handoff_transition_object_89fe6c2843f5,primvar_safe_exit_or_recovery_handoff_transition_object_89fe6c2843f5,0.0,0.0,0.03,0.0,1.0,0.0007561746616902,0.0007561746616902,0.0,0.0,0.0690505188539979,0.6248736908269806,0.0124974738165396,0.0,0.1,0.2,0.0,0.0,7,0,0.930949481146002,0.6248736908269806,decision_level_baseline_vs_candidate_path_memory_gap_audit,outer_loop_spatial_flow_belief_safe_explore_exploit_memory_v2_2
balanced_cluster,spatial_flow_belief_memory_h30,30,final_heldout,2,r10_l7_full_domain_randomisation_arena_wide_training,r10_l7_full_domain_randomisation_arena_wide_training,r10_balanced_cluster_spatial_flow_belief_memory_h30_final_0002,3,inflight_recovery_edge,recoverable_degraded,safe_exit_or_recovery_handoff,primvar_safe_exit_or_recovery_handoff_transition_object_89fe6c2843f5,baseline_and_memory_winner_match,True,primvar_safe_exit_or_recovery_handoff_transition_object_89fe6c2843f5,primvar_safe_exit_or_recovery_handoff_transition_object_89fe6c2843f5,0.0,0.0,0.03,0.0,1.0,0.0012452629859897,0.0012452629859897,0.0,0.0,0.0604802988779426,0.6856941147683941,0.0137138822953678,0.0,0.1,0.2,0.0,0.0,7,0,0.9395197011220572,0.6856941147683941,decision_level_baseline_vs_candidate_path_memory_gap_audit,outer_loop_spatial_flow_belief_safe_explore_exploit_memory_v2_2
balanced_cluster,spatial_flow_belief_memory_h30,30,final_heldout,2,r10_l7_full_domain_randomisation_arena_wide_training,r10_l7_full_domain_randomisation_arena_wide_training,r10_balanced_cluster_spatial_flow_belief_memory_h30_final_0002,4,inflight_recovery_edge,recoverable_degraded,safe_exit_or_recovery_handoff,primvar_safe_exit_or_recovery_handoff_transition_object_89fe6c2843f5,baseline_and_memory_winner_match,True,primvar_safe_exit_or_recovery_handoff_transition_object_89fe6c2843f5,primvar_safe_exit_or_recovery_handoff_transition_object_89fe6c2843f5,0.0,0.0,0.03,0.0,1.0,0.0010854518309691,0.0010854518309691,0.0,0.0,0.0713145485848582,0.7417281924807465,0.0148345638496149,0.0,0.1,0.2,0.0,0.0,7,0,0.9286854514151418,0.7417281924807465,decision_level_baseline_vs_candidate_path_memory_gap_audit,outer_loop_spatial_flow_belief_safe_explore_exploit_memory_v2_2
balanced_cluster,spatial_flow_belief_memory_h30,30,final_heldout,2,r10_l7_full_domain_randomisation_arena_wide_training,r10_l7_full_domain_randomisation_arena_wide_training,r10_balanced_cluster_spatial_flow_belief_memory_h30_final_0002,5,inflight_recovery_edge,recoverable_degraded,safe_exit_or_recovery_handoff,primvar_safe_exit_or_recovery_handoff_transition_object_89fe6c2843f5,baseline_and_memory_winner_match,True,primvar_safe_exit_or_recovery_handoff_transition_object_89fe6c2843f5,primvar_safe_exit_or_recovery_handoff_transition_object_89fe6c2843f5,0.0,0.0,0.03,0.0,1.0,0.0005714612479809,0.0005714612479809,0.0,0.0,0.0546104248201655,0.8334234166783664,0.0166684683335673,0.0,0.1,0.2,0.0,0.0,2,0,0.9453895751798344,0.8334234166783664,decision_level_baseline_vs_candidate_path_memory_gap_audit,outer_loop_spatial_flow_belief_safe_explore_exploit_memory_v2_2
balanced_cluster,spatial_flow_belief_memory_h30,30,final_heldout,2,r10_l7_full_domain_randomisation_arena_wide_training,r10_l7_full_domain_randomisation_arena_wide_training,r10_balanced_cluster_spatial_flow_belief_memory_h30_final_0002,6,inflight_recovery_edge,recoverable_degraded,safe_exit_or_recovery_handoff,primvar_safe_exit_or_recovery_handoff_transition_object_89fe6c2843f5,baseline_and_memory_winner_match,True,primvar_safe_exit_or_recovery_handoff_transition_object_89fe6c2843f5,primvar_safe_exit_or_recovery_handoff_transition_object_89fe6c2843f5,0.0,0.0,0.03,0.0,1.0,0.000101009426119,0.000101009426119,0.0,0.0,0.0800000000000028,0.9053771273182698,0.0181075425463653,0.0,0.1,0.2,0.0,0.0,0,0,0.9199999999999972,0.9053771273182698,decision_level_baseline_vs_candidate_path_memory_gap_audit,outer_loop_spatial_flow_belief_safe_explore_exploit_memory_v2_2
balanced_cluster,spatial_flow_belief_memory_h30,30,final_heldout,2,r10_l7_full_domain_randomisation_arena_wide_training,r10_l7_full_domain_randomisation_arena_wide_training,r10_balanced_cluster_spatial_flow_belief_memory_h30_final_0002,7,inflight_recovery_edge,recoverable_degraded,safe_exit_or_recovery_handoff,primvar_safe_exit_or_recovery_handoff_transition_object_89fe6c2843f5,baseline_and_memory_winner_match,True,primvar_safe_exit_or_recovery_handoff_transition_object_89fe6c2843f5,primvar_safe_exit_or_recovery_handoff_transition_object_89fe6c2843f5,0.0,0.0,0.03,0.0,1.0,-0.0002901789351199,-0.0002901789351199,0.0,0.0,0.0401651169741979,0.959834883025802,0.019196697660516,0.0,0.1,0.2,0.0,0.0,0,0,0.959834883025802,0.959834883025802,decision_level_baseline_vs_candidate_path_memory_gap_audit,outer_loop_spatial_flow_belief_safe_explore_exploit_memory_v2_2
balanced_cluster,spatial_flow_belief_memory_h30,30,final_heldout,2,r10_l7_full_domain_randomisation_arena_wide_training,r10_l7_full_domain_randomisation_arena_wide_training,r10_balanced_cluster_spatial_flow_belief_memory_h30_final_0002,8,inflight_boundary_near,boundary_near,energy_retaining_bank,primvar_energy_retaining_bank_transition_object_f378f7a74cce,baseline_and_memory_winner_match,True,primvar_energy_retaining_bank_transition_object_f378f7a74cce,primvar_energy_retaining_bank_transition_object_f378f7a74cce,0.0,0.0,0.03,0.0,1.0,-0.0003955826679444,-0.0003955826679444,0.0,0.0,0.0355108574120764,0.9644891425879236,0.0192897828517584,0.0,0.1,0.2,0.0,0.0,0,0,0.9644891425879236,0.9644891425879236,decision_level_baseline_vs_candidate_path_memory_gap_audit,outer_loop_spatial_flow_belief_safe_explore_exploit_memory_v2_2
balanced_cluster,spatial_flow_belief_memory_h30,30,final_heldout,2,r10_l7_full_domain_randomisation_arena_wide_training,r10_l7_full_domain_randomisation_arena_wide_training,r10_balanced_cluster_spatial_flow_belief_memory_h30_final_0002,9,inflight_boundary_near,boundary_near,energy_retaining_bank,primvar_energy_retaining_bank_transition_object_f378f7a74cce,baseline_and_memory_winner_match,True,primvar_energy_retaining_bank_transition_object_f378f7a74cce,primvar_energy_retaining_bank_transition_object_f378f7a74cce,0.0,0.0,0.03,0.0,1.0,-0.0002753686112595,-0.0002753686112595,0.0,0.0,0.0288742421855638,0.9711257578144362,0.0194225151562887,0.0,0.1,0.2,0.0,0.0,0,0,0.9711257578144362,0.9711257578144362,decision_level_baseline_vs_candidate_path_memory_gap_audit,outer_loop_spatial_flow_belief_safe_explore_exploit_memory_v2_2
balanced_cluster,spatial_flow_belief_memory_h30,30,final_heldout,2,r10_l7_full_domain_randomisation_arena_wide_training,r10_l7_full_domain_randomisation_arena_wide_training,r10_balanced_cluster_spatial_flow_belief_memory_h30_final_0002,10,inflight_boundary_near,boundary_near,energy_retaining_bank,primvar_energy_retaining_bank_transition_object_f378f7a74cce,baseline_and_memory_winner_match,True,primvar_energy_retaining_bank_transition_object_f378f7a74cce,primvar_energy_retaining_bank_transition_object_f378f7a74cce,0.0,0.0,0.03,0.0,1.0,-0.0003956849865678,-0.0003956849865678,0.0,0.0,0.0407576149502528,0.9592423850497472,0.0191848477009949,0.0,0.1,0.2,0.0,0.0,0,0,0.9592423850497472,0.9592423850497472,decision_level_baseline_vs_candidate_path_memory_gap_audit,outer_loop_spatial_flow_belief_safe_explore_exploit_memory_v2_2
balanced_cluster,spatial_flow_belief_memory_h30,30,final_heldout,2,r10_l7_full_domain_randomisation_arena_wide_training,r10_l7_full_domain_randomisation_arena_wide_training,r10_balanced_cluster_spatial_flow_belief_memory_h30_final_0002,11,inflight_boundary_near,boundary_near,lift_entry,primvar_lift_entry_transition_object_28b2b3339374,baseline_and_memory_winner_match,True,primvar_lift_entry_transition_object_28b2b3339374,primvar_lift_entry_transition_object_28b2b3339374,0.0,0.0,0.03,0.0,1.0,-0.0002399838663162,-0.0002399838663162,0.0,0.0,0.0265990489947102,0.9734009510052898,0.0194680190201057,0.0,0.1,0.2,0.0,0.0,0,0,0.9734009510052898,0.9734009510052898,decision_level_baseline_vs_candidate_path_memory_gap_audit,outer_loop_spatial_flow_belief_safe_explore_exploit_memory_v2_2
light_cluster,spatial_flow_belief_memory_h3,3,final_heldout,0,r10_l7_full_domain_randomisation_arena_wide_training,r10_l7_full_domain_randomisation_arena_wide_training,r10_light_cluster_spatial_flow_belief_memory_h3_final_0000,0,launch_gate,launch_gate,lift_dwell_arc,primvar_lift_dwell_arc_transition_object_6ae229f6947e,baseline_and_memory_winner_match,True,primvar_lift_dwell_arc_transition_object_6ae229f6947e,primvar_lift_dwell_arc_transition_object_6ae229f6947e,0.0,0.0,0.03,0.0,1.0,9.101256272447956e-05,9.101256272447956e-05,0.0,0.0,0.0279965392984228,0.686145462198614,0.0137229092439722,0.0,0.1,0.2,0.0,0.0,7,0,0.9720034607015772,0.686145462198614,decision_level_baseline_vs_candidate_path_memory_gap_audit,outer_loop_spatial_flow_belief_safe_explore_exploit_memory_v2_2
light_cluster,spatial_flow_belief_memory_h3,3,final_heldout,0,r10_l7_full_domain_randomisation_arena_wide_training,r10_l7_full_domain_randomisation_arena_wide_training,r10_light_cluster_spatial_flow_belief_memory_h3_final_0000,1,inflight_boundary_near,boundary_near,lift_dwell_arc,primvar_lift_dwell_arc_transition_object_cd89af02a2de,baseline_and_memory_winner_match,True,primvar_lift_dwell_arc_transition_object_cd89af02a2de,primvar_lift_dwell_arc_transition_object_cd89af02a2de,0.0,0.0,0.03,0.0,1.0,0.0001697636778368,0.0001697636778368,0.0,0.0,0.0842313727724036,0.7009553435850919,0.0140191068717018,0.0,0.1,0.2,0.0,0.0,7,0,0.9157686272275964,0.7009553435850919,decision_level_baseline_vs_candidate_path_memory_gap_audit,outer_loop_spatial_flow_belief_safe_explore_exploit_memory_v2_2
light_cluster,spatial_flow_belief_memory_h3,3,final_heldout,0,r10_l7_full_domain_randomisation_arena_wide_training,r10_l7_full_domain_randomisation_arena_wide_training,r10_light_cluster_spatial_flow_belief_memory_h3_final_0000,2,inflight_boundary_near,boundary_near,lift_dwell_arc,primvar_lift_dwell_arc_transition_object_cd89af02a2de,baseline_and_memory_winner_match,True,primvar_lift_dwell_arc_transition_object_cd89af02a2de,primvar_lift_dwell_arc_transition_object_cd89af02a2de,0.0,0.0,0.03,0.0,1.0,-7.073812702262927e-07,-7.073812702262927e-07,0.0,0.0,0.0463190392715913,0.8023471975334345,0.0160469439506686,0.0,0.1,0.2,0.0,0.0,7,0,0.9536809607284088,0.8023471975334345,decision_level_baseline_vs_candidate_path_memory_gap_audit,outer_loop_spatial_flow_belief_safe_explore_exploit_memory_v2_2
light_cluster,spatial_flow_belief_memory_h3,3,final_heldout,0,r10_l7_full_domain_randomisation_arena_wide_training,r10_l7_full_domain_randomisation_arena_wide_training,r10_light_cluster_spatial_flow_belief_memory_h3_final_0000,3,inflight_boundary_near,boundary_near,lift_dwell_arc,primvar_lift_dwell_arc_transition_object_cd89af02a2de,baseline_and_memory_winner_match,True,primvar_lift_dwell_arc_transition_object_cd89af02a2de,primvar_lift_dwell_arc_transition_object_cd89af02a2de,0.0,0.0,0.03,0.0,1.0,-7.725753543130764e-06,-7.725753543130764e-06,0.0,0.0,0.0359080413690318,0.914377391939966,0.0182875478387993,0.0,0.1,0.2,0.0,0.0,0,0,0.9640919586309682,0.914377391939966,decision_level_baseline_vs_candidate_path_memory_gap_audit,outer_loop_spatial_flow_belief_safe_explore_exploit_memory_v2_2
light_cluster,spatial_flow_belief_memory_h3,3,final_heldout,0,r10_l7_full_domain_randomisation_arena_wide_training,r10_l7_full_domain_randomisation_arena_wide_training,r10_light_cluster_spatial_flow_belief_memory_h3_final_0000,4,inflight_boundary_near,boundary_near,glide,primvar_glide_transition_object_da985aa75290,baseline_and_memory_winner_match,True,primvar_glide_transition_object_da985aa75290,primvar_glide_transition_object_da985aa75290,0.0,0.0,0.03,0.0,1.0,-7.761462396116414e-06,-7.761462396116414e-06,0.0,0.0,0.0348448524634867,0.9651551475365132,0.0193031029507302,0.0,0.1,0.2,0.0,0.0,0,0,0.9651551475365132,0.9651551475365132,decision_level_baseline_vs_candidate_path_memory_gap_audit,outer_loop_spatial_flow_belief_safe_explore_exploit_memory_v2_2
light_cluster,spatial_flow_belief_memory_h3,3,final_heldout,0,r10_l7_full_domain_randomisation_arena_wide_training,r10_l7_full_domain_randomisation_arena_wide_training,r10_light_cluster_spatial_flow_belief_memory_h3_final_0000,5,inflight_boundary_near,boundary_near,glide,primvar_glide_transition_object_da985aa75290,baseline_and_memory_winner_match,True,primvar_glide_transition_object_da985aa75290,primvar_glide_transition_object_da985aa75290,0.0,0.0,0.03,0.0,1.0,-1.7308634099100217e-05,-1.7308634099100217e-05,0.0,0.0,0.0356017336323928,0.9643982663676072,0.0192879653273521,0.0,0.1,0.2,0.0,0.0,0,0,0.9643982663676072,0.9643982663676072,decision_level_baseline_vs_candidate_path_memory_gap_audit,outer_loop_spatial_flow_belief_safe_explore_exploit_memory_v2_2
light_cluster,spatial_flow_belief_memory_h3,3,final_heldout,0,r10_l7_full_domain_randomisation_arena_wide_training,r10_l7_full_domain_randomisation_arena_wide_training,r10_light_cluster_spatial_flow_belief_memory_h3_final_0000,6,inflight_boundary_near,boundary_near,glide,primvar_glide_transition_object_da985aa75290,baseline_and_memory_winner_match,True,primvar_glide_transition_object_da985aa75290,primvar_glide_transition_object_da985aa75290,0.0,0.0,0.03,0.0,1.0,-2.346090908433851e-05,-2.346090908433851e-05,0.0,0.0,0.0293676148724891,0.9706323851275108,0.0194126477025502,0.0,0.1,0.2,0.0,0.0,0,0,0.9706323851275108,0.9706323851275108,decision_level_baseline_vs_candidate_path_memory_gap_audit,outer_loop_spatial_flow_belief_safe_explore_exploit_memory_v2_2
light_cluster,spatial_flow_belief_memory_h3,3,final_heldout,0,r10_l7_full_domain_randomisation_arena_wide_training,r10_l7_full_domain_randomisation_arena_wide_training,r10_light_cluster_spatial_flow_belief_memory_h3_final_0000,7,inflight_boundary_near,boundary_near,glide,primvar_glide_transition_object_da985aa75290,baseline_and_memory_winner_match,True,primvar_glide_transition_object_da985aa75290,primvar_glide_transition_object_da985aa75290,0.0,0.0,0.03,0.0,1.0,-4.837708870897295e-05,-4.837708870897295e-05,0.0,0.0,0.0414937025341691,0.9585062974658308,0.0191701259493166,0.0,0.1,0.2,0.0,0.0,0,0,0.9585062974658308,0.9585062974658308,decision_level_baseline_vs_candidate_path_memory_gap_audit,outer_loop_spatial_flow_belief_safe_explore_exploit_memory_v2_2
light_cluster,spatial_flow_belief_memory_h3,3,final_heldout,0,r10_l7_full_domain_randomisation_arena_wide_training,r10_l7_full_domain_randomisation_arena_wide_training,r10_light_cluster_spatial_flow_belief_memory_h3_final_0000,8,inflight_boundary_near,boundary_near,glide,primvar_glide_transition_object_da985aa75290,baseline_and_memory_winner_match,True,primvar_glide_transition_object_da985aa75290,primvar_glide_transition_object_da985aa75290,0.0,0.0,0.03,0.0,1.0,-9.278761874553788e-05,-9.278761874553788e-05,0.0,0.0,0.042309243364292,0.957690756635708,0.0191538151327141,0.0,0.1,0.2,0.0,0.0,0,0,0.957690756635708,0.957690756635708,decision_level_baseline_vs_candidate_path_memory_gap_audit,outer_loop_spatial_flow_belief_safe_explore_exploit_memory_v2_2
light_cluster,spatial_flow_belief_memory_h3,3,final_heldout,1,r10_l7_full_domain_randomisation_arena_wide_training,r10_l7_full_domain_randomisation_arena_wide_training,r10_light_cluster_spatial_flow_belief_memory_h3_final_0001,0,launch_gate,launch_gate,glide,primvar_glide_transition_object_ad817af95d9e,baseline_and_memory_winner_match,True,primvar_glide_transition_object_ad817af95d9e,primvar_glide_transition_object_ad817af95d9e,0.0,0.0,0.03,0.0,1.0,0.0,0.0,0.0,0.0,0.0,0.5917411216287154,0.0118348224325743,0.0,0.1,0.2,0.0,0.0,7,0,1.0,0.5917411216287154,decision_level_baseline_vs_candidate_path_memory_gap_audit,outer_loop_spatial_flow_belief_safe_explore_exploit_memory_v2_2
light_cluster,spatial_flow_belief_memory_h3,3,final_heldout,1,r10_l7_full_domain_randomisation_arena_wide_training,r10_l7_full_domain_randomisation_arena_wide_training,r10_light_cluster_spatial_flow_belief_memory_h3_final_0001,1,inflight_nominal,inflight_stable,lift_entry,primvar_lift_entry_transition_object_a65393bbc7f9,baseline_and_memory_winner_match,True,primvar_lift_entry_transition_object_a65393bbc7f9,primvar_lift_entry_transition_object_a65393bbc7f9,0.0,0.0,0.03,0.0,1.0,3.66636951456556e-05,3.66636951456556e-05,0.0,0.0,0.0296218587994492,0.5699915268097705,0.0113998305361954,0.0,0.1,0.2,0.0,0.0,7,0,0.9703781412005508,0.5699915268097705,decision_level_baseline_vs_candidate_path_memory_gap_audit,outer_loop_spatial_flow_belief_safe_explore_exploit_memory_v2_2
light_cluster,spatial_flow_belief_memory_h3,3,final_heldout,1,r10_l7_full_domain_randomisation_arena_wide_training,r10_l7_full_domain_randomisation_arena_wide_training,r10_light_cluster_spatial_flow_belief_memory_h3_final_0001,2,inflight_nominal,inflight_stable,lift_entry,primvar_lift_entry_transition_object_a65393bbc7f9,baseline_and_memory_winner_match,True,primvar_lift_entry_transition_object_a65393bbc7f9,primvar_lift_entry_transition_object_a65393bbc7f9,0.0,0.0,0.03,0.0,1.0,-5.207817282304461e-05,-5.207817282304461e-05,0.0,0.0,0.0403931367548363,0.5972559980424348,0.0119451199608486,0.0,0.1,0.2,0.0,0.0,7,0,0.9596068632451636,0.5972559980424348,decision_level_baseline_vs_candidate_path_memory_gap_audit,outer_loop_spatial_flow_belief_safe_explore_exploit_memory_v2_2
light_cluster,spatial_flow_belief_memory_h3,3,final_heldout,1,r10_l7_full_domain_randomisation_arena_wide_training,r10_l7_full_domain_randomisation_arena_wide_training,r10_light_cluster_spatial_flow_belief_memory_h3_final_0001,3,inflight_nominal,inflight_stable,lift_entry,primvar_lift_entry_transition_object_a65393bbc7f9,baseline_and_memory_winner_match,True,primvar_lift_entry_transition_object_a65393bbc7f9,primvar_lift_entry_transition_object_a65393bbc7f9,0.0,0.0,0.03,0.0,1.0,-0.0001050949644412,-0.0001050949644412,0.0,0.0,0.0464430190119909,0.6361421300307684,0.0127228426006153,0.0,0.1,0.2,0.0,0.0,7,0,0.9535569809880092,0.6361421300307684,decision_level_baseline_vs_candidate_path_memory_gap_audit,outer_loop_spatial_flow_belief_safe_explore_exploit_memory_v2_2
light_cluster,spatial_flow_belief_memory_h3,3,final_heldout,1,r10_l7_full_domain_randomisation_arena_wide_training,r10_l7_full_domain_randomisation_arena_wide_training,r10_light_cluster_spatial_flow_belief_memory_h3_final_0001,4,inflight_nominal,inflight_stable,recovery,primvar_recovery_transition_object_a9d2daacfd0f,baseline_and_memory_winner_match,True,primvar_recovery_transition_object_a9d2daacfd0f,primvar_recovery_transition_object_a9d2daacfd0f,0.0,0.0,0.03,0.0,1.0,-0.0001149063449756,-0.0001149063449756,0.0,0.0,0.0359034045827895,0.7453386931239574,0.0149067738624791,0.0,0.1,0.2,0.0,0.0,7,0,0.9640965954172104,0.7453386931239574,decision_level_baseline_vs_candidate_path_memory_gap_audit,outer_loop_spatial_flow_belief_safe_explore_exploit_memory_v2_2
light_cluster,spatial_flow_belief_memory_h3,3,final_heldout,1,r10_l7_full_domain_randomisation_arena_wide_training,r10_l7_full_domain_randomisation_arena_wide_training,r10_light_cluster_spatial_flow_belief_memory_h3_final_0001,5,inflight_nominal,inflight_stable,recovery,primvar_recovery_transition_object_a9d2daacfd0f,baseline_and_memory_winner_match,True,primvar_recovery_transition_object_a9d2daacfd0f,primvar_recovery_transition_object_a9d2daacfd0f,0.0,0.0,0.03,0.0,1.0,-0.0001144820316123,-0.0001144820316123,0.0,0.0,0.0309998966858183,0.8278601650757873,0.0165572033015157,0.0,0.1,0.2,0.0,0.0,4,0,0.9690001033141816,0.8278601650757873,decision_level_baseline_vs_candidate_path_memory_gap_audit,outer_loop_spatial_flow_belief_safe_explore_exploit_memory_v2_2
light_cluster,spatial_flow_belief_memory_h3,3,final_heldout,1,r10_l7_full_domain_randomisation_arena_wide_training,r10_l7_full_domain_randomisation_arena_wide_training,r10_light_cluster_spatial_flow_belief_memory_h3_final_0001,6,inflight_nominal,inflight_stable,recovery,primvar_recovery_transition_object_a9d2daacfd0f,baseline_and_memory_winner_match,True,primvar_recovery_transition_object_a9d2daacfd0f,primvar_recovery_transition_object_a9d2daacfd0f,0.0,0.0,0.03,0.0,1.0,-0.000125299840791,-0.000125299840791,0.0,0.0,0.0335722429410645,0.932699698444286,0.0186539939688857,0.0,0.1,0.2,0.0,0.0,0,0,0.9664277570589356,0.932699698444286,decision_level_baseline_vs_candidate_path_memory_gap_audit,outer_loop_spatial_flow_belief_safe_explore_exploit_memory_v2_2
light_cluster,spatial_flow_belief_memory_h3,3,final_heldout,1,r10_l7_full_domain_randomisation_arena_wide_training,r10_l7_full_domain_randomisation_arena_wide_training,r10_light_cluster_spatial_flow_belief_memory_h3_final_0001,7,inflight_boundary_near,boundary_near,energy_retaining_bank,primvar_energy_retaining_bank_transition_object_f378f7a74cce,baseline_and_memory_winner_match,True,primvar_energy_retaining_bank_transition_object_f378f7a74cce,primvar_energy_retaining_bank_transition_object_f378f7a74cce,0.0,0.0,0.03,0.0,1.0,-0.0001015637773409,-0.0001015637773409,0.0,0.0,0.03183642399387,0.96816357600613,0.0193632715201226,0.0,0.1,0.2,0.0,0.0,0,0,0.96816357600613,0.96816357600613,decision_level_baseline_vs_candidate_path_memory_gap_audit,outer_loop_spatial_flow_belief_safe_explore_exploit_memory_v2_2
light_cluster,spatial_flow_belief_memory_h3,3,final_heldout,1,r10_l7_full_domain_randomisation_arena_wide_training,r10_l7_full_domain_randomisation_arena_wide_training,r10_light_cluster_spatial_flow_belief_memory_h3_final_0001,8,inflight_boundary_near,boundary_near,mild_turn_right,primvar_mild_turn_right_transition_object_79dc6a9b8274,baseline_and_memory_winner_match,True,primvar_mild_turn_right_transition_object_79dc6a9b8274,primvar_mild_turn_right_transition_object_79dc6a9b8274,0.0,0.0,0.03,0.0,1.0,-2.567898747396491e-05,-2.567898747396491e-05,0.0,0.0,0.0338537383564629,0.9661462616435372,0.0193229252328707,0.0,0.1,0.2,0.0,0.0,0,0,0.9661462616435372,0.9661462616435372,decision_level_baseline_vs_candidate_path_memory_gap_audit,outer_loop_spatial_flow_belief_safe_explore_exploit_memory_v2_2
light_cluster,spatial_flow_belief_memory_h3,3,final_heldout,1,r10_l7_full_domain_randomisation_arena_wide_training,r10_l7_full_domain_randomisation_arena_wide_training,r10_light_cluster_spatial_flow_belief_memory_h3_final_0001,9,inflight_boundary_near,boundary_near,mild_turn_right,primvar_mild_turn_right_transition_object_79dc6a9b8274,baseline_and_memory_winner_match,True,primvar_mild_turn_right_transition_object_79dc6a9b8274,primvar_mild_turn_right_transition_object_79dc6a9b8274,0.0,0.0,0.03,0.0,1.0,3.177548019484e-05,3.177548019484e-05,0.0,0.0,0.0325770549548653,0.9674229450451346,0.0193484589009026,0.0,0.1,0.2,0.0,0.0,0,0,0.9674229450451346,0.9674229450451346,decision_level_baseline_vs_candidate_path_memory_gap_audit,outer_loop_spatial_flow_belief_safe_explore_exploit_memory_v2_2
light_cluster,spatial_flow_belief_memory_h3,3,final_heldout,1,r10_l7_full_domain_randomisation_arena_wide_training,r10_l7_full_domain_randomisation_arena_wide_training,r10_light_cluster_spatial_flow_belief_memory_h3_final_0001,10,inflight_boundary_near,boundary_near,lift_dwell_arc,primvar_lift_dwell_arc_transition_object_3d4acb04abc7,baseline_and_memory_winner_match,True,primvar_lift_dwell_arc_transition_object_3d4acb04abc7,primvar_lift_dwell_arc_transition_object_3d4acb04abc7,0.0,0.0,0.03,0.0,1.0,0.0001571353247455,0.0001571353247455,0.0,0.0,0.0373654208668789,0.962634579133121,0.0192526915826624,0.0,0.1,0.2,0.0,0.0,0,0,0.962634579133121,0.962634579133121,decision_level_baseline_vs_candidate_path_memory_gap_audit,outer_loop_spatial_flow_belief_safe_explore_exploit_memory_v2_2
light_cluster,spatial_flow_belief_memory_h3,3,final_heldout,1,r10_l7_full_domain_randomisation_arena_wide_training,r10_l7_full_domain_randomisation_arena_wide_training,r10_light_cluster_spatial_flow_belief_memory_h3_final_0001,11,inflight_boundary_near,boundary_near,lift_dwell_arc,primvar_lift_dwell_arc_transition_object_3d4acb04abc7,baseline_and_memory_winner_match,True,primvar_lift_dwell_arc_transition_object_3d4acb04abc7,primvar_lift_dwell_arc_transition_object_3d4acb04abc7,0.0,0.0,0.03,0.0,1.0,0.0001633757872574,0.0001633757872574,0.0,0.0,0.0337204597133701,0.96627954028663,0.0193255908057326,0.0,0.1,0.2,0.0,0.0,0,0,0.96627954028663,0.96627954028663,decision_level_baseline_vs_candidate_path_memory_gap_audit,outer_loop_spatial_flow_belief_safe_explore_exploit_memory_v2_2
balanced_cluster,spatial_flow_belief_memory_h30,30,final_heldout,6,r10_l7_full_domain_randomisation_arena_wide_training,r10_l7_full_domain_randomisation_arena_wide_training,r10_balanced_cluster_spatial_flow_belief_memory_h30_final_0006,0,launch_gate,launch_gate,mild_turn_left,primvar_mild_turn_left_transition_object_c5942d118f74,baseline_and_memory_winner_match,True,primvar_mild_turn_left_transition_object_c5942d118f74,primvar_mild_turn_left_transition_object_c5942d118f74,0.0,0.0,0.03,0.0,1.0,0.0,0.0,0.0,0.0,9.596875044281832e-16,0.6393110014564328,0.0127862200291286,0.0,0.1,0.2,0.0,0.0,7,0,0.999999999999999,0.6393110014564328,decision_level_baseline_vs_candidate_path_memory_gap_audit,outer_loop_spatial_flow_belief_safe_explore_exploit_memory_v2_2
balanced_cluster,spatial_flow_belief_memory_h30,30,final_heldout,6,r10_l7_full_domain_randomisation_arena_wide_training,r10_l7_full_domain_randomisation_arena_wide_training,r10_balanced_cluster_spatial_flow_belief_memory_h30_final_0006,1,inflight_nominal,inflight_stable,lift_entry,primvar_lift_entry_transition_object_cbc5fe69f0f0,baseline_and_memory_winner_match,True,primvar_lift_entry_transition_object_cbc5fe69f0f0,primvar_lift_entry_transition_object_cbc5fe69f0f0,0.0,0.0,0.03,0.0,1.0,0.0002099759965927,0.0002099759965927,0.0,0.0,0.0336140207139541,0.6211567178092345,0.0124231343561846,0.0,0.1,0.2,0.0,0.0,7,0,0.966385979286046,0.6211567178092345,decision_level_baseline_vs_candidate_path_memory_gap_audit,outer_loop_spatial_flow_belief_safe_explore_exploit_memory_v2_2
balanced_cluster,spatial_flow_belief_memory_h30,30,final_heldout,6,r10_l7_full_domain_randomisation_arena_wide_training,r10_l7_full_domain_randomisation_arena_wide_training,r10_balanced_cluster_spatial_flow_belief_memory_h30_final_0006,2,inflight_recovery_edge,recoverable_degraded,safe_exit_or_recovery_handoff,primvar_safe_exit_or_recovery_handoff_transition_object_89fe6c2843f5,baseline_and_memory_winner_match,True,primvar_safe_exit_or_recovery_handoff_transition_object_89fe6c2843f5,primvar_safe_exit_or_recovery_handoff_transition_object_89fe6c2843f5,0.0,0.0,0.03,0.0,1.0,0.000262340254447,0.000262340254447,0.0,0.0,0.0358403661019077,0.6644794386184834,0.0132895887723696,0.0,0.1,0.2,0.0,0.0,7,0,0.9641596338980922,0.6644794386184834,decision_level_baseline_vs_candidate_path_memory_gap_audit,outer_loop_spatial_flow_belief_safe_explore_exploit_memory_v2_2
balanced_cluster,spatial_flow_belief_memory_h30,30,final_heldout,6,r10_l7_full_domain_randomisation_arena_wide_training,r10_l7_full_domain_randomisation_arena_wide_training,r10_balanced_cluster_spatial_flow_belief_memory_h30_final_0006,3,inflight_recovery_edge,recoverable_degraded,safe_exit_or_recovery_handoff,primvar_safe_exit_or_recovery_handoff_transition_object_89fe6c2843f5,baseline_and_memory_winner_match,True,primvar_safe_exit_or_recovery_handoff_transition_object_89fe6c2843f5,primvar_safe_exit_or_recovery_handoff_transition_object_89fe6c2843f5,0.0,0.0,0.03,0.0,1.0,0.0002386945043023,0.0002386945043023,0.0,0.0,0.0369804772101352,0.7142969649598718,0.0142859392991974,0.0,0.1,0.2,0.0,0.0,7,0,0.9630195227898648,0.7142969649598718,decision_level_baseline_vs_candidate_path_memory_gap_audit,outer_loop_spatial_flow_belief_safe_explore_exploit_memory_v2_2
balanced_cluster,spatial_flow_belief_memory_h30,30,final_heldout,6,r10_l7_full_domain_randomisation_arena_wide_training,r10_l7_full_domain_randomisation_arena_wide_training,r10_balanced_cluster_spatial_flow_belief_memory_h30_final_0006,4,inflight_recovery_edge,recoverable_degraded,safe_exit_or_recovery_handoff,primvar_safe_exit_or_recovery_handoff_transition_object_295e4572e0ce,baseline_and_memory_winner_match,True,primvar_safe_exit_or_recovery_handoff_transition_object_295e4572e0ce,primvar_safe_exit_or_recovery_handoff_transition_object_295e4572e0ce,0.0,0.0,0.03,0.0,1.0,0.0002032123263067,0.0002032123263067,0.0,0.0,0.0376148563624598,0.5580452815395641,0.0111609056307912,0.0,0.1,0.2,0.0,0.0,7,0,0.96238514363754,0.5580452815395641,decision_level_baseline_vs_candidate_path_memory_gap_audit,outer_loop_spatial_flow_belief_safe_explore_exploit_memory_v2_2
balanced_cluster,spatial_flow_belief_memory_h30,30,final_heldout,6,r10_l7_full_domain_randomisation_arena_wide_training,r10_l7_full_domain_randomisation_arena_wide_training,r10_balanced_cluster_spatial_flow_belief_memory_h30_final_0006,5,inflight_recovery_edge,recoverable_degraded,safe_exit_or_recovery_handoff,primvar_safe_exit_or_recovery_handoff_transition_object_295e4572e0ce,baseline_and_memory_winner_match,True,primvar_safe_exit_or_recovery_handoff_transition_object_295e4572e0ce,primvar_safe_exit_or_recovery_handoff_transition_object_295e4572e0ce,0.0,0.0,0.03,0.0,1.0,0.0001169673660393,0.0001169673660393,0.0,0.0,0.0372584809413886,0.5953329115486959,0.0119066582309739,0.0,0.1,0.2,0.0,0.0,7,0,0.9627415190586114,0.5953329115486959,decision_level_baseline_vs_candidate_path_memory_gap_audit,outer_loop_spatial_flow_belief_safe_explore_exploit_memory_v2_2
balanced_cluster,spatial_flow_belief_memory_h30,30,final_heldout,6,r10_l7_full_domain_randomisation_arena_wide_training,r10_l7_full_domain_randomisation_arena_wide_training,r10_balanced_cluster_spatial_flow_belief_memory_h30_final_0006,6,inflight_recovery_edge,recoverable_degraded,safe_exit_or_recovery_handoff,primvar_safe_exit_or_recovery_handoff_transition_object_295e4572e0ce,baseline_and_memory_winner_match,True,primvar_safe_exit_or_recovery_handoff_transition_object_295e4572e0ce,primvar_safe_exit_or_recovery_handoff_transition_object_295e4572e0ce,0.0,0.0,0.03,0.0,1.0,1.1940377319996642e-05,1.1940377319996642e-05,0.0,0.0,0.0357729209410359,0.6360839570557761,0.0127216791411155,0.0,0.1,0.2,3.023850075792677e-32,1.2497421504823789e-29,7,4,0.964227079058964,0.6360839570557761,decision_level_baseline_vs_candidate_path_memory_gap_audit,outer_loop_spatial_flow_belief_safe_explore_exploit_memory_v2_2
balanced_cluster,spatial_flow_belief_memory_h30,30,final_heldout,6,r10_l7_full_domain_randomisation_arena_wide_training,r10_l7_full_domain_randomisation_arena_wide_training,r10_balanced_cluster_spatial_flow_belief_memory_h30_final_0006,7,inflight_recovery_edge,recoverable_degraded,safe_exit_or_recovery_handoff,primvar_safe_exit_or_recovery_handoff_transition_object_295e4572e0ce,baseline_and_memory_winner_match,True,primvar_safe_exit_or_recovery_handoff_transition_object_295e4572e0ce,primvar_safe_exit_or_recovery_handoff_transition_object_295e4572e0ce,0.0,0.0,0.03,0.0,1.0,-8.386938754109674e-05,-8.386938754109674e-05,0.0,0.0,0.0336890965805941,0.6805534482583706,0.0136110689651674,0.0,0.1,0.2,3.5013539568699257e-32,1.4822279762436238e-29,7,4,0.9663109034194058,0.6805534482583706,decision_level_baseline_vs_candidate_path_memory_gap_audit,outer_loop_spatial_flow_belief_safe_explore_exploit_memory_v2_2
balanced_cluster,spatial_flow_belief_memory_h30,30,final_heldout,6,r10_l7_full_domain_randomisation_arena_wide_training,r10_l7_full_domain_randomisation_arena_wide_training,r10_balanced_cluster_spatial_flow_belief_memory_h30_final_0006,8,inflight_recovery_edge,recoverable_degraded,safe_exit_or_recovery_handoff,primvar_safe_exit_or_recovery_handoff_transition_object_295e4572e0ce,baseline_and_memory_winner_match,True,primvar_safe_exit_or_recovery_handoff_transition_object_295e4572e0ce,primvar_safe_exit_or_recovery_handoff_transition_object_295e4572e0ce,0.0,0.0,0.03,0.0,1.0,-0.0001816403139477,-0.0001816403139477,0.0,0.0,0.0361529917001502,0.7183678851283658,0.0143673577025673,0.0,0.1,0.2,0.0,0.0,5,0,0.9638470082998496,0.7183678851283658,decision_level_baseline_vs_candidate_path_memory_gap_audit,outer_loop_spatial_flow_belief_safe_explore_exploit_memory_v2_2
balanced_cluster,spatial_flow_belief_memory_h30,30,final_heldout,6,r10_l7_full_domain_randomisation_arena_wide_training,r10_l7_full_domain_randomisation_arena_wide_training,r10_balanced_cluster_spatial_flow_belief_memory_h30_final_0006,9,inflight_boundary_near,boundary_near,mild_turn_left,primvar_mild_turn_left_transition_object_8f717fa6b160,baseline_and_memory_winner_match,True,primvar_mild_turn_left_transition_object_8f717fa6b160,primvar_mild_turn_left_transition_object_8f717fa6b160,0.0,0.0,0.03,0.0,1.0,-0.0002395826855263,-0.0002395826855263,0.0,0.0,0.032406661438558,0.7654161325179061,0.0153083226503581,0.0,0.1,0.2,0.0,0.0,0,0,0.967593338561442,0.7654161325179061,decision_level_baseline_vs_candidate_path_memory_gap_audit,outer_loop_spatial_flow_belief_safe_explore_exploit_memory_v2_2
balanced_cluster,spatial_flow_belief_memory_h30,30,final_heldout,6,r10_l7_full_domain_randomisation_arena_wide_training,r10_l7_full_domain_randomisation_arena_wide_training,r10_balanced_cluster_spatial_flow_belief_memory_h30_final_0006,10,inflight_boundary_near,boundary_near,mild_turn_left,primvar_mild_turn_left_transition_object_8f717fa6b160,baseline_and_memory_winner_match,True,primvar_mild_turn_left_transition_object_8f717fa6b160,primvar_mild_turn_left_transition_object_8f717fa6b160,0.0,0.0,0.03,0.0,1.0,-0.0002916707208194,-0.0002916707208194,0.0,0.0,0.0421233156394601,0.7497050460072977,0.0149941009201459,0.0,0.1,0.2,0.0,0.0,0,0,0.95787668436054,0.7497050460072977,decision_level_baseline_vs_candidate_path_memory_gap_audit,outer_loop_spatial_flow_belief_safe_explore_exploit_memory_v2_2
balanced_cluster,spatial_flow_belief_memory_h30,30,final_heldout,6,r10_l7_full_domain_randomisation_arena_wide_training,r10_l7_full_domain_randomisation_arena_wide_training,r10_balanced_cluster_spatial_flow_belief_memory_h30_final_0006,11,inflight_boundary_near,boundary_near,mild_turn_left,primvar_mild_turn_left_transition_object_8f717fa6b160,baseline_and_memory_winner_match,True,primvar_mild_turn_left_transition_object_8f717fa6b160,primvar_mild_turn_left_transition_object_8f717fa6b160,0.0,0.0,0.03,0.0,1.0,-0.0003525949093106,-0.0003525949093106,0.0,0.0,0.0599630187447063,0.6870615523729795,0.0137412310474595,0.0,0.1,0.2,0.0,0.0,0,0,0.9400369812552936,0.6870615523729795,decision_level_baseline_vs_candidate_path_memory_gap_audit,outer_loop_spatial_flow_belief_safe_explore_exploit_memory_v2_2
balanced_cluster,spatial_flow_belief_memory_h30,30,final_heldout,6,r10_l7_full_domain_randomisation_arena_wide_training,r10_l7_full_domain_randomisation_arena_wide_training,r10_balanced_cluster_spatial_flow_belief_memory_h30_final_0006,12,inflight_boundary_near,boundary_near,mild_turn_left,primvar_mild_turn_left_transition_object_8f717fa6b160,baseline_and_memory_winner_match,True,primvar_mild_turn_left_transition_object_8f717fa6b160,primvar_mild_turn_left_transition_object_8f717fa6b160,0.0,0.0,0.03,0.0,1.0,-0.000300589413135,-0.000300589413135,0.0,0.0,0.0329235542047107,0.5947155223738987,0.0118943104474779,0.0,0.1,0.2,0.0,0.0,0,0,0.9670764457952892,0.5947155223738987,decision_level_baseline_vs_candidate_path_memory_gap_audit,outer_loop_spatial_flow_belief_safe_explore_exploit_memory_v2_2
balanced_cluster,spatial_flow_belief_memory_h30,30,final_heldout,6,r10_l7_full_domain_randomisation_arena_wide_training,r10_l7_full_domain_randomisation_arena_wide_training,r10_balanced_cluster_spatial_flow_belief_memory_h30_final_0006,13,inflight_boundary_near,boundary_near,mild_turn_left,primvar_mild_turn_left_transition_object_8f717fa6b160,baseline_and_memory_winner_match,True,primvar_mild_turn_left_transition_object_8f717fa6b160,primvar_mild_turn_left_transition_object_8f717fa6b160,0.0,0.0,0.03,0.0,1.0,-0.0003176048772842,-0.0003176048772842,0.0,0.0,0.0329210931105821,0.3958455104208194,0.0079169102084163,0.0,0.1,0.2,0.0,0.0,0,0,0.9670789068894178,0.3958455104208194,decision_level_baseline_vs_candidate_path_memory_gap_audit,outer_loop_spatial_flow_belief_safe_explore_exploit_memory_v2_2
light_cluster,spatial_flow_belief_memory_h3,3,final_heldout,2,r10_l7_full_domain_randomisation_arena_wide_training,r10_l7_full_domain_randomisation_arena_wide_training,r10_light_cluster_spatial_flow_belief_memory_h3_final_0002,0,launch_gate,launch_gate,mild_turn_left,primvar_mild_turn_left_transition_object_c5942d118f74,baseline_and_memory_winner_match,True,primvar_mild_turn_left_transition_object_c5942d118f74,primvar_mild_turn_left_transition_object_c5942d118f74,0.0,0.0,0.03,0.0,1.0,-1.414768978580394e-05,-1.414768978580394e-05,0.0,0.0,0.0053445520632184,0.6241369111146189,0.0124827382222923,0.0,0.1,0.2,0.0,0.0,7,0,0.9946554479367816,0.6241369111146189,decision_level_baseline_vs_candidate_path_memory_gap_audit,outer_loop_spatial_flow_belief_safe_explore_exploit_memory_v2_2
light_cluster,spatial_flow_belief_memory_h3,3,final_heldout,2,r10_l7_full_domain_randomisation_arena_wide_training,r10_l7_full_domain_randomisation_arena_wide_training,r10_light_cluster_spatial_flow_belief_memory_h3_final_0002,1,inflight_nominal,inflight_stable,mild_turn_left,primvar_mild_turn_left_transition_object_c0027154e9bd,baseline_and_memory_winner_match,True,primvar_mild_turn_left_transition_object_c0027154e9bd,primvar_mild_turn_left_transition_object_c0027154e9bd,0.0,0.0,0.03,0.0,1.0,0.0002209933265948,0.0002209933265948,0.0,0.0,0.0395530932255865,0.6432055406026063,0.0128641108120521,0.0,0.1,0.2,0.0,0.0,7,0,0.9604469067744136,0.6432055406026063,decision_level_baseline_vs_candidate_path_memory_gap_audit,outer_loop_spatial_flow_belief_safe_explore_exploit_memory_v2_2
light_cluster,spatial_flow_belief_memory_h3,3,final_heldout,2,r10_l7_full_domain_randomisation_arena_wide_training,r10_l7_full_domain_randomisation_arena_wide_training,r10_light_cluster_spatial_flow_belief_memory_h3_final_0002,2,inflight_recovery_edge,recoverable_degraded,safe_exit_or_recovery_handoff,primvar_safe_exit_or_recovery_handoff_transition_object_89fe6c2843f5,baseline_and_memory_winner_match,True,primvar_safe_exit_or_recovery_handoff_transition_object_89fe6c2843f5,primvar_safe_exit_or_recovery_handoff_transition_object_89fe6c2843f5,0.0,0.0,0.03,0.0,1.0,0.0003337773849785,0.0003337773849785,0.0,0.0,0.034572494914617,0.6480160959818777,0.0129603219196375,0.0,0.1,0.2,0.0,0.0,7,0,0.965427505085383,0.6480160959818777,decision_level_baseline_vs_candidate_path_memory_gap_audit,outer_loop_spatial_flow_belief_safe_explore_exploit_memory_v2_2
light_cluster,spatial_flow_belief_memory_h3,3,final_heldout,2,r10_l7_full_domain_randomisation_arena_wide_training,r10_l7_full_domain_randomisation_arena_wide_training,r10_light_cluster_spatial_flow_belief_memory_h3_final_0002,3,inflight_recovery_edge,recoverable_degraded,safe_exit_or_recovery_handoff,primvar_safe_exit_or_recovery_handoff_transition_object_89fe6c2843f5,baseline_and_memory_winner_match,True,primvar_safe_exit_or_recovery_handoff_transition_object_89fe6c2843f5,primvar_safe_exit_or_recovery_handoff_transition_object_89fe6c2843f5,0.0,0.0,0.03,0.0,1.0,0.000374989691504,0.000374989691504,0.0,0.0,0.0299890392080935,0.7079476952760947,0.0141589539055218,0.0,0.1,0.2,0.0,0.0,7,0,0.9700109607919064,0.7079476952760947,decision_level_baseline_vs_candidate_path_memory_gap_audit,outer_loop_spatial_flow_belief_safe_explore_exploit_memory_v2_2
light_cluster,spatial_flow_belief_memory_h3,3,final_heldout,2,r10_l7_full_domain_randomisation_arena_wide_training,r10_l7_full_domain_randomisation_arena_wide_training,r10_light_cluster_spatial_flow_belief_memory_h3_final_0002,4,inflight_recovery_edge,recoverable_degraded,safe_exit_or_recovery_handoff,primvar_safe_exit_or_recovery_handoff_transition_object_eb5ec1f84c14,baseline_and_memory_winner_match,True,primvar_safe_exit_or_recovery_handoff_transition_object_eb5ec1f84c14,primvar_safe_exit_or_recovery_handoff_transition_object_eb5ec1f84c14,0.0,0.0,0.03,0.0,1.0,0.0004374000488854,0.0004374000488854,0.0,0.0,0.0320053488932232,0.7198901579622121,0.0143978031592442,0.0,0.1,0.2,0.0,0.0,7,0,0.9679946511067768,0.7198901579622121,decision_level_baseline_vs_candidate_path_memory_gap_audit,outer_loop_spatial_flow_belief_safe_explore_exploit_memory_v2_2
light_cluster,spatial_flow_belief_memory_h3,3,final_heldout,2,r10_l7_full_domain_randomisation_arena_wide_training,r10_l7_full_domain_randomisation_arena_wide_training,r10_light_cluster_spatial_flow_belief_memory_h3_final_0002,5,inflight_recovery_edge,recoverable_degraded,safe_exit_or_recovery_handoff,primvar_safe_exit_or_recovery_handoff_transition_object_eb5ec1f84c14,baseline_and_memory_winner_match,True,primvar_safe_exit_or_recovery_handoff_transition_object_eb5ec1f84c14,primvar_safe_exit_or_recovery_handoff_transition_object_eb5ec1f84c14,0.0,0.0,0.03,0.0,1.0,0.0003073051863242,0.0003073051863242,0.0,0.0,0.0329928355280935,0.7913285730436593,0.0158265714608731,0.0,0.1,0.2,0.0,0.0,5,0,0.9670071644719064,0.7913285730436593,decision_level_baseline_vs_candidate_path_memory_gap_audit,outer_loop_spatial_flow_belief_safe_explore_exploit_memory_v2_2
light_cluster,spatial_flow_belief_memory_h3,3,final_heldout,2,r10_l7_full_domain_randomisation_arena_wide_training,r10_l7_full_domain_randomisation_arena_wide_training,r10_light_cluster_spatial_flow_belief_memory_h3_final_0002,6,inflight_recovery_edge,recoverable_degraded,safe_exit_or_recovery_handoff,primvar_safe_exit_or_recovery_handoff_transition_object_eb5ec1f84c14,baseline_and_memory_winner_match,True,primvar_safe_exit_or_recovery_handoff_transition_object_eb5ec1f84c14,primvar_safe_exit_or_recovery_handoff_transition_object_eb5ec1f84c14,0.0,0.0,0.03,0.0,1.0,9.17728148491781e-06,9.17728148491781e-06,0.0,0.0,0.0347939991596418,0.88044466900495,0.017608893380099,0.0,0.1,0.2,0.0,0.0,0,0,0.965206000840358,0.88044466900495,decision_level_baseline_vs_candidate_path_memory_gap_audit,outer_loop_spatial_flow_belief_safe_explore_exploit_memory_v2_2
light_cluster,spatial_flow_belief_memory_h3,3,final_heldout,2,r10_l7_full_domain_randomisation_arena_wide_training,r10_l7_full_domain_randomisation_arena_wide_training,r10_light_cluster_spatial_flow_belief_memory_h3_final_0002,7,inflight_recovery_edge,recoverable_degraded,safe_exit_or_recovery_handoff,primvar_safe_exit_or_recovery_handoff_transition_object_eb5ec1f84c14,baseline_and_memory_winner_match,True,primvar_safe_exit_or_recovery_handoff_transition_object_eb5ec1f84c14,primvar_safe_exit_or_recovery_handoff_transition_object_eb5ec1f84c14,0.0,0.0,0.03,0.0,1.0,-0.0002594859791515,-0.0002594859791515,0.0,0.0,0.0394719979058783,0.9605280020941216,0.0192105600418824,0.0,0.1,0.2,0.0,0.0,0,0,0.9605280020941216,0.9605280020941216,decision_level_baseline_vs_candidate_path_memory_gap_audit,outer_loop_spatial_flow_belief_safe_explore_exploit_memory_v2_2
light_cluster,spatial_flow_belief_memory_h3,3,final_heldout,2,r10_l7_full_domain_randomisation_arena_wide_training,r10_l7_full_domain_randomisation_arena_wide_training,r10_light_cluster_spatial_flow_belief_memory_h3_final_0002,8,inflight_boundary_near,boundary_near,mild_turn_right,primvar_mild_turn_right_transition_object_79dc6a9b8274,baseline_and_memory_winner_match,True,primvar_mild_turn_right_transition_object_79dc6a9b8274,primvar_mild_turn_right_transition_object_79dc6a9b8274,0.0,0.0,0.03,0.0,1.0,-0.0002739025399403,-0.0002739025399403,0.0,0.0,0.0293368146545044,0.9706631853454956,0.0194132637069099,0.0,0.1,0.2,0.0,0.0,0,0,0.9706631853454956,0.9706631853454956,decision_level_baseline_vs_candidate_path_memory_gap_audit,outer_loop_spatial_flow_belief_safe_explore_exploit_memory_v2_2
light_cluster,spatial_flow_belief_memory_h3,3,final_heldout,2,r10_l7_full_domain_randomisation_arena_wide_training,r10_l7_full_domain_randomisation_arena_wide_training,r10_light_cluster_spatial_flow_belief_memory_h3_final_0002,9,inflight_boundary_near,boundary_near,energy_retaining_bank,primvar_energy_retaining_bank_transition_object_f378f7a74cce,baseline_and_memory_winner_match,True,primvar_energy_retaining_bank_transition_object_f378f7a74cce,primvar_energy_retaining_bank_transition_object_f378f7a74cce,0.0,0.0,0.03,0.0,1.0,-0.0002802677709941,-0.0002802677709941,0.0,0.0,0.0377178869800362,0.9622821130199638,0.0192456422603992,0.0,0.1,0.2,0.0,0.0,0,0,0.9622821130199638,0.9622821130199638,decision_level_baseline_vs_candidate_path_memory_gap_audit,outer_loop_spatial_flow_belief_safe_explore_exploit_memory_v2_2
light_cluster,spatial_flow_belief_memory_h3,3,final_heldout,2,r10_l7_full_domain_randomisation_arena_wide_training,r10_l7_full_domain_randomisation_arena_wide_training,r10_light_cluster_spatial_flow_belief_memory_h3_final_0002,10,inflight_boundary_near,boundary_near,energy_retaining_bank,primvar_energy_retaining_bank_transition_object_f378f7a74cce,baseline_and_memory_winner_match,True,primvar_energy_retaining_bank_transition_object_f378f7a74cce,primvar_energy_retaining_bank_transition_object_f378f7a74cce,0.0,0.0,0.03,0.0,1.0,-0.0002120869879282,-0.0002120869879282,0.0,0.0,0.0285620575997359,0.971437942400264,0.0194287588480052,0.0,0.1,0.2,0.0,0.0,0,0,0.971437942400264,0.971437942400264,decision_level_baseline_vs_candidate_path_memory_gap_audit,outer_loop_spatial_flow_belief_safe_explore_exploit_memory_v2_2
light_cluster,spatial_flow_belief_memory_h3,3,final_heldout,2,r10_l7_full_domain_randomisation_arena_wide_training,r10_l7_full_domain_randomisation_arena_wide_training,r10_light_cluster_spatial_flow_belief_memory_h3_final_0002,11,inflight_boundary_near,boundary_near,energy_retaining_bank,primvar_energy_retaining_bank_transition_object_f378f7a74cce,baseline_and_memory_winner_match,True,primvar_energy_retaining_bank_transition_object_f378f7a74cce,primvar_energy_retaining_bank_transition_object_f378f7a74cce,0.0,0.0,0.03,0.0,1.0,-0.0003072607180105,-0.0003072607180105,0.0,0.0,0.0411858724434511,0.9588141275565488,0.0191762825511309,0.0,0.1,0.2,0.0,0.0,0,0,0.9588141275565488,0.9588141275565488,decision_level_baseline_vs_candidate_path_memory_gap_audit,outer_loop_spatial_flow_belief_safe_explore_exploit_memory_v2_2
light_cluster,spatial_flow_belief_memory_h3,3,final_heldout,3,r10_l7_full_domain_randomisation_arena_wide_training,r10_l7_full_domain_randomisation_arena_wide_training,r10_light_cluster_spatial_flow_belief_memory_h3_final_0003,0,launch_gate,launch_gate,lift_dwell_arc,primvar_lift_dwell_arc_transition_object_3319bf584ff9,baseline_and_memory_winner_match,True,primvar_lift_dwell_arc_transition_object_3319bf584ff9,primvar_lift_dwell_arc_transition_object_3319bf584ff9,0.0,0.0,0.03,0.0,1.0,5.889015403559572e-05,5.889015403559572e-05,0.0,0.0,0.0061858009106639,0.7442288712950413,0.0148845774259008,0.0,0.1,0.2,0.0,0.0,7,0,0.993814199089336,0.7442288712950413,decision_level_baseline_vs_candidate_path_memory_gap_audit,outer_loop_spatial_flow_belief_safe_explore_exploit_memory_v2_2
light_cluster,spatial_flow_belief_memory_h3,3,final_heldout,3,r10_l7_full_domain_randomisation_arena_wide_training,r10_l7_full_domain_randomisation_arena_wide_training,r10_light_cluster_spatial_flow_belief_memory_h3_final_0003,1,inflight_boundary_near,boundary_near,lift_dwell_arc,primvar_lift_dwell_arc_transition_object_429425bf6b2c,baseline_and_memory_winner_match,True,primvar_lift_dwell_arc_transition_object_429425bf6b2c,primvar_lift_dwell_arc_transition_object_429425bf6b2c,0.0,0.0,0.03,0.0,1.0,4.397595756855388e-05,4.397595756855388e-05,0.0,0.0,0.0388654071996525,0.7939804809549095,0.0158796096190981,0.0,0.1,0.2,0.0,0.0,7,0,0.9611345928003476,0.7939804809549095,decision_level_baseline_vs_candidate_path_memory_gap_audit,outer_loop_spatial_flow_belief_safe_explore_exploit_memory_v2_2
light_cluster,spatial_flow_belief_memory_h3,3,final_heldout,3,r10_l7_full_domain_randomisation_arena_wide_training,r10_l7_full_domain_randomisation_arena_wide_training,r10_light_cluster_spatial_flow_belief_memory_h3_final_0003,2,inflight_boundary_near,boundary_near,lift_dwell_arc,primvar_lift_dwell_arc_transition_object_429425bf6b2c,baseline_and_memory_winner_match,True,primvar_lift_dwell_arc_transition_object_429425bf6b2c,primvar_lift_dwell_arc_transition_object_429425bf6b2c,0.0,0.0,0.03,0.0,1.0,1.3645019064645323e-05,1.3645019064645323e-05,0.0,0.0,0.0343456967463409,0.8963702192970951,0.0179274043859419,0.0,0.1,0.2,0.0,0.0,1,0,0.965654303253659,0.8963702192970951,decision_level_baseline_vs_candidate_path_memory_gap_audit,outer_loop_spatial_flow_belief_safe_explore_exploit_memory_v2_2
light_cluster,spatial_flow_belief_memory_h3,3,final_heldout,3,r10_l7_full_domain_randomisation_arena_wide_training,r10_l7_full_domain_randomisation_arena_wide_training,r10_light_cluster_spatial_flow_belief_memory_h3_final_0003,3,inflight_boundary_near,boundary_near,safe_exit_or_recovery_handoff,primvar_safe_exit_or_recovery_handoff_transition_object_6683ccb4c539,baseline_and_memory_winner_match,True,primvar_safe_exit_or_recovery_handoff_transition_object_6683ccb4c539,primvar_safe_exit_or_recovery_handoff_transition_object_6683ccb4c539,0.0,0.0,0.03,0.0,1.0,1.034314879788667e-05,1.034314879788667e-05,0.0,0.0,0.0427938502789784,0.9572061497210216,0.0191441229944204,0.0,0.1,0.2,0.0,0.0,0,0,0.9572061497210216,0.9572061497210216,decision_level_baseline_vs_candidate_path_memory_gap_audit,outer_loop_spatial_flow_belief_safe_explore_exploit_memory_v2_2
light_cluster,spatial_flow_belief_memory_h3,3,final_heldout,3,r10_l7_full_domain_randomisation_arena_wide_training,r10_l7_full_domain_randomisation_arena_wide_training,r10_light_cluster_spatial_flow_belief_memory_h3_final_0003,4,inflight_boundary_near,boundary_near,safe_exit_or_recovery_handoff,primvar_safe_exit_or_recovery_handoff_transition_object_6683ccb4c539,baseline_and_memory_winner_match,True,primvar_safe_exit_or_recovery_handoff_transition_object_6683ccb4c539,primvar_safe_exit_or_recovery_handoff_transition_object_6683ccb4c539,0.0,0.0,0.03,0.0,1.0,-6.4749581696332825e-06,-6.4749581696332825e-06,0.0,0.0,0.0272216108334983,0.9727783891665016,0.01945556778333,0.0,0.1,0.2,0.0,0.0,0,0,0.9727783891665016,0.9727783891665016,decision_level_baseline_vs_candidate_path_memory_gap_audit,outer_loop_spatial_flow_belief_safe_explore_exploit_memory_v2_2
light_cluster,spatial_flow_belief_memory_h3,3,final_heldout,3,r10_l7_full_domain_randomisation_arena_wide_training,r10_l7_full_domain_randomisation_arena_wide_training,r10_light_cluster_spatial_flow_belief_memory_h3_final_0003,5,inflight_boundary_near,boundary_near,energy_retaining_bank,primvar_energy_retaining_bank_transition_object_978e387f63c7,rejected_exploration_cross_family_without_memory_confidence,False,primvar_energy_retaining_bank_transition_object_978e387f63c7,primvar_lift_entry_transition_object_7cbbfa819927,1.7743058711161552e-06,-3.496121170343258e-08,0.03,0.0,1.0,-1.18128839807774e-05,-1.18128839807774e-05,0.0,-34.96121170343258,0.0295749123329521,0.970425087667048,0.0194085017533409,0.0,0.1,0.2,0.0,0.0,0,0,0.9703346243129044,0.9703346243129044,decision_level_baseline_vs_candidate_path_memory_gap_audit,outer_loop_spatial_flow_belief_safe_explore_exploit_memory_v2_2
light_cluster,spatial_flow_belief_memory_h3,3,final_heldout,3,r10_l7_full_domain_randomisation_arena_wide_training,r10_l7_full_domain_randomisation_arena_wide_training,r10_light_cluster_spatial_flow_belief_memory_h3_final_0003,6,inflight_boundary_near,boundary_near,energy_retaining_bank,primvar_energy_retaining_bank_transition_object_59f915f98b46,baseline_and_memory_winner_match,True,primvar_energy_retaining_bank_transition_object_59f915f98b46,primvar_energy_retaining_bank_transition_object_59f915f98b46,0.0,0.0,0.03,0.0,1.0,-2.115103055810863e-05,-2.115103055810863e-05,0.0,0.0,0.0377186134067609,0.962281386593239,0.0192456277318647,0.0,0.1,0.2,0.0,0.0,0,0,0.962281386593239,0.962281386593239,decision_level_baseline_vs_candidate_path_memory_gap_audit,outer_loop_spatial_flow_belief_safe_explore_exploit_memory_v2_2
light_cluster,spatial_flow_belief_memory_h3,3,final_heldout,3,r10_l7_full_domain_randomisation_arena_wide_training,r10_l7_full_domain_randomisation_arena_wide_training,r10_light_cluster_spatial_flow_belief_memory_h3_final_0003,7,inflight_boundary_near,boundary_near,energy_retaining_bank,primvar_energy_retaining_bank_transition_object_59f915f98b46,baseline_and_memory_winner_match,True,primvar_energy_retaining_bank_transition_object_59f915f98b46,primvar_energy_retaining_bank_transition_object_59f915f98b46,0.0,0.0,0.03,0.0,1.0,-1.2237453313579394e-05,-1.2237453313579394e-05,0.0,0.0,0.024408036444184,0.975591963555816,0.0195118392711163,0.0,0.1,0.2,0.0,0.0,0,0,0.975591963555816,0.975591963555816,decision_level_baseline_vs_candidate_path_memory_gap_audit,outer_loop_spatial_flow_belief_safe_explore_exploit_memory_v2_2
light_cluster,spatial_flow_belief_memory_h3,3,final_heldout,5,r10_l7_full_domain_randomisation_arena_wide_training,r10_l7_full_domain_randomisation_arena_wide_training,r10_light_cluster_spatial_flow_belief_memory_h3_final_0005,0,launch_gate,launch_gate,lift_dwell_arc,primvar_lift_dwell_arc_transition_object_0bb49fd72816,baseline_and_memory_winner_match,True,primvar_lift_dwell_arc_transition_object_0bb49fd72816,primvar_lift_dwell_arc_transition_object_0bb49fd72816,0.0,0.0,0.03,0.0,1.0,1.125998833506614e-06,1.125998833506614e-06,0.0,0.0,0.0004303350544417,0.7744049030032971,0.0154880980600659,0.0,0.1,0.2,0.0,0.0,7,0,0.9995696649455584,0.7744049030032971,decision_level_baseline_vs_candidate_path_memory_gap_audit,outer_loop_spatial_flow_belief_safe_explore_exploit_memory_v2_2
light_cluster,spatial_flow_belief_memory_h3,3,final_heldout,5,r10_l7_full_domain_randomisation_arena_wide_training,r10_l7_full_domain_randomisation_arena_wide_training,r10_light_cluster_spatial_flow_belief_memory_h3_final_0005,1,inflight_boundary_near,boundary_near,lift_dwell_arc,primvar_lift_dwell_arc_transition_object_429425bf6b2c,baseline_and_memory_winner_match,True,primvar_lift_dwell_arc_transition_object_429425bf6b2c,primvar_lift_dwell_arc_transition_object_429425bf6b2c,0.0,0.0,0.03,0.0,1.0,0.0004205640414368,0.0004205640414368,0.0,0.0,0.0341490820969322,0.7822695913591271,0.0156453918271825,0.0,0.1,0.2,0.0,0.0,7,0,0.9658509179030678,0.7822695913591271,decision_level_baseline_vs_candidate_path_memory_gap_audit,outer_loop_spatial_flow_belief_safe_explore_exploit_memory_v2_2
light_cluster,spatial_flow_belief_memory_h3,3,final_heldout,5,r10_l7_full_domain_randomisation_arena_wide_training,r10_l7_full_domain_randomisation_arena_wide_training,r10_light_cluster_spatial_flow_belief_memory_h3_final_0005,2,inflight_boundary_near,boundary_near,lift_dwell_arc,primvar_lift_dwell_arc_transition_object_cd89af02a2de,baseline_and_memory_winner_match,True,primvar_lift_dwell_arc_transition_object_cd89af02a2de,primvar_lift_dwell_arc_transition_object_cd89af02a2de,0.0,0.0,0.03,0.0,1.0,0.000376616428394,0.000376616428394,0.0,0.0,0.0331108891161548,0.8297694720139595,0.0165953894402791,0.0,0.1,0.2,0.0,0.0,6,0,0.9668891108838452,0.8297694720139595,decision_level_baseline_vs_candidate_path_memory_gap_audit,outer_loop_spatial_flow_belief_safe_explore_exploit_memory_v2_2
light_cluster,spatial_flow_belief_memory_h3,3,final_heldout,5,r10_l7_full_domain_randomisation_arena_wide_training,r10_l7_full_domain_randomisation_arena_wide_training,r10_light_cluster_spatial_flow_belief_memory_h3_final_0005,3,inflight_boundary_near,boundary_near,lift_dwell_arc,primvar_lift_dwell_arc_transition_object_cd89af02a2de,baseline_and_memory_winner_match,True,primvar_lift_dwell_arc_transition_object_cd89af02a2de,primvar_lift_dwell_arc_transition_object_cd89af02a2de,0.0,0.0,0.03,0.0,1.0,0.000247424822461,0.000247424822461,0.0,0.0,0.0377140712059105,0.9389037329661132,0.0187780746593222,0.0,0.1,0.2,0.0,0.0,0,0,0.9622859287940896,0.9389037329661132,decision_level_baseline_vs_candidate_path_memory_gap_audit,outer_loop_spatial_flow_belief_safe_explore_exploit_memory_v2_2
light_cluster,spatial_flow_belief_memory_h3,3,final_heldout,5,r10_l7_full_domain_randomisation_arena_wide_training,r10_l7_full_domain_randomisation_arena_wide_training,r10_light_cluster_spatial_flow_belief_memory_h3_final_0005,4,inflight_boundary_near,boundary_near,energy_retaining_bank,primvar_energy_retaining_bank_transition_object_59f915f98b46,baseline_and_memory_winner_match,True,primvar_energy_retaining_bank_transition_object_59f915f98b46,primvar_energy_retaining_bank_transition_object_59f915f98b46,0.0,0.0,0.03,0.0,1.0,0.0001261388314202,0.0001261388314202,0.0,0.0,0.0460664058334813,0.9539335941665188,0.0190786718833303,0.0,0.1,0.2,0.0,0.0,0,0,0.9539335941665188,0.9539335941665188,decision_level_baseline_vs_candidate_path_memory_gap_audit,outer_loop_spatial_flow_belief_safe_explore_exploit_memory_v2_2
light_cluster,spatial_flow_belief_memory_h3,3,final_heldout,5,r10_l7_full_domain_randomisation_arena_wide_training,r10_l7_full_domain_randomisation_arena_wide_training,r10_light_cluster_spatial_flow_belief_memory_h3_final_0005,5,inflight_boundary_near,boundary_near,energy_retaining_bank,primvar_energy_retaining_bank_transition_object_59f915f98b46,baseline_and_memory_winner_match,True,primvar_energy_retaining_bank_transition_object_59f915f98b46,primvar_energy_retaining_bank_transition_object_59f915f98b46,0.0,0.0,0.03,0.0,1.0,2.3363193588199493e-05,2.3363193588199493e-05,0.0,0.0,0.0407945145407601,0.9592054854592398,0.0191841097091847,0.0,0.1,0.2,0.0,0.0,0,0,0.9592054854592398,0.9592054854592398,decision_level_baseline_vs_candidate_path_memory_gap_audit,outer_loop_spatial_flow_belief_safe_explore_exploit_memory_v2_2
light_cluster,spatial_flow_belief_memory_h3,3,final_heldout,5,r10_l7_full_domain_randomisation_arena_wide_training,r10_l7_full_domain_randomisation_arena_wide_training,r10_light_cluster_spatial_flow_belief_memory_h3_final_0005,6,inflight_boundary_near,boundary_near,energy_retaining_bank,primvar_energy_retaining_bank_transition_object_59f915f98b46,baseline_and_memory_winner_match,True,primvar_energy_retaining_bank_transition_object_59f915f98b46,primvar_energy_retaining_bank_transition_object_59f915f98b46,0.0,0.0,0.03,0.0,1.0,-2.660840026846856e-05,-2.660840026846856e-05,0.0,0.0,0.034418530461305,0.965581469538695,0.0193116293907739,0.0,0.1,0.2,0.0,0.0,0,0,0.965581469538695,0.965581469538695,decision_level_baseline_vs_candidate_path_memory_gap_audit,outer_loop_spatial_flow_belief_safe_explore_exploit_memory_v2_2
light_cluster,spatial_flow_belief_memory_h3,3,final_heldout,5,r10_l7_full_domain_randomisation_arena_wide_training,r10_l7_full_domain_randomisation_arena_wide_training,r10_light_cluster_spatial_flow_belief_memory_h3_final_0005,7,inflight_boundary_near,boundary_near,energy_retaining_bank,primvar_energy_retaining_bank_transition_object_59f915f98b46,baseline_and_memory_winner_match,True,primvar_energy_retaining_bank_transition_object_59f915f98b46,primvar_energy_retaining_bank_transition_object_59f915f98b46,0.0,0.0,0.03,0.0,1.0,-2.8186076778347054e-05,-2.8186076778347054e-05,0.0,0.0,0.0344172417871854,0.9655827582128144,0.0193116551642562,0.0,0.1,0.2,0.0,0.0,0,0,0.9655827582128144,0.9655827582128144,decision_level_baseline_vs_candidate_path_memory_gap_audit,outer_loop_spatial_flow_belief_safe_explore_exploit_memory_v2_2
light_cluster,spatial_flow_belief_memory_h3,3,final_heldout,5,r10_l7_full_domain_randomisation_arena_wide_training,r10_l7_full_domain_randomisation_arena_wide_training,r10_light_cluster_spatial_flow_belief_memory_h3_final_0005,8,inflight_boundary_near,boundary_near,glide,primvar_glide_transition_object_da985aa75290,baseline_and_memory_winner_match,True,primvar_glide_transition_object_da985aa75290,primvar_glide_transition_object_da985aa75290,0.0,0.0,0.03,0.0,1.0,-2.5748626050425827e-05,-2.5748626050425827e-05,0.0,0.0,0.0288616011547638,0.971138398845236,0.0194227679769047,0.0,0.1,0.2,0.0,0.0,0,0,0.971138398845236,0.971138398845236,decision_level_baseline_vs_candidate_path_memory_gap_audit,outer_loop_spatial_flow_belief_safe_explore_exploit_memory_v2_2
light_cluster,spatial_flow_belief_memory_h3,3,final_heldout,4,r10_l7_full_domain_randomisation_arena_wide_training,r10_l7_full_domain_randomisation_arena_wide_training,r10_light_cluster_spatial_flow_belief_memory_h3_final_0004,0,launch_gate,launch_gate,mild_turn_right,primvar_mild_turn_right_transition_object_56e6925bb803,baseline_and_memory_winner_match,True,primvar_mild_turn_right_transition_object_56e6925bb803,primvar_mild_turn_right_transition_object_56e6925bb803,0.0,0.0,0.03,0.0,1.0,4.814341056658122e-05,4.814341056658122e-05,0.0,0.0,0.0054825973757676,0.6014536453893871,0.0120290729077877,0.0,0.1,0.2,0.0,0.0,7,0,0.9945174026242324,0.6014536453893871,decision_level_baseline_vs_candidate_path_memory_gap_audit,outer_loop_spatial_flow_belief_safe_explore_exploit_memory_v2_2
light_cluster,spatial_flow_belief_memory_h3,3,final_heldout,4,r10_l7_full_domain_randomisation_arena_wide_training,r10_l7_full_domain_randomisation_arena_wide_training,r10_light_cluster_spatial_flow_belief_memory_h3_final_0004,1,inflight_nominal,inflight_stable,recovery,primvar_recovery_transition_object_a9d2daacfd0f,baseline_and_memory_winner_match,True,primvar_recovery_transition_object_a9d2daacfd0f,primvar_recovery_transition_object_a9d2daacfd0f,0.0,0.0,0.03,0.0,1.0,0.0005851484320247,0.0005851484320247,0.0,0.0,0.0548702691735497,0.5971913397433259,0.0119438267948665,0.0,0.1,0.2,0.0,0.0,7,0,0.9451297308264502,0.5971913397433259,decision_level_baseline_vs_candidate_path_memory_gap_audit,outer_loop_spatial_flow_belief_safe_explore_exploit_memory_v2_2
light_cluster,spatial_flow_belief_memory_h3,3,final_heldout,4,r10_l7_full_domain_randomisation_arena_wide_training,r10_l7_full_domain_randomisation_arena_wide_training,r10_light_cluster_spatial_flow_belief_memory_h3_final_0004,2,inflight_recovery_edge,recoverable_degraded,safe_exit_or_recovery_handoff,primvar_safe_exit_or_recovery_handoff_transition_object_89fe6c2843f5,baseline_and_memory_winner_match,True,primvar_safe_exit_or_recovery_handoff_transition_object_89fe6c2843f5,primvar_safe_exit_or_recovery_handoff_transition_object_89fe6c2843f5,0.0,0.0,0.03,0.0,1.0,0.000280695029607,0.000280695029607,0.0,0.0,0.0248856568599008,0.6538517659809823,0.0130770353196196,0.0,0.1,0.2,0.0,0.0,7,0,0.9751143431400991,0.6538517659809823,decision_level_baseline_vs_candidate_path_memory_gap_audit,outer_loop_spatial_flow_belief_safe_explore_exploit_memory_v2_2
light_cluster,spatial_flow_belief_memory_h3,3,final_heldout,4,r10_l7_full_domain_randomisation_arena_wide_training,r10_l7_full_domain_randomisation_arena_wide_training,r10_light_cluster_spatial_flow_belief_memory_h3_final_0004,3,inflight_recovery_edge,recoverable_degraded,safe_exit_or_recovery_handoff,primvar_safe_exit_or_recovery_handoff_transition_object_eb5ec1f84c14,baseline_and_memory_winner_match,True,primvar_safe_exit_or_recovery_handoff_transition_object_eb5ec1f84c14,primvar_safe_exit_or_recovery_handoff_transition_object_eb5ec1f84c14,0.0,0.0,0.03,0.0,1.0,0.0001147598890239,0.0001147598890239,0.0,0.0,0.0343322739376511,0.6486783225864862,0.0129735664517297,0.0,0.1,0.2,0.0,0.0,7,0,0.9656677260623489,0.6486783225864862,decision_level_baseline_vs_candidate_path_memory_gap_audit,outer_loop_spatial_flow_belief_safe_explore_exploit_memory_v2_2
light_cluster,spatial_flow_belief_memory_h3,3,final_heldout,4,r10_l7_full_domain_randomisation_arena_wide_training,r10_l7_full_domain_randomisation_arena_wide_training,r10_light_cluster_spatial_flow_belief_memory_h3_final_0004,4,inflight_boundary_near,boundary_near,energy_retaining_bank,primvar_energy_retaining_bank_transition_object_f378f7a74cce,baseline_and_memory_winner_match,True,primvar_energy_retaining_bank_transition_object_f378f7a74cce,primvar_energy_retaining_bank_transition_object_f378f7a74cce,0.0,0.0,0.03,0.0,1.0,-0.000256400260663,-0.000256400260663,0.0,0.0,0.0327053743528089,0.759506900518421,0.0151901380103684,0.0,0.1,0.2,0.0,0.0,7,0,0.967294625647191,0.759506900518421,decision_level_baseline_vs_candidate_path_memory_gap_audit,outer_loop_spatial_flow_belief_safe_explore_exploit_memory_v2_2
light_cluster,spatial_flow_belief_memory_h3,3,final_heldout,4,r10_l7_full_domain_randomisation_arena_wide_training,r10_l7_full_domain_randomisation_arena_wide_training,r10_light_cluster_spatial_flow_belief_memory_h3_final_0004,5,inflight_boundary_near,boundary_near,energy_retaining_bank,primvar_energy_retaining_bank_transition_object_f378f7a74cce,baseline_and_memory_winner_match,True,primvar_energy_retaining_bank_transition_object_f378f7a74cce,primvar_energy_retaining_bank_transition_object_f378f7a74cce,0.0,0.0,0.03,0.0,1.0,-0.0005226662471333,-0.0005226662471333,0.0,0.0,0.0407249821300251,0.8279335882029661,0.0165586717640593,0.0,0.1,0.2,0.0,0.0,4,0,0.9592750178699748,0.8279335882029661,decision_level_baseline_vs_candidate_path_memory_gap_audit,outer_loop_spatial_flow_belief_safe_explore_exploit_memory_v2_2
light_cluster,spatial_flow_belief_memory_h3,3,final_heldout,4,r10_l7_full_domain_randomisation_arena_wide_training,r10_l7_full_domain_randomisation_arena_wide_training,r10_light_cluster_spatial_flow_belief_memory_h3_final_0004,6,inflight_boundary_near,boundary_near,lift_dwell_arc,primvar_lift_dwell_arc_transition_object_e77518a9ca96,baseline_and_memory_winner_match,True,primvar_lift_dwell_arc_transition_object_e77518a9ca96,primvar_lift_dwell_arc_transition_object_e77518a9ca96,0.0,0.0,0.03,0.0,1.0,-0.0004305979501197,-0.0004305979501197,0.0,0.0,0.0301601013761371,0.9698398986238628,0.0193967979724772,0.0,0.1,0.2,0.0,0.0,0,0,0.9698398986238628,0.9698398986238628,decision_level_baseline_vs_candidate_path_memory_gap_audit,outer_loop_spatial_flow_belief_safe_explore_exploit_memory_v2_2
light_cluster,spatial_flow_belief_memory_h3,3,final_heldout,4,r10_l7_full_domain_randomisation_arena_wide_training,r10_l7_full_domain_randomisation_arena_wide_training,r10_light_cluster_spatial_flow_belief_memory_h3_final_0004,7,inflight_boundary_near,boundary_near,lift_dwell_arc,primvar_lift_dwell_arc_transition_object_e77518a9ca96,baseline_and_memory_winner_match,True,primvar_lift_dwell_arc_transition_object_e77518a9ca96,primvar_lift_dwell_arc_transition_object_e77518a9ca96,0.0,0.0,0.03,0.0,1.0,-0.0004048530719154,-0.0004048530719154,0.0,0.0,0.03367087581699,0.96632912418301,0.0193265824836601,0.0,0.1,0.2,0.0,0.0,0,0,0.96632912418301,0.96632912418301,decision_level_baseline_vs_candidate_path_memory_gap_audit,outer_loop_spatial_flow_belief_safe_explore_exploit_memory_v2_2
light_cluster,spatial_flow_belief_memory_h3,3,final_heldout,4,r10_l7_full_domain_randomisation_arena_wide_training,r10_l7_full_domain_randomisation_arena_wide_training,r10_light_cluster_spatial_flow_belief_memory_h3_final_0004,8,inflight_boundary_near,boundary_near,lift_dwell_arc,primvar_lift_dwell_arc_transition_object_e77518a9ca96,baseline_and_memory_winner_match,True,primvar_lift_dwell_arc_transition_object_e77518a9ca96,primvar_lift_dwell_arc_transition_object_e77518a9ca96,0.0,0.0,0.03,0.0,1.0,-0.0003404875777064,-0.0003404875777064,0.0,0.0,0.0373310903626431,0.9626689096373569,0.0192533781927471,0.0,0.1,0.2,0.0,0.0,0,0,0.9626689096373569,0.9626689096373569,decision_level_baseline_vs_candidate_path_memory_gap_audit,outer_loop_spatial_flow_belief_safe_explore_exploit_memory_v2_2
light_cluster,spatial_flow_belief_memory_h3,3,final_heldout,4,r10_l7_full_domain_randomisation_arena_wide_training,r10_l7_full_domain_randomisation_arena_wide_training,r10_light_cluster_spatial_flow_belief_memory_h3_final_0004,9,inflight_boundary_near,boundary_near,lift_dwell_arc,primvar_lift_dwell_arc_transition_object_e77518a9ca96,baseline_and_memory_winner_match,True,primvar_lift_dwell_arc_transition_object_e77518a9ca96,primvar_lift_dwell_arc_transition_object_e77518a9ca96,0.0,0.0,0.03,0.0,1.0,-0.0002948016042212,-0.0002948016042212,0.0,0.0,0.0405747149846783,0.9594252850153216,0.0191885057003064,0.0,0.1,0.2,0.0,0.0,0,0,0.9594252850153216,0.9594252850153216,decision_level_baseline_vs_candidate_path_memory_gap_audit,outer_loop_spatial_flow_belief_safe_explore_exploit_memory_v2_2
light_cluster,spatial_flow_belief_memory_h3,3,final_heldout,4,r10_l7_full_domain_randomisation_arena_wide_training,r10_l7_full_domain_randomisation_arena_wide_training,r10_light_cluster_spatial_flow_belief_memory_h3_final_0004,10,inflight_boundary_near,boundary_near,lift_dwell_arc,primvar_lift_dwell_arc_transition_object_e77518a9ca96,baseline_and_memory_winner_match,True,primvar_lift_dwell_arc_transition_object_e77518a9ca96,primvar_lift_dwell_arc_transition_object_e77518a9ca96,0.0,0.0,0.03,0.0,1.0,-0.0002049377516954,-0.0002049377516954,0.0,0.0,0.0316837060414463,0.9683162939585536,0.019366325879171,0.0,0.1,0.2,0.0,0.0,0,0,0.9683162939585536,0.9683162939585536,decision_level_baseline_vs_candidate_path_memory_gap_audit,outer_loop_spatial_flow_belief_safe_explore_exploit_memory_v2_2
balanced_cluster,spatial_flow_belief_memory_h30,30,final_heldout,7,r10_l7_full_domain_randomisation_arena_wide_training,r10_l7_full_domain_randomisation_arena_wide_training,r10_balanced_cluster_spatial_flow_belief_memory_h30_final_0007,0,launch_gate,launch_gate,lift_entry,primvar_lift_entry_transition_object_98afa4aae6f0,baseline_and_memory_winner_match,True,primvar_lift_entry_transition_object_98afa4aae6f0,primvar_lift_entry_transition_object_98afa4aae6f0,0.0,0.0,0.03,0.0,1.0,1.493076173919583e-06,1.493076173919583e-06,0.0,0.0,0.0116116260495095,0.4787231983445216,0.0095744639668904,0.0,0.1,0.2,0.0,0.0,7,0,0.9883883739504904,0.4787231983445216,decision_level_baseline_vs_candidate_path_memory_gap_audit,outer_loop_spatial_flow_belief_safe_explore_exploit_memory_v2_2
balanced_cluster,spatial_flow_belief_memory_h30,30,final_heldout,7,r10_l7_full_domain_randomisation_arena_wide_training,r10_l7_full_domain_randomisation_arena_wide_training,r10_balanced_cluster_spatial_flow_belief_memory_h30_final_0007,1,inflight_nominal,inflight_stable,glide,primvar_glide_transition_object_9fabfcb9ede1,baseline_and_memory_winner_match,True,primvar_glide_transition_object_9fabfcb9ede1,primvar_glide_transition_object_9fabfcb9ede1,0.0,0.0,0.03,0.0,1.0,-0.0001580695541734,-0.0001580695541734,0.0,0.0,0.0862911138254706,0.4584325171064392,0.0091686503421287,0.0,0.1,0.2,0.0,0.0,7,0,0.9137088861745292,0.4584325171064392,decision_level_baseline_vs_candidate_path_memory_gap_audit,outer_loop_spatial_flow_belief_safe_explore_exploit_memory_v2_2
balanced_cluster,spatial_flow_belief_memory_h30,30,final_heldout,7,r10_l7_full_domain_randomisation_arena_wide_training,r10_l7_full_domain_randomisation_arena_wide_training,r10_balanced_cluster_spatial_flow_belief_memory_h30_final_0007,2,inflight_nominal,inflight_stable,glide,primvar_glide_transition_object_9fabfcb9ede1,baseline_and_memory_winner_match,True,primvar_glide_transition_object_9fabfcb9ede1,primvar_glide_transition_object_9fabfcb9ede1,0.0,0.0,0.03,0.0,1.0,-0.000305077419604,-0.000305077419604,0.0,0.0,0.0998526539818905,0.4696103906722269,0.0093922078134445,0.0,0.1,0.2,0.0,0.0,7,0,0.9001473460181094,0.4696103906722269,decision_level_baseline_vs_candidate_path_memory_gap_audit,outer_loop_spatial_flow_belief_safe_explore_exploit_memory_v2_2
balanced_cluster,spatial_flow_belief_memory_h30,30,final_heldout,7,r10_l7_full_domain_randomisation_arena_wide_training,r10_l7_full_domain_randomisation_arena_wide_training,r10_balanced_cluster_spatial_flow_belief_memory_h30_final_0007,3,inflight_nominal,inflight_stable,lift_dwell_arc,primvar_lift_dwell_arc_transition_object_f5212e7a8993,baseline_and_memory_winner_match,True,primvar_lift_dwell_arc_transition_object_f5212e7a8993,primvar_lift_dwell_arc_transition_object_f5212e7a8993,0.0,0.0,0.03,0.0,1.0,-0.0003745861107755,-0.0003745861107755,0.0,0.0,0.1191246556843378,0.5283470102091611,0.0105669402041832,0.0,0.1,0.2,0.0,0.0,7,0,0.8808753443156622,0.5283470102091611,decision_level_baseline_vs_candidate_path_memory_gap_audit,outer_loop_spatial_flow_belief_safe_explore_exploit_memory_v2_2
balanced_cluster,spatial_flow_belief_memory_h30,30,final_heldout,7,r10_l7_full_domain_randomisation_arena_wide_training,r10_l7_full_domain_randomisation_arena_wide_training,r10_balanced_cluster_spatial_flow_belief_memory_h30_final_0007,4,inflight_nominal,inflight_stable,lift_dwell_arc,primvar_lift_dwell_arc_transition_object_f5212e7a8993,baseline_and_memory_winner_match,True,primvar_lift_dwell_arc_transition_object_f5212e7a8993,primvar_lift_dwell_arc_transition_object_f5212e7a8993,0.0,0.0,0.03,0.0,1.0,-0.0003473350573051,-0.0003473350573051,0.0,0.0,0.0599171236583666,0.593478106976202,0.011869562139524,0.0,0.1,0.2,0.0,0.0,7,0,0.9400828763416332,0.593478106976202,decision_level_baseline_vs_candidate_path_memory_gap_audit,outer_loop_spatial_flow_belief_safe_explore_exploit_memory_v2_2
balanced_cluster,spatial_flow_belief_memory_h30,30,final_heldout,7,r10_l7_full_domain_randomisation_arena_wide_training,r10_l7_full_domain_randomisation_arena_wide_training,r10_balanced_cluster_spatial_flow_belief_memory_h30_final_0007,5,inflight_nominal,inflight_stable,lift_dwell_arc,primvar_lift_dwell_arc_transition_object_f5212e7a8993,baseline_and_memory_winner_match,True,primvar_lift_dwell_arc_transition_object_f5212e7a8993,primvar_lift_dwell_arc_transition_object_f5212e7a8993,0.0,0.0,0.03,0.0,1.0,-0.0003383628435751,-0.0003383628435751,0.0,0.0,0.0369299910508736,0.6432238571659269,0.0128644771433185,0.0,0.1,0.2,0.0,0.0,7,0,0.9630700089491264,0.6432238571659269,decision_level_baseline_vs_candidate_path_memory_gap_audit,outer_loop_spatial_flow_belief_safe_explore_exploit_memory_v2_2
balanced_cluster,spatial_flow_belief_memory_h30,30,final_heldout,7,r10_l7_full_domain_randomisation_arena_wide_training,r10_l7_full_domain_randomisation_arena_wide_training,r10_balanced_cluster_spatial_flow_belief_memory_h30_final_0007,6,inflight_nominal,inflight_stable,lift_dwell_arc,primvar_lift_dwell_arc_transition_object_f5212e7a8993,baseline_and_memory_winner_match,True,primvar_lift_dwell_arc_transition_object_f5212e7a8993,primvar_lift_dwell_arc_transition_object_f5212e7a8993,0.0,0.0,0.03,0.0,1.0,-0.0003356761365023,-0.0003356761365023,0.0,0.0,0.0340302999890832,0.6877388881103417,0.0137547777622068,0.0,0.1,0.2,0.0,0.0,7,0,0.9659697000109168,0.6877388881103417,decision_level_baseline_vs_candidate_path_memory_gap_audit,outer_loop_spatial_flow_belief_safe_explore_exploit_memory_v2_2
balanced_cluster,spatial_flow_belief_memory_h30,30,final_heldout,7,r10_l7_full_domain_randomisation_arena_wide_training,r10_l7_full_domain_randomisation_arena_wide_training,r10_balanced_cluster_spatial_flow_belief_memory_h30_final_0007,7,inflight_nominal,inflight_stable,recovery,primvar_recovery_transition_object_4268876749b8,baseline_and_memory_winner_match,True,primvar_recovery_transition_object_4268876749b8,primvar_recovery_transition_object_4268876749b8,0.0,0.0,0.03,0.0,1.0,-0.0005667057590956,-0.0005667057590956,0.0,0.0,0.0531394576690091,0.726856746161988,0.0145371349232397,0.0,0.1,0.2,0.0,0.0,7,0,0.9468605423309908,0.726856746161988,decision_level_baseline_vs_candidate_path_memory_gap_audit,outer_loop_spatial_flow_belief_safe_explore_exploit_memory_v2_2
balanced_cluster,spatial_flow_belief_memory_h30,30,final_heldout,7,r10_l7_full_domain_randomisation_arena_wide_training,r10_l7_full_domain_randomisation_arena_wide_training,r10_balanced_cluster_spatial_flow_belief_memory_h30_final_0007,8,inflight_nominal,inflight_stable,recovery,primvar_recovery_transition_object_4268876749b8,baseline_and_memory_winner_match,True,primvar_recovery_transition_object_4268876749b8,primvar_recovery_transition_object_4268876749b8,0.0,0.0,0.03,0.0,1.0,-0.0007451886490987,-0.0007451886490987,0.0,0.0,0.0658142877848908,0.7858110590814649,0.0157162211816292,0.0,0.1,0.2,0.0,0.0,3,0,0.9341857122151092,0.7858110590814649,decision_level_baseline_vs_candidate_path_memory_gap_audit,outer_loop_spatial_flow_belief_safe_explore_exploit_memory_v2_2
balanced_cluster,spatial_flow_belief_memory_h30,30,final_heldout,7,r10_l7_full_domain_randomisation_arena_wide_training,r10_l7_full_domain_randomisation_arena_wide_training,r10_balanced_cluster_spatial_flow_belief_memory_h30_final_0007,9,inflight_boundary_near,boundary_near,safe_exit_or_recovery_handoff,primvar_safe_exit_or_recovery_handoff_transition_object_c6fd7c11ff80,baseline_and_memory_winner_match,True,primvar_safe_exit_or_recovery_handoff_transition_object_c6fd7c11ff80,primvar_safe_exit_or_recovery_handoff_transition_object_c6fd7c11ff80,0.0,0.0,0.03,0.0,1.0,-0.0004295122621991,-0.0004295122621991,0.0,0.0,0.0383971825930317,0.903745615485059,0.0180749123097011,0.0,0.1,0.2,0.0,0.0,0,0,0.9616028174069682,0.903745615485059,decision_level_baseline_vs_candidate_path_memory_gap_audit,outer_loop_spatial_flow_belief_safe_explore_exploit_memory_v2_2
balanced_cluster,spatial_flow_belief_memory_h30,30,final_heldout,7,r10_l7_full_domain_randomisation_arena_wide_training,r10_l7_full_domain_randomisation_arena_wide_training,r10_balanced_cluster_spatial_flow_belief_memory_h30_final_0007,10,inflight_boundary_near,boundary_near,,,,False,,,0.0,0.0,0.0,0.0,0.0,0.0,0.0,0.0,0.0,0.0,1.0,0.0,0.0,0.0,0.0,0.0,0.0,0,0,0.0,0.0,decision_level_baseline_vs_candidate_path_memory_gap_audit,outer_loop_spatial_flow_belief_safe_explore_exploit_memory_v2_2
light_cluster,spatial_flow_belief_memory_h3,3,final_heldout,6,r10_l7_full_domain_randomisation_arena_wide_training,r10_l7_full_domain_randomisation_arena_wide_training,r10_light_cluster_spatial_flow_belief_memory_h3_final_0006,0,launch_gate,launch_gate,mild_turn_left,primvar_mild_turn_left_transition_object_c5942d118f74,baseline_and_memory_winner_match,True,primvar_mild_turn_left_transition_object_c5942d118f74,primvar_mild_turn_left_transition_object_c5942d118f74,0.0,0.0,0.03,0.0,1.0,0.0,0.0,0.0,0.0,0.0,0.6393110014564335,0.0127862200291286,0.0,0.1,0.2,0.0,0.0,7,0,1.0,0.6393110014564335,decision_level_baseline_vs_candidate_path_memory_gap_audit,outer_loop_spatial_flow_belief_safe_explore_exploit_memory_v2_2
light_cluster,spatial_flow_belief_memory_h3,3,final_heldout,6,r10_l7_full_domain_randomisation_arena_wide_training,r10_l7_full_domain_randomisation_arena_wide_training,r10_light_cluster_spatial_flow_belief_memory_h3_final_0006,1,inflight_nominal,inflight_stable,recovery,primvar_recovery_transition_object_a9d2daacfd0f,baseline_and_memory_winner_match,True,primvar_recovery_transition_object_a9d2daacfd0f,primvar_recovery_transition_object_a9d2daacfd0f,0.0,0.0,0.03,0.0,1.0,0.0002099759965927,0.0002099759965927,0.0,0.0,0.0336140207139541,0.6210430699659321,0.0124208613993186,0.0,0.1,0.2,0.0,0.0,7,0,0.966385979286046,0.6210430699659321,decision_level_baseline_vs_candidate_path_memory_gap_audit,outer_loop_spatial_flow_belief_safe_explore_exploit_memory_v2_2
light_cluster,spatial_flow_belief_memory_h3,3,final_heldout,6,r10_l7_full_domain_randomisation_arena_wide_training,r10_l7_full_domain_randomisation_arena_wide_training,r10_light_cluster_spatial_flow_belief_memory_h3_final_0006,2,inflight_recovery_edge,recoverable_degraded,safe_exit_or_recovery_handoff,primvar_safe_exit_or_recovery_handoff_transition_object_89fe6c2843f5,baseline_and_memory_winner_match,True,primvar_safe_exit_or_recovery_handoff_transition_object_89fe6c2843f5,primvar_safe_exit_or_recovery_handoff_transition_object_89fe6c2843f5,0.0,0.0,0.03,0.0,1.0,0.0002618468654912,0.0002618468654912,0.0,0.0,0.0358403661019077,0.6644794386184834,0.0132895887723696,0.0,0.1,0.2,0.0,0.0,7,0,0.9641596338980922,0.6644794386184834,decision_level_baseline_vs_candidate_path_memory_gap_audit,outer_loop_spatial_flow_belief_safe_explore_exploit_memory_v2_2
light_cluster,spatial_flow_belief_memory_h3,3,final_heldout,6,r10_l7_full_domain_randomisation_arena_wide_training,r10_l7_full_domain_randomisation_arena_wide_training,r10_light_cluster_spatial_flow_belief_memory_h3_final_0006,3,inflight_recovery_edge,recoverable_degraded,safe_exit_or_recovery_handoff,primvar_safe_exit_or_recovery_handoff_transition_object_eb5ec1f84c14,baseline_and_memory_winner_match,True,primvar_safe_exit_or_recovery_handoff_transition_object_eb5ec1f84c14,primvar_safe_exit_or_recovery_handoff_transition_object_eb5ec1f84c14,0.0,0.0,0.03,0.0,1.0,0.000239403708271,0.000239403708271,0.0,0.0,0.0369515728589265,0.6665992197967656,0.0133319843959353,0.0,0.1,0.2,0.0,0.0,7,0,0.9630484271410734,0.6665992197967656,decision_level_baseline_vs_candidate_path_memory_gap_audit,outer_loop_spatial_flow_belief_safe_explore_exploit_memory_v2_2
light_cluster,spatial_flow_belief_memory_h3,3,final_heldout,6,r10_l7_full_domain_randomisation_arena_wide_training,r10_l7_full_domain_randomisation_arena_wide_training,r10_light_cluster_spatial_flow_belief_memory_h3_final_0006,4,inflight_recovery_edge,recoverable_degraded,safe_exit_or_recovery_handoff,primvar_safe_exit_or_recovery_handoff_transition_object_54443200afd9,baseline_and_memory_winner_match,True,primvar_safe_exit_or_recovery_handoff_transition_object_54443200afd9,primvar_safe_exit_or_recovery_handoff_transition_object_54443200afd9,0.0,0.0,0.03,0.0,1.0,0.0002033768116446,0.0002033768116446,0.0,0.0,0.0372687225389714,0.6602928648964803,0.0132058572979296,0.0,0.1,0.2,0.0,0.0,7,0,0.9627312774610286,0.6602928648964803,decision_level_baseline_vs_candidate_path_memory_gap_audit,outer_loop_spatial_flow_belief_safe_explore_exploit_memory_v2_2
light_cluster,spatial_flow_belief_memory_h3,3,final_heldout,6,r10_l7_full_domain_randomisation_arena_wide_training,r10_l7_full_domain_randomisation_arena_wide_training,r10_light_cluster_spatial_flow_belief_memory_h3_final_0006,5,inflight_recovery_edge,recoverable_degraded,safe_exit_or_recovery_handoff,primvar_safe_exit_or_recovery_handoff_transition_object_54443200afd9,baseline_and_memory_winner_match,True,primvar_safe_exit_or_recovery_handoff_transition_object_54443200afd9,primvar_safe_exit_or_recovery_handoff_transition_object_54443200afd9,0.0,0.0,0.03,0.0,1.0,0.0001112651357086,0.0001112651357086,0.0,0.0,0.0369539811493009,0.7044304764157973,0.0140886095283159,0.0,0.1,0.2,3.552058004212573e-06,0.0028702035644585,7,3,0.9630460188506992,0.7044304764157973,decision_level_baseline_vs_candidate_path_memory_gap_audit,outer_loop_spatial_flow_belief_safe_explore_exploit_memory_v2_2
light_cluster,spatial_flow_belief_memory_h3,3,final_heldout,6,r10_l7_full_domain_randomisation_arena_wide_training,r10_l7_full_domain_randomisation_arena_wide_training,r10_light_cluster_spatial_flow_belief_memory_h3_final_0006,6,inflight_recovery_edge,recoverable_degraded,safe_exit_or_recovery_handoff,primvar_safe_exit_or_recovery_handoff_transition_object_5e603211d22a,baseline_and_memory_winner_match,True,primvar_safe_exit_or_recovery_handoff_transition_object_5e603211d22a,primvar_safe_exit_or_recovery_handoff_transition_object_5e603211d22a,0.0,0.0,0.03,0.0,1.0,-4.426876875435193e-06,-4.426876875435193e-06,0.0,0.0,0.036891679560828,0.6897777365915956,0.0137955547318319,0.0,0.1,0.2,2.214140463677366e-06,0.0025546069167723,7,3,0.963108320439172,0.6897777365915956,decision_level_baseline_vs_candidate_path_memory_gap_audit,outer_loop_spatial_flow_belief_safe_explore_exploit_memory_v2_2
light_cluster,spatial_flow_belief_memory_h3,3,final_heldout,6,r10_l7_full_domain_randomisation_arena_wide_training,r10_l7_full_domain_randomisation_arena_wide_training,r10_light_cluster_spatial_flow_belief_memory_h3_final_0006,7,inflight_recovery_edge,recoverable_degraded,safe_exit_or_recovery_handoff,primvar_safe_exit_or_recovery_handoff_transition_object_5e603211d22a,baseline_and_memory_winner_match,True,primvar_safe_exit_or_recovery_handoff_transition_object_5e603211d22a,primvar_safe_exit_or_recovery_handoff_transition_object_5e603211d22a,0.0,0.0,0.03,0.0,1.0,-0.0001043622253442,-0.0001043622253442,0.0,0.0,0.0326827468992584,0.7373123630472037,0.014746247260944,0.0,0.1,0.2,1.7557990184131606e-07,0.0001493191956165,6,2,0.9673172531007416,0.7373123630472037,decision_level_baseline_vs_candidate_path_memory_gap_audit,outer_loop_spatial_flow_belief_safe_explore_exploit_memory_v2_2
light_cluster,spatial_flow_belief_memory_h3,3,final_heldout,6,r10_l7_full_domain_randomisation_arena_wide_training,r10_l7_full_domain_randomisation_arena_wide_training,r10_light_cluster_spatial_flow_belief_memory_h3_final_0006,8,inflight_boundary_near,boundary_near,energy_retaining_bank,primvar_energy_retaining_bank_transition_object_dfab686f7773,baseline_and_memory_winner_match,True,primvar_energy_retaining_bank_transition_object_dfab686f7773,primvar_energy_retaining_bank_transition_object_dfab686f7773,0.0,0.0,0.03,0.0,1.0,-0.0002104494804542,-0.0002104494804542,0.0,0.0,0.0348903706698222,0.7850593201140804,0.0157011864022816,0.0,0.1,0.2,0.0,0.0,3,0,0.9651096293301776,0.7850593201140804,decision_level_baseline_vs_candidate_path_memory_gap_audit,outer_loop_spatial_flow_belief_safe_explore_exploit_memory_v2_2
light_cluster,spatial_flow_belief_memory_h3,3,final_heldout,6,r10_l7_full_domain_randomisation_arena_wide_training,r10_l7_full_domain_randomisation_arena_wide_training,r10_light_cluster_spatial_flow_belief_memory_h3_final_0006,9,inflight_boundary_near,boundary_near,energy_retaining_bank,primvar_energy_retaining_bank_transition_object_dfab686f7773,baseline_and_memory_winner_match,True,primvar_energy_retaining_bank_transition_object_dfab686f7773,primvar_energy_retaining_bank_transition_object_dfab686f7773,0.0,0.0,0.03,0.0,1.0,-0.0002539310521857,-0.0002539310521857,0.0,0.0,0.0412931620177678,0.8070790888284135,0.0161415817765682,0.0,0.1,0.2,0.0,0.0,0,0,0.9587068379822322,0.8070790888284135,decision_level_baseline_vs_candidate_path_memory_gap_audit,outer_loop_spatial_flow_belief_safe_explore_exploit_memory_v2_2
light_cluster,spatial_flow_belief_memory_h3,3,final_heldout,6,r10_l7_full_domain_randomisation_arena_wide_training,r10_l7_full_domain_randomisation_arena_wide_training,r10_light_cluster_spatial_flow_belief_memory_h3_final_0006,10,inflight_boundary_near,boundary_near,energy_retaining_bank,primvar_energy_retaining_bank_transition_object_dfab686f7773,baseline_and_memory_winner_match,True,primvar_energy_retaining_bank_transition_object_dfab686f7773,primvar_energy_retaining_bank_transition_object_dfab686f7773,0.0,0.0,0.03,0.0,1.0,-0.000274954585802,-0.000274954585802,0.0,0.0,0.0339731142731684,0.811260964732906,0.0162252192946581,0.0,0.1,0.2,0.0,0.0,0,0,0.9660268857268316,0.811260964732906,decision_level_baseline_vs_candidate_path_memory_gap_audit,outer_loop_spatial_flow_belief_safe_explore_exploit_memory_v2_2
light_cluster,spatial_flow_belief_memory_h3,3,final_heldout,6,r10_l7_full_domain_randomisation_arena_wide_training,r10_l7_full_domain_randomisation_arena_wide_training,r10_light_cluster_spatial_flow_belief_memory_h3_final_0006,11,inflight_boundary_near,boundary_near,lift_dwell_arc,primvar_lift_dwell_arc_transition_object_3d4acb04abc7,baseline_and_memory_winner_match,True,primvar_lift_dwell_arc_transition_object_3d4acb04abc7,primvar_lift_dwell_arc_transition_object_3d4acb04abc7,0.0,0.0,0.03,0.0,1.0,-0.0003257616884903,-0.0003257616884903,0.0,0.0,0.0337825651112902,0.8864310447787216,0.0177286208955744,0.0,0.1,0.2,0.0,0.0,0,0,0.9662174348887096,0.8864310447787216,decision_level_baseline_vs_candidate_path_memory_gap_audit,outer_loop_spatial_flow_belief_safe_explore_exploit_memory_v2_2
light_cluster,spatial_flow_belief_memory_h3,3,final_heldout,6,r10_l7_full_domain_randomisation_arena_wide_training,r10_l7_full_domain_randomisation_arena_wide_training,r10_light_cluster_spatial_flow_belief_memory_h3_final_0006,12,inflight_boundary_near,boundary_near,lift_dwell_arc,primvar_lift_dwell_arc_transition_object_3d4acb04abc7,baseline_and_memory_winner_match,True,primvar_lift_dwell_arc_transition_object_3d4acb04abc7,primvar_lift_dwell_arc_transition_object_3d4acb04abc7,0.0,0.0,0.03,0.0,1.0,-0.0003450063557197,-0.0003450063557197,0.0,0.0,0.03182470117843,0.7340717997490731,0.0146814359949814,0.0,0.1,0.2,0.0,0.0,0,0,0.96817529882157,0.7340717997490731,decision_level_baseline_vs_candidate_path_memory_gap_audit,outer_loop_spatial_flow_belief_safe_explore_exploit_memory_v2_2
light_cluster,spatial_flow_belief_memory_h3,3,final_heldout,7,r10_l7_full_domain_randomisation_arena_wide_training,r10_l7_full_domain_randomisation_arena_wide_training,r10_light_cluster_spatial_flow_belief_memory_h3_final_0007,0,launch_gate,launch_gate,recovery,primvar_recovery_transition_object_60f061408cda,baseline_and_memory_winner_match,True,primvar_recovery_transition_object_60f061408cda,primvar_recovery_transition_object_60f061408cda,0.0,0.0,0.03,0.0,1.0,1.8675396700196243e-06,1.8675396700196243e-06,0.0,0.0,0.0002020097088707,0.4893117600252867,0.0097862352005057,0.0,0.1,0.2,0.0,0.0,7,0,0.9997979902911291,0.4893117600252867,decision_level_baseline_vs_candidate_path_memory_gap_audit,outer_loop_spatial_flow_belief_safe_explore_exploit_memory_v2_2
light_cluster,spatial_flow_belief_memory_h3,3,final_heldout,7,r10_l7_full_domain_randomisation_arena_wide_training,r10_l7_full_domain_randomisation_arena_wide_training,r10_light_cluster_spatial_flow_belief_memory_h3_final_0007,1,inflight_nominal,inflight_stable,glide,primvar_glide_transition_object_9fabfcb9ede1,baseline_and_memory_winner_match,True,primvar_glide_transition_object_9fabfcb9ede1,primvar_glide_transition_object_9fabfcb9ede1,0.0,0.0,0.03,0.0,1.0,-6.649771363864687e-05,-6.649771363864687e-05,0.0,0.0,0.040012469797957,0.4816517673411945,0.0096330353468238,0.0,0.1,0.2,0.0,0.0,7,0,0.959987530202043,0.4816517673411945,decision_level_baseline_vs_candidate_path_memory_gap_audit,outer_loop_spatial_flow_belief_safe_explore_exploit_memory_v2_2
light_cluster,spatial_flow_belief_memory_h3,3,final_heldout,7,r10_l7_full_domain_randomisation_arena_wide_training,r10_l7_full_domain_randomisation_arena_wide_training,r10_light_cluster_spatial_flow_belief_memory_h3_final_0007,2,inflight_nominal,inflight_stable,glide,primvar_glide_transition_object_9fabfcb9ede1,baseline_and_memory_winner_match,True,primvar_glide_transition_object_9fabfcb9ede1,primvar_glide_transition_object_9fabfcb9ede1,0.0,0.0,0.03,0.0,1.0,-0.0001891934916642,-0.0001891934916642,0.0,0.0,0.0367274676214152,0.502284371333604,0.010045687426672,0.0,0.1,0.2,0.0,0.0,7,0,0.9632725323785848,0.502284371333604,decision_level_baseline_vs_candidate_path_memory_gap_audit,outer_loop_spatial_flow_belief_safe_explore_exploit_memory_v2_2
light_cluster,spatial_flow_belief_memory_h3,3,final_heldout,7,r10_l7_full_domain_randomisation_arena_wide_training,r10_l7_full_domain_randomisation_arena_wide_training,r10_light_cluster_spatial_flow_belief_memory_h3_final_0007,3,inflight_nominal,inflight_stable,lift_dwell_arc,primvar_lift_dwell_arc_transition_object_f5212e7a8993,baseline_and_memory_winner_match,True,primvar_lift_dwell_arc_transition_object_f5212e7a8993,primvar_lift_dwell_arc_transition_object_f5212e7a8993,0.0,0.0,0.03,0.0,1.0,-0.0002902300953888,-0.0002902300953888,0.0,0.0,0.0394285946735813,0.5757091932683915,0.0115141838653678,0.0,0.1,0.2,0.0,0.0,7,0,0.9605714053264188,0.5757091932683915,decision_level_baseline_vs_candidate_path_memory_gap_audit,outer_loop_spatial_flow_belief_safe_explore_exploit_memory_v2_2
light_cluster,spatial_flow_belief_memory_h3,3,final_heldout,7,r10_l7_full_domain_randomisation_arena_wide_training,r10_l7_full_domain_randomisation_arena_wide_training,r10_light_cluster_spatial_flow_belief_memory_h3_final_0007,4,inflight_nominal,inflight_stable,lift_dwell_arc,primvar_lift_dwell_arc_transition_object_f5212e7a8993,baseline_and_memory_winner_match,True,primvar_lift_dwell_arc_transition_object_f5212e7a8993,primvar_lift_dwell_arc_transition_object_f5212e7a8993,0.0,0.0,0.03,0.0,1.0,-0.000249063678539,-0.000249063678539,0.0,0.0,0.0289757813066414,0.6126054702901341,0.0122521094058026,0.0,0.1,0.2,0.0,0.0,7,0,0.9710242186933584,0.6126054702901341,decision_level_baseline_vs_candidate_path_memory_gap_audit,outer_loop_spatial_flow_belief_safe_explore_exploit_memory_v2_2
light_cluster,spatial_flow_belief_memory_h3,3,final_heldout,7,r10_l7_full_domain_randomisation_arena_wide_training,r10_l7_full_domain_randomisation_arena_wide_training,r10_light_cluster_spatial_flow_belief_memory_h3_final_0007,5,inflight_nominal,inflight_stable,lift_dwell_arc,primvar_lift_dwell_arc_transition_object_f5212e7a8993,baseline_and_memory_winner_match,True,primvar_lift_dwell_arc_transition_object_f5212e7a8993,primvar_lift_dwell_arc_transition_object_f5212e7a8993,0.0,0.0,0.03,0.0,1.0,-0.000317705934677,-0.000317705934677,0.0,0.0,0.0338622139757125,0.6451755405166769,0.0129035108103335,0.0,0.1,0.2,0.0,0.0,7,0,0.9661377860242876,0.6451755405166769,decision_level_baseline_vs_candidate_path_memory_gap_audit,outer_loop_spatial_flow_belief_safe_explore_exploit_memory_v2_2
light_cluster,spatial_flow_belief_memory_h3,3,final_heldout,7,r10_l7_full_domain_randomisation_arena_wide_training,r10_l7_full_domain_randomisation_arena_wide_training,r10_light_cluster_spatial_flow_belief_memory_h3_final_0007,6,inflight_nominal,inflight_stable,lift_dwell_arc,primvar_lift_dwell_arc_transition_object_f5212e7a8993,baseline_and_memory_winner_match,True,primvar_lift_dwell_arc_transition_object_f5212e7a8993,primvar_lift_dwell_arc_transition_object_f5212e7a8993,0.0,0.0,0.03,0.0,1.0,-0.000306289215159,-0.000306289215159,0.0,0.0,0.0308460514750864,0.6900214310110673,0.0138004286202213,0.0,0.1,0.2,0.0,0.0,7,0,0.9691539485249137,0.6900214310110673,decision_level_baseline_vs_candidate_path_memory_gap_audit,outer_loop_spatial_flow_belief_safe_explore_exploit_memory_v2_2
light_cluster,spatial_flow_belief_memory_h3,3,final_heldout,7,r10_l7_full_domain_randomisation_arena_wide_training,r10_l7_full_domain_randomisation_arena_wide_training,r10_light_cluster_spatial_flow_belief_memory_h3_final_0007,7,inflight_nominal,inflight_stable,lift_dwell_arc,primvar_lift_dwell_arc_transition_object_f5212e7a8993,baseline_and_memory_winner_match,True,primvar_lift_dwell_arc_transition_object_f5212e7a8993,primvar_lift_dwell_arc_transition_object_f5212e7a8993,0.0,0.0,0.03,0.0,1.0,-0.0003907789519081,-0.0003907789519081,0.0,0.0,0.0374608263294879,0.7384666120686934,0.0147693322413738,0.0,0.1,0.2,0.0,0.0,7,0,0.962539173670512,0.7384666120686934,decision_level_baseline_vs_candidate_path_memory_gap_audit,outer_loop_spatial_flow_belief_safe_explore_exploit_memory_v2_2
light_cluster,spatial_flow_belief_memory_h3,3,final_heldout,7,r10_l7_full_domain_randomisation_arena_wide_training,r10_l7_full_domain_randomisation_arena_wide_training,r10_light_cluster_spatial_flow_belief_memory_h3_final_0007,8,inflight_nominal,inflight_stable,recovery,primvar_recovery_transition_object_4268876749b8,baseline_and_memory_winner_match,True,primvar_recovery_transition_object_4268876749b8,primvar_recovery_transition_object_4268876749b8,0.0,0.0,0.03,0.0,1.0,-0.0004493655276152,-0.0004493655276152,0.0,0.0,0.0412395603421084,0.8051736599977788,0.0161034731999555,0.0,0.1,0.2,0.0,0.0,3,0,0.9587604396578916,0.8051736599977788,decision_level_baseline_vs_candidate_path_memory_gap_audit,outer_loop_spatial_flow_belief_safe_explore_exploit_memory_v2_2
light_cluster,spatial_flow_belief_memory_h3,3,final_heldout,7,r10_l7_full_domain_randomisation_arena_wide_training,r10_l7_full_domain_randomisation_arena_wide_training,r10_light_cluster_spatial_flow_belief_memory_h3_final_0007,9,inflight_boundary_near,boundary_near,lift_dwell_arc,primvar_lift_dwell_arc_transition_object_3d4acb04abc7,baseline_and_memory_winner_match,True,primvar_lift_dwell_arc_transition_object_3d4acb04abc7,primvar_lift_dwell_arc_transition_object_3d4acb04abc7,0.0,0.0,0.03,0.0,1.0,-0.0003857631257317,-0.0003857631257317,0.0,0.0,0.0342921559689131,0.9059589504756465,0.0181191790095129,0.0,0.1,0.2,0.0,0.0,0,0,0.9657078440310868,0.9059589504756465,decision_level_baseline_vs_candidate_path_memory_gap_audit,outer_loop_spatial_flow_belief_safe_explore_exploit_memory_v2_2
light_cluster,spatial_flow_belief_memory_h3,3,final_heldout,7,r10_l7_full_domain_randomisation_arena_wide_training,r10_l7_full_domain_randomisation_arena_wide_training,r10_light_cluster_spatial_flow_belief_memory_h3_final_0007,10,inflight_boundary_near,boundary_near,,,,False,,,0.0,0.0,0.0,0.0,0.0,0.0,0.0,0.0,0.0,0.0,1.0,0.0,0.0,0.0,0.0,0.0,0.0,0,0,0.0,0.0,decision_level_baseline_vs_candidate_path_memory_gap_audit,outer_loop_spatial_flow_belief_safe_explore_exploit_memory_v2_2
light_cluster,spatial_flow_belief_memory_h3,3,final_heldout,8,r10_l7_full_domain_randomisation_arena_wide_training,r10_l7_full_domain_randomisation_arena_wide_training,r10_light_cluster_spatial_flow_belief_memory_h3_final_0008,0,launch_gate,launch_gate,mild_turn_left,primvar_mild_turn_left_transition_object_2189de2270ec,baseline_and_memory_winner_match,True,primvar_mild_turn_left_transition_object_2189de2270ec,primvar_mild_turn_left_transition_object_2189de2270ec,0.0,0.0,0.03,0.0,1.0,2.522731273080225e-05,2.522731273080225e-05,0.0,0.0,0.0181253512676422,0.5238198572171207,0.0104763971443424,0.0,0.1,0.2,0.0,0.0,7,0,0.9818746487323576,0.5238198572171207,decision_level_baseline_vs_candidate_path_memory_gap_audit,outer_loop_spatial_flow_belief_safe_explore_exploit_memory_v2_2
light_cluster,spatial_flow_belief_memory_h3,3,final_heldout,8,r10_l7_full_domain_randomisation_arena_wide_training,r10_l7_full_domain_randomisation_arena_wide_training,r10_light_cluster_spatial_flow_belief_memory_h3_final_0008,1,inflight_nominal,inflight_stable,recovery,primvar_recovery_transition_object_4268876749b8,baseline_and_memory_winner_match,True,primvar_recovery_transition_object_4268876749b8,primvar_recovery_transition_object_4268876749b8,0.0,0.0,0.03,0.0,1.0,-0.0001326668504568,-0.0001326668504568,0.0,0.0,0.0776438125143975,0.508333201972029,0.0101666640394405,0.0,0.1,0.2,0.0,0.0,7,0,0.9223561874856024,0.508333201972029,decision_level_baseline_vs_candidate_path_memory_gap_audit,outer_loop_spatial_flow_belief_safe_explore_exploit_memory_v2_2
light_cluster,spatial_flow_belief_memory_h3,3,final_heldout,8,r10_l7_full_domain_randomisation_arena_wide_training,r10_l7_full_domain_randomisation_arena_wide_training,r10_light_cluster_spatial_flow_belief_memory_h3_final_0008,2,inflight_nominal,inflight_stable,recovery,primvar_recovery_transition_object_4268876749b8,baseline_and_memory_winner_match,True,primvar_recovery_transition_object_4268876749b8,primvar_recovery_transition_object_4268876749b8,0.0,0.0,0.03,0.0,1.0,-0.0002716887444782,-0.0002716887444782,0.0,0.0,0.0663252142759381,0.5401375581167686,0.0108027511623353,0.0,0.1,0.2,0.0,0.0,7,0,0.933674785724062,0.5401375581167686,decision_level_baseline_vs_candidate_path_memory_gap_audit,outer_loop_spatial_flow_belief_safe_explore_exploit_memory_v2_2
light_cluster,spatial_flow_belief_memory_h3,3,final_heldout,8,r10_l7_full_domain_randomisation_arena_wide_training,r10_l7_full_domain_randomisation_arena_wide_training,r10_light_cluster_spatial_flow_belief_memory_h3_final_0008,3,inflight_nominal,inflight_stable,recovery,primvar_recovery_transition_object_4268876749b8,baseline_and_memory_winner_match,True,primvar_recovery_transition_object_4268876749b8,primvar_recovery_transition_object_4268876749b8,0.0,0.0,0.03,0.0,1.0,-0.0002169994646152,-0.0002169994646152,0.0,0.0,0.0477296026234639,0.5837818015953814,0.0116756360319076,0.0,0.1,0.2,0.0,0.0,7,0,0.952270397376536,0.5837818015953814,decision_level_baseline_vs_candidate_path_memory_gap_audit,outer_loop_spatial_flow_belief_safe_explore_exploit_memory_v2_2
light_cluster,spatial_flow_belief_memory_h3,3,final_heldout,8,r10_l7_full_domain_randomisation_arena_wide_training,r10_l7_full_domain_randomisation_arena_wide_training,r10_light_cluster_spatial_flow_belief_memory_h3_final_0008,4,inflight_recovery_edge,recoverable_degraded,safe_exit_or_recovery_handoff,primvar_safe_exit_or_recovery_handoff_transition_object_54443200afd9,baseline_and_memory_winner_match,True,primvar_safe_exit_or_recovery_handoff_transition_object_54443200afd9,primvar_safe_exit_or_recovery_handoff_transition_object_54443200afd9,0.0,0.0,0.03,0.0,1.0,-0.0001599184054906,-0.0001599184054906,0.0,0.0,0.03513611879951,0.6323638127202666,0.0126472762544053,0.0,0.1,0.2,0.0,0.0,7,0,0.96486388120049,0.6323638127202666,decision_level_baseline_vs_candidate_path_memory_gap_audit,outer_loop_spatial_flow_belief_safe_explore_exploit_memory_v2_2
light_cluster,spatial_flow_belief_memory_h3,3,final_heldout,8,r10_l7_full_domain_randomisation_arena_wide_training,r10_l7_full_domain_randomisation_arena_wide_training,r10_light_cluster_spatial_flow_belief_memory_h3_final_0008,5,inflight_nominal,inflight_stable,recovery,primvar_recovery_transition_object_4268876749b8,baseline_and_memory_winner_match,True,primvar_recovery_transition_object_4268876749b8,primvar_recovery_transition_object_4268876749b8,0.0,0.0,0.03,0.0,1.0,-0.0002572380428818,-0.0002572380428818,0.0,0.0,0.0421041230146899,0.6749362303453638,0.0134987246069072,0.0,0.1,0.2,0.0,0.0,7,0,0.95789587698531,0.6749362303453638,decision_level_baseline_vs_candidate_path_memory_gap_audit,outer_loop_spatial_flow_belief_safe_explore_exploit_memory_v2_2
light_cluster,spatial_flow_belief_memory_h3,3,final_heldout,8,r10_l7_full_domain_randomisation_arena_wide_training,r10_l7_full_domain_randomisation_arena_wide_training,r10_light_cluster_spatial_flow_belief_memory_h3_final_0008,6,inflight_nominal,inflight_stable,recovery,primvar_recovery_transition_object_4268876749b8,baseline_and_memory_winner_match,True,primvar_recovery_transition_object_4268876749b8,primvar_recovery_transition_object_4268876749b8,0.0,0.0,0.03,0.0,1.0,-0.0002679684908706,-0.0002679684908706,0.0,0.0,0.0412060508422396,0.7342931194239163,0.0146858623884783,0.0,0.1,0.2,0.0,0.0,7,0,0.9587939491577604,0.7342931194239163,decision_level_baseline_vs_candidate_path_memory_gap_audit,outer_loop_spatial_flow_belief_safe_explore_exploit_memory_v2_2
light_cluster,spatial_flow_belief_memory_h3,3,final_heldout,8,r10_l7_full_domain_randomisation_arena_wide_training,r10_l7_full_domain_randomisation_arena_wide_training,r10_light_cluster_spatial_flow_belief_memory_h3_final_0008,7,inflight_nominal,inflight_stable,recovery,primvar_recovery_transition_object_4268876749b8,baseline_and_memory_winner_match,True,primvar_recovery_transition_object_4268876749b8,primvar_recovery_transition_object_4268876749b8,0.0,0.0,0.03,0.0,1.0,-0.0002689868833385,-0.0002689868833385,0.0,0.0,0.0373766590715922,0.8130616364693306,0.0162612327293866,0.0,0.1,0.2,0.0,0.0,3,0,0.9626233409284076,0.8130616364693306,decision_level_baseline_vs_candidate_path_memory_gap_audit,outer_loop_spatial_flow_belief_safe_explore_exploit_memory_v2_2
light_cluster,spatial_flow_belief_memory_h3,3,final_heldout,8,r10_l7_full_domain_randomisation_arena_wide_training,r10_l7_full_domain_randomisation_arena_wide_training,r10_light_cluster_spatial_flow_belief_memory_h3_final_0008,8,inflight_nominal,inflight_stable,recovery,primvar_recovery_transition_object_4268876749b8,baseline_and_memory_winner_match,True,primvar_recovery_transition_object_4268876749b8,primvar_recovery_transition_object_4268876749b8,0.0,0.0,0.03,0.0,1.0,-0.0003043792270498,-0.0003043792270498,0.0,0.0,0.040239722652387,0.9129903693024668,0.0182598073860493,0.0,0.1,0.2,0.0,0.0,0,0,0.9597602773476128,0.9129903693024668,decision_level_baseline_vs_candidate_path_memory_gap_audit,outer_loop_spatial_flow_belief_safe_explore_exploit_memory_v2_2
light_cluster,spatial_flow_belief_memory_h3,3,final_heldout,8,r10_l7_full_domain_randomisation_arena_wide_training,r10_l7_full_domain_randomisation_arena_wide_training,r10_light_cluster_spatial_flow_belief_memory_h3_final_0008,9,inflight_boundary_near,boundary_near,lift_dwell_arc,primvar_lift_dwell_arc_transition_object_3d4acb04abc7,baseline_and_memory_winner_match,True,primvar_lift_dwell_arc_transition_object_3d4acb04abc7,primvar_lift_dwell_arc_transition_object_3d4acb04abc7,0.0,0.0,0.03,0.0,1.0,-0.0002600405927042,-0.0002600405927042,0.0,0.0,0.0336583909886017,0.9663416090113982,0.0193268321802279,0.0,0.1,0.2,0.0,0.0,0,0,0.9663416090113982,0.9663416090113982,decision_level_baseline_vs_candidate_path_memory_gap_audit,outer_loop_spatial_flow_belief_safe_explore_exploit_memory_v2_2
light_cluster,spatial_flow_belief_memory_h3,3,final_heldout,8,r10_l7_full_domain_randomisation_arena_wide_training,r10_l7_full_domain_randomisation_arena_wide_training,r10_light_cluster_spatial_flow_belief_memory_h3_final_0008,10,inflight_boundary_near,boundary_near,lift_dwell_arc,primvar_lift_dwell_arc_transition_object_3d4acb04abc7,baseline_and_memory_winner_match,True,primvar_lift_dwell_arc_transition_object_3d4acb04abc7,primvar_lift_dwell_arc_transition_object_3d4acb04abc7,0.0,0.0,0.03,0.0,1.0,-0.0001888612577349,-0.0001888612577349,0.0,0.0,0.0294889510840003,0.9705110489159996,0.0194102209783199,0.0,0.1,0.2,0.0,0.0,0,0,0.9705110489159996,0.9705110489159996,decision_level_baseline_vs_candidate_path_memory_gap_audit,outer_loop_spatial_flow_belief_safe_explore_exploit_memory_v2_2
light_cluster,spatial_flow_belief_memory_h3,3,final_heldout,8,r10_l7_full_domain_randomisation_arena_wide_training,r10_l7_full_domain_randomisation_arena_wide_training,r10_light_cluster_spatial_flow_belief_memory_h3_final_0008,11,inflight_boundary_near,boundary_near,lift_dwell_arc,primvar_lift_dwell_arc_transition_object_3d4acb04abc7,baseline_and_memory_winner_match,True,primvar_lift_dwell_arc_transition_object_3d4acb04abc7,primvar_lift_dwell_arc_transition_object_3d4acb04abc7,0.0,0.0,0.03,0.0,1.0,-0.0003041925309328,-0.0003041925309328,0.0,0.0,0.0436319481687231,0.9563680518312768,0.0191273610366255,0.0,0.1,0.2,0.0,0.0,0,0,0.9563680518312768,0.9563680518312768,decision_level_baseline_vs_candidate_path_memory_gap_audit,outer_loop_spatial_flow_belief_safe_explore_exploit_memory_v2_2
balanced_cluster,spatial_flow_belief_memory_h30,30,final_heldout,3,r10_l7_full_domain_randomisation_arena_wide_training,r10_l7_full_domain_randomisation_arena_wide_training,r10_balanced_cluster_spatial_flow_belief_memory_h30_final_0003,0,launch_gate,launch_gate,lift_dwell_arc,primvar_lift_dwell_arc_transition_object_3319bf584ff9,baseline_and_memory_winner_match,True,primvar_lift_dwell_arc_transition_object_3319bf584ff9,primvar_lift_dwell_arc_transition_object_3319bf584ff9,0.0,0.0,0.03,0.0,1.0,-2.306120455708438e-07,-2.306120455708438e-07,0.0,0.0,4.594405806710415e-05,0.748826771727042,0.0149765354345408,0.0,0.1,0.2,5.499577601971731e-15,3.524913698474607e-12,7,7,0.9999540559419328,0.748826771727042,decision_level_baseline_vs_candidate_path_memory_gap_audit,outer_loop_spatial_flow_belief_safe_explore_exploit_memory_v2_2
balanced_cluster,spatial_flow_belief_memory_h30,30,final_heldout,3,r10_l7_full_domain_randomisation_arena_wide_training,r10_l7_full_domain_randomisation_arena_wide_training,r10_balanced_cluster_spatial_flow_belief_memory_h30_final_0003,1,inflight_boundary_near,boundary_near,lift_dwell_arc,primvar_lift_dwell_arc_transition_object_429425bf6b2c,baseline_and_memory_winner_match,True,primvar_lift_dwell_arc_transition_object_429425bf6b2c,primvar_lift_dwell_arc_transition_object_429425bf6b2c,0.0,0.0,0.03,0.0,1.0,1.041388241163066e-05,1.041388241163066e-05,0.0,0.0,0.0347464341953393,0.7973831096725756,0.0159476621934515,0.0,0.1,0.2,7.457685841626551e-15,3.662705502633921e-12,7,5,0.9652535658046606,0.7973831096725756,decision_level_baseline_vs_candidate_path_memory_gap_audit,outer_loop_spatial_flow_belief_safe_explore_exploit_memory_v2_2
balanced_cluster,spatial_flow_belief_memory_h30,30,final_heldout,3,r10_l7_full_domain_randomisation_arena_wide_training,r10_l7_full_domain_randomisation_arena_wide_training,r10_balanced_cluster_spatial_flow_belief_memory_h30_final_0003,2,inflight_boundary_near,boundary_near,lift_dwell_arc,primvar_lift_dwell_arc_transition_object_429425bf6b2c,baseline_and_memory_winner_match,True,primvar_lift_dwell_arc_transition_object_429425bf6b2c,primvar_lift_dwell_arc_transition_object_429425bf6b2c,0.0,0.0,0.03,0.0,1.0,-4.789488112222351e-05,-4.789488112222351e-05,0.0,0.0,0.04796282808577,0.8837300943954666,0.0176746018879093,0.0,0.1,0.2,3.4709188227366687e-16,1.361377194675471e-13,1,2,0.95203717191423,0.8837300943954666,decision_level_baseline_vs_candidate_path_memory_gap_audit,outer_loop_spatial_flow_belief_safe_explore_exploit_memory_v2_2
balanced_cluster,spatial_flow_belief_memory_h30,30,final_heldout,3,r10_l7_full_domain_randomisation_arena_wide_training,r10_l7_full_domain_randomisation_arena_wide_training,r10_balanced_cluster_spatial_flow_belief_memory_h30_final_0003,3,inflight_boundary_near,boundary_near,lift_entry,primvar_lift_entry_transition_object_7cbbfa819927,baseline_and_memory_winner_match,True,primvar_lift_entry_transition_object_7cbbfa819927,primvar_lift_entry_transition_object_7cbbfa819927,0.0,0.0,0.03,0.0,1.0,1.0169795642500644e-05,1.0169795642500644e-05,0.0,0.0,0.0423999228405382,0.9576000771594616,0.0191520015431892,0.0,0.1,0.2,0.0,0.0,0,0,0.9576000771594616,0.9576000771594616,decision_level_baseline_vs_candidate_path_memory_gap_audit,outer_loop_spatial_flow_belief_safe_explore_exploit_memory_v2_2
balanced_cluster,spatial_flow_belief_memory_h30,30,final_heldout,3,r10_l7_full_domain_randomisation_arena_wide_training,r10_l7_full_domain_randomisation_arena_wide_training,r10_balanced_cluster_spatial_flow_belief_memory_h30_final_0003,4,inflight_boundary_near,boundary_near,lift_entry,primvar_lift_entry_transition_object_7cbbfa819927,baseline_and_memory_winner_match,True,primvar_lift_entry_transition_object_7cbbfa819927,primvar_lift_entry_transition_object_7cbbfa819927,0.0,0.0,0.03,0.0,1.0,-7.053000670165233e-06,-7.053000670165233e-06,0.0,0.0,0.0268441352579813,0.9731558647420188,0.0194631172948403,0.0,0.1,0.2,0.0,0.0,0,0,0.9731558647420188,0.9731558647420188,decision_level_baseline_vs_candidate_path_memory_gap_audit,outer_loop_spatial_flow_belief_safe_explore_exploit_memory_v2_2
balanced_cluster,spatial_flow_belief_memory_h30,30,final_heldout,3,r10_l7_full_domain_randomisation_arena_wide_training,r10_l7_full_domain_randomisation_arena_wide_training,r10_balanced_cluster_spatial_flow_belief_memory_h30_final_0003,5,inflight_boundary_near,boundary_near,lift_dwell_arc,primvar_lift_dwell_arc_transition_object_429425bf6b2c,baseline_and_memory_winner_match,True,primvar_lift_dwell_arc_transition_object_429425bf6b2c,primvar_lift_dwell_arc_transition_object_429425bf6b2c,0.0,0.0,0.03,0.0,1.0,-1.2769338583185076e-05,-1.2769338583185076e-05,0.0,0.0,0.0290772488707443,0.9709227511292556,0.0194184550225851,0.0,0.1,0.2,0.0,0.0,0,0,0.9709227511292556,0.9709227511292556,decision_level_baseline_vs_candidate_path_memory_gap_audit,outer_loop_spatial_flow_belief_safe_explore_exploit_memory_v2_2
balanced_cluster,spatial_flow_belief_memory_h30,30,final_heldout,3,r10_l7_full_domain_randomisation_arena_wide_training,r10_l7_full_domain_randomisation_arena_wide_training,r10_balanced_cluster_spatial_flow_belief_memory_h30_final_0003,6,inflight_boundary_near,boundary_near,recovery,primvar_recovery_transition_object_5e492c9a9375,baseline_and_memory_winner_match,True,primvar_recovery_transition_object_5e492c9a9375,primvar_recovery_transition_object_5e492c9a9375,0.0,0.0,0.03,0.0,1.0,-2.9306390320282816e-05,-2.9306390320282816e-05,0.0,0.0,0.0368317469012733,0.9631682530987268,0.0192633650619745,0.0,0.1,0.2,0.0,0.0,0,0,0.9631682530987268,0.9631682530987268,decision_level_baseline_vs_candidate_path_memory_gap_audit,outer_loop_spatial_flow_belief_safe_explore_exploit_memory_v2_2
balanced_cluster,spatial_flow_belief_memory_h30,30,final_heldout,3,r10_l7_full_domain_randomisation_arena_wide_training,r10_l7_full_domain_randomisation_arena_wide_training,r10_balanced_cluster_spatial_flow_belief_memory_h30_final_0003,7,inflight_boundary_near,boundary_near,recovery,primvar_recovery_transition_object_5e492c9a9375,baseline_and_memory_winner_match,True,primvar_recovery_transition_object_5e492c9a9375,primvar_recovery_transition_object_5e492c9a9375,0.0,0.0,0.03,0.0,1.0,-2.115510330780168e-05,-2.115510330780168e-05,0.0,0.0,0.0225152684522442,0.9774847315477556,0.0195496946309551,0.0,0.1,0.2,0.0,0.0,0,0,0.9774847315477556,0.9774847315477556,decision_level_baseline_vs_candidate_path_memory_gap_audit,outer_loop_spatial_flow_belief_safe_explore_exploit_memory_v2_2
light_cluster,spatial_flow_belief_memory_h3,3,final_heldout,9,r10_l7_full_domain_randomisation_arena_wide_training,r10_l7_full_domain_randomisation_arena_wide_training,r10_light_cluster_spatial_flow_belief_memory_h3_final_0009,0,launch_gate,launch_gate,lift_dwell_arc,primvar_lift_dwell_arc_transition_object_b9b9dc090f76,baseline_and_memory_winner_match,True,primvar_lift_dwell_arc_transition_object_b9b9dc090f76,primvar_lift_dwell_arc_transition_object_b9b9dc090f76,0.0,0.0,0.03,0.0,1.0,0.000264825710557,0.000264825710557,0.0,0.0,0.0314935191626725,0.6492758171325779,0.0129855163426515,0.0,0.1,0.2,0.0,0.0,7,0,0.9685064808373276,0.6492758171325779,decision_level_baseline_vs_candidate_path_memory_gap_audit,outer_loop_spatial_flow_belief_safe_explore_exploit_memory_v2_2
light_cluster,spatial_flow_belief_memory_h3,3,final_heldout,9,r10_l7_full_domain_randomisation_arena_wide_training,r10_l7_full_domain_randomisation_arena_wide_training,r10_light_cluster_spatial_flow_belief_memory_h3_final_0009,1,inflight_boundary_near,boundary_near,mild_turn_right,primvar_mild_turn_right_transition_object_7e69bebe251a,baseline_and_memory_winner_match,True,primvar_mild_turn_right_transition_object_7e69bebe251a,primvar_mild_turn_right_transition_object_7e69bebe251a,0.0,0.0,0.03,0.0,1.0,0.0001715075123089,0.0001715075123089,0.0,0.0,0.0396710291174063,0.6902394202940925,0.0138047884058818,0.0,0.1,0.2,0.0,0.0,7,0,0.9603289708825936,0.6902394202940925,decision_level_baseline_vs_candidate_path_memory_gap_audit,outer_loop_spatial_flow_belief_safe_explore_exploit_memory_v2_2
light_cluster,spatial_flow_belief_memory_h3,3,final_heldout,9,r10_l7_full_domain_randomisation_arena_wide_training,r10_l7_full_domain_randomisation_arena_wide_training,r10_light_cluster_spatial_flow_belief_memory_h3_final_0009,2,inflight_boundary_near,boundary_near,mild_turn_right,primvar_mild_turn_right_transition_object_7e69bebe251a,baseline_and_memory_winner_match,True,primvar_mild_turn_right_transition_object_7e69bebe251a,primvar_mild_turn_right_transition_object_7e69bebe251a,0.0,0.0,0.03,0.0,1.0,9.945493936913684e-05,9.945493936913684e-05,0.0,0.0,0.0302182414780371,0.764567207454263,0.0152913441490852,0.0,0.1,0.2,0.0,0.0,7,0,0.9697817585219628,0.764567207454263,decision_level_baseline_vs_candidate_path_memory_gap_audit,outer_loop_spatial_flow_belief_safe_explore_exploit_memory_v2_2
light_cluster,spatial_flow_belief_memory_h3,3,final_heldout,9,r10_l7_full_domain_randomisation_arena_wide_training,r10_l7_full_domain_randomisation_arena_wide_training,r10_light_cluster_spatial_flow_belief_memory_h3_final_0009,3,inflight_boundary_near,boundary_near,mild_turn_right,primvar_mild_turn_right_transition_object_7e69bebe251a,baseline_and_memory_winner_match,True,primvar_mild_turn_right_transition_object_7e69bebe251a,primvar_mild_turn_right_transition_object_7e69bebe251a,0.0,0.0,0.03,0.0,1.0,-0.0001417817244674,-0.0001417817244674,0.0,0.0,0.0370848284110606,0.8464040847829787,0.0169280816956595,0.0,0.1,0.2,0.0,0.0,4,0,0.9629151715889394,0.8464040847829787,decision_level_baseline_vs_candidate_path_memory_gap_audit,outer_loop_spatial_flow_belief_safe_explore_exploit_memory_v2_2
light_cluster,spatial_flow_belief_memory_h3,3,final_heldout,9,r10_l7_full_domain_randomisation_arena_wide_training,r10_l7_full_domain_randomisation_arena_wide_training,r10_light_cluster_spatial_flow_belief_memory_h3_final_0009,4,inflight_boundary_near,boundary_near,energy_retaining_bank,primvar_energy_retaining_bank_transition_object_59f915f98b46,baseline_and_memory_winner_match,True,primvar_energy_retaining_bank_transition_object_59f915f98b46,primvar_energy_retaining_bank_transition_object_59f915f98b46,0.0,0.0,0.03,0.0,1.0,-0.0003497321974279,-0.0003497321974279,0.0,0.0,0.0418237789212948,0.9581762210787051,0.0191635244215741,0.0,0.1,0.2,0.0,0.0,0,0,0.9581762210787051,0.9581762210787051,decision_level_baseline_vs_candidate_path_memory_gap_audit,outer_loop_spatial_flow_belief_safe_explore_exploit_memory_v2_2
light_cluster,spatial_flow_belief_memory_h3,3,final_heldout,9,r10_l7_full_domain_randomisation_arena_wide_training,r10_l7_full_domain_randomisation_arena_wide_training,r10_light_cluster_spatial_flow_belief_memory_h3_final_0009,5,inflight_boundary_near,boundary_near,energy_retaining_bank,primvar_energy_retaining_bank_transition_object_59f915f98b46,baseline_and_memory_winner_match,True,primvar_energy_retaining_bank_transition_object_59f915f98b46,primvar_energy_retaining_bank_transition_object_59f915f98b46,0.0,0.0,0.03,0.0,1.0,-0.0003697836096709,-0.0003697836096709,0.0,0.0,0.0391352860432837,0.9608647139567162,0.0192172942791343,0.0,0.1,0.2,0.0,0.0,0,0,0.9608647139567162,0.9608647139567162,decision_level_baseline_vs_candidate_path_memory_gap_audit,outer_loop_spatial_flow_belief_safe_explore_exploit_memory_v2_2
light_cluster,spatial_flow_belief_memory_h3,3,final_heldout,9,r10_l7_full_domain_randomisation_arena_wide_training,r10_l7_full_domain_randomisation_arena_wide_training,r10_light_cluster_spatial_flow_belief_memory_h3_final_0009,6,inflight_boundary_near,boundary_near,energy_retaining_bank,primvar_energy_retaining_bank_transition_object_59f915f98b46,baseline_and_memory_winner_match,True,primvar_energy_retaining_bank_transition_object_59f915f98b46,primvar_energy_retaining_bank_transition_object_59f915f98b46,0.0,0.0,0.03,0.0,1.0,-0.0002190504427943,-0.0002190504427943,0.0,0.0,0.0260446480851551,0.9739553519148448,0.0194791070382968,0.0,0.1,0.2,0.0,0.0,0,0,0.9739553519148448,0.9739553519148448,decision_level_baseline_vs_candidate_path_memory_gap_audit,outer_loop_spatial_flow_belief_safe_explore_exploit_memory_v2_2
light_cluster,spatial_flow_belief_memory_h3,3,final_heldout,9,r10_l7_full_domain_randomisation_arena_wide_training,r10_l7_full_domain_randomisation_arena_wide_training,r10_light_cluster_spatial_flow_belief_memory_h3_final_0009,7,inflight_boundary_near,boundary_near,energy_retaining_bank,primvar_energy_retaining_bank_transition_object_59f915f98b46,baseline_and_memory_winner_match,True,primvar_energy_retaining_bank_transition_object_59f915f98b46,primvar_energy_retaining_bank_transition_object_59f915f98b46,0.0,0.0,0.03,0.0,1.0,-0.0002763421753824,-0.0002763421753824,0.0,0.0,0.0407715645657753,0.9592284354342246,0.0191845687086844,0.0,0.1,0.2,0.0,0.0,0,0,0.9592284354342246,0.9592284354342246,decision_level_baseline_vs_candidate_path_memory_gap_audit,outer_loop_spatial_flow_belief_safe_explore_exploit_memory_v2_2
light_cluster,spatial_flow_belief_memory_h3,3,final_heldout,9,r10_l7_full_domain_randomisation_arena_wide_training,r10_l7_full_domain_randomisation_arena_wide_training,r10_light_cluster_spatial_flow_belief_memory_h3_final_0009,8,inflight_boundary_near,boundary_near,safe_exit_or_recovery_handoff,primvar_safe_exit_or_recovery_handoff_transition_object_6683ccb4c539,baseline_and_memory_winner_match,True,primvar_safe_exit_or_recovery_handoff_transition_object_6683ccb4c539,primvar_safe_exit_or_recovery_handoff_transition_object_6683ccb4c539,0.0,0.0,0.03,0.0,1.0,-0.0001709461175853,-0.0001709461175853,0.0,0.0,0.0325148595751682,0.9674851404248318,0.0193497028084966,0.0,0.1,0.2,0.0,0.0,0,0,0.9674851404248318,0.9674851404248318,decision_level_baseline_vs_candidate_path_memory_gap_audit,outer_loop_spatial_flow_belief_safe_explore_exploit_memory_v2_2
light_cluster,spatial_flow_belief_memory_h10,10,final_heldout,0,r10_l7_full_domain_randomisation_arena_wide_training,r10_l7_full_domain_randomisation_arena_wide_training,r10_light_cluster_spatial_flow_belief_memory_h10_final_0000,0,launch_gate,launch_gate,lift_dwell_arc,primvar_lift_dwell_arc_transition_object_6ae229f6947e,baseline_and_memory_winner_match,True,primvar_lift_dwell_arc_transition_object_6ae229f6947e,primvar_lift_dwell_arc_transition_object_6ae229f6947e,0.0,0.0,0.03,0.0,1.0,-7.00075255322119e-06,-7.00075255322119e-06,0.0,0.0,0.0020875759091951,0.7044348185420136,0.0140886963708402,0.0,0.1,0.2,0.0,0.0,7,0,0.9979124240908048,0.7044348185420136,decision_level_baseline_vs_candidate_path_memory_gap_audit,outer_loop_spatial_flow_belief_safe_explore_exploit_memory_v2_2
light_cluster,spatial_flow_belief_memory_h10,10,final_heldout,0,r10_l7_full_domain_randomisation_arena_wide_training,r10_l7_full_domain_randomisation_arena_wide_training,r10_light_cluster_spatial_flow_belief_memory_h10_final_0000,1,inflight_boundary_near,boundary_near,lift_dwell_arc,primvar_lift_dwell_arc_transition_object_cd89af02a2de,baseline_and_memory_winner_match,True,primvar_lift_dwell_arc_transition_object_cd89af02a2de,primvar_lift_dwell_arc_transition_object_cd89af02a2de,0.0,0.0,0.03,0.0,1.0,0.0001250632086733,0.0001250632086733,0.0,0.0,0.0576358016465658,0.7213123498660245,0.0144262469973204,0.0,0.1,0.2,0.0,0.0,7,0,0.942364198353434,0.7213123498660245,decision_level_baseline_vs_candidate_path_memory_gap_audit,outer_loop_spatial_flow_belief_safe_explore_exploit_memory_v2_2
light_cluster,spatial_flow_belief_memory_h10,10,final_heldout,0,r10_l7_full_domain_randomisation_arena_wide_training,r10_l7_full_domain_randomisation_arena_wide_training,r10_light_cluster_spatial_flow_belief_memory_h10_final_0000,2,inflight_boundary_near,boundary_near,lift_dwell_arc,primvar_lift_dwell_arc_transition_object_cd89af02a2de,baseline_and_memory_winner_match,True,primvar_lift_dwell_arc_transition_object_cd89af02a2de,primvar_lift_dwell_arc_transition_object_cd89af02a2de,0.0,0.0,0.03,0.0,1.0,6.372662902376369e-06,6.372662902376369e-06,0.0,0.0,0.0347698757684103,0.8120636953479187,0.0162412739069583,0.0,0.1,0.2,0.0,0.0,7,0,0.9652301242315896,0.8120636953479187,decision_level_baseline_vs_candidate_path_memory_gap_audit,outer_loop_spatial_flow_belief_safe_explore_exploit_memory_v2_2
light_cluster,spatial_flow_belief_memory_h10,10,final_heldout,0,r10_l7_full_domain_randomisation_arena_wide_training,r10_l7_full_domain_randomisation_arena_wide_training,r10_light_cluster_spatial_flow_belief_memory_h10_final_0000,3,inflight_boundary_near,boundary_near,lift_dwell_arc,primvar_lift_dwell_arc_transition_object_cd89af02a2de,baseline_and_memory_winner_match,True,primvar_lift_dwell_arc_transition_object_cd89af02a2de,primvar_lift_dwell_arc_transition_object_cd89af02a2de,0.0,0.0,0.03,0.0,1.0,-2.22111945213932e-06,-2.22111945213932e-06,0.0,0.0,0.0332192952696147,0.9169274895981444,0.0183385497919628,0.0,0.1,0.2,0.0,0.0,0,0,0.9667807047303852,0.9169274895981444,decision_level_baseline_vs_candidate_path_memory_gap_audit,outer_loop_spatial_flow_belief_safe_explore_exploit_memory_v2_2
light_cluster,spatial_flow_belief_memory_h10,10,final_heldout,0,r10_l7_full_domain_randomisation_arena_wide_training,r10_l7_full_domain_randomisation_arena_wide_training,r10_light_cluster_spatial_flow_belief_memory_h10_final_0000,4,inflight_boundary_near,boundary_near,glide,primvar_glide_transition_object_da985aa75290,rejected_exploration_cross_family_without_memory_confidence,False,primvar_glide_transition_object_da985aa75290,primvar_mild_turn_left_transition_object_72b921ad790a,2.5105804102310003e-09,2.786872954629871e-10,0.03,0.0,1.0,-7.761745829393263e-06,-7.761745829393263e-06,0.0,0.2786872954629871,0.0348448565555139,0.965155143444486,0.0193031028688897,0.0,0.1,0.2,0.0,0.0,0,0,0.9651550318498308,0.9651550318498308,decision_level_baseline_vs_candidate_path_memory_gap_audit,outer_loop_spatial_flow_belief_safe_explore_exploit_memory_v2_2
light_cluster,spatial_flow_belief_memory_h10,10,final_heldout,0,r10_l7_full_domain_randomisation_arena_wide_training,r10_l7_full_domain_randomisation_arena_wide_training,r10_light_cluster_spatial_flow_belief_memory_h10_final_0000,5,inflight_boundary_near,boundary_near,glide,primvar_glide_transition_object_da985aa75290,rejected_exploration_cross_family_without_memory_confidence,False,primvar_glide_transition_object_da985aa75290,primvar_mild_turn_left_transition_object_72b921ad790a,3.16788550946967e-09,4.61299443088592e-10,0.03,0.0,1.0,-1.730932376653449e-05,-1.730932376653449e-05,0.0,0.4612994430885919,0.0356018100666711,0.9643981899333288,0.0192879637986665,0.0,0.1,0.2,0.0,0.0,0,0,0.9643980546040164,0.9643980546040164,decision_level_baseline_vs_candidate_path_memory_gap_audit,outer_loop_spatial_flow_belief_safe_explore_exploit_memory_v2_2
light_cluster,spatial_flow_belief_memory_h10,10,final_heldout,0,r10_l7_full_domain_randomisation_arena_wide_training,r10_l7_full_domain_randomisation_arena_wide_training,r10_light_cluster_spatial_flow_belief_memory_h10_final_0000,6,inflight_boundary_near,boundary_near,glide,primvar_glide_transition_object_da985aa75290,rejected_exploration_cross_family_without_memory_confidence,False,primvar_glide_transition_object_da985aa75290,primvar_mild_turn_left_transition_object_72b921ad790a,2.843114854655937e-09,1.9624701863563127e-10,0.03,0.0,1.0,-2.346125093111162e-05,-2.346125093111162e-05,0.0,0.1962470186356313,0.029367674372531,0.9706323256274688,0.0194126465125493,0.0,0.1,0.2,0.0,0.0,0,0,0.9706321932840808,0.9706321932840808,decision_level_baseline_vs_candidate_path_memory_gap_audit,outer_loop_spatial_flow_belief_safe_explore_exploit_memory_v2_2
light_cluster,spatial_flow_belief_memory_h10,10,final_heldout,0,r10_l7_full_domain_randomisation_arena_wide_training,r10_l7_full_domain_randomisation_arena_wide_training,r10_light_cluster_spatial_flow_belief_memory_h10_final_0000,7,inflight_boundary_near,boundary_near,glide,primvar_glide_transition_object_da985aa75290,rejected_exploration_cross_family_without_memory_confidence,False,primvar_glide_transition_object_da985aa75290,primvar_mild_turn_left_transition_object_72b921ad790a,4.4038950264280174e-10,-1.1610268302320035e-11,0.03,0.0,1.0,-4.8377067129790063e-05,-4.8377067129790063e-05,0.0,-0.01161026830232,0.0414937176150129,0.958506282384987,0.0191701256476997,0.0,0.1,0.2,0.0,0.0,0,0,0.9585062597849916,0.9585062597849916,decision_level_baseline_vs_candidate_path_memory_gap_audit,outer_loop_spatial_flow_belief_safe_explore_exploit_memory_v2_2
light_cluster,spatial_flow_belief_memory_h10,10,final_heldout,0,r10_l7_full_domain_randomisation_arena_wide_training,r10_l7_full_domain_randomisation_arena_wide_training,r10_light_cluster_spatial_flow_belief_memory_h10_final_0000,8,inflight_boundary_near,boundary_near,glide,primvar_glide_transition_object_da985aa75290,baseline_and_memory_winner_match,True,primvar_glide_transition_object_da985aa75290,primvar_glide_transition_object_da985aa75290,0.0,0.0,0.03,0.0,1.0,-9.278761874553788e-05,-9.278761874553788e-05,0.0,0.0,0.042309243364292,0.957690756635708,0.0191538151327141,0.0,0.1,0.2,0.0,0.0,0,0,0.957690756635708,0.957690756635708,decision_level_baseline_vs_candidate_path_memory_gap_audit,outer_loop_spatial_flow_belief_safe_explore_exploit_memory_v2_2
balanced_cluster,spatial_flow_belief_memory_h30,30,final_heldout,8,r10_l7_full_domain_randomisation_arena_wide_training,r10_l7_full_domain_randomisation_arena_wide_training,r10_balanced_cluster_spatial_flow_belief_memory_h30_final_0008,0,launch_gate,launch_gate,safe_exit_or_recovery_handoff,primvar_safe_exit_or_recovery_handoff_transition_object_d17d451ad8d8,baseline_and_memory_winner_match,True,primvar_safe_exit_or_recovery_handoff_transition_object_d17d451ad8d8,primvar_safe_exit_or_recovery_handoff_transition_object_d17d451ad8d8,0.0,0.0,0.03,0.0,1.0,0.0005027210336915,0.0005027210336915,0.0,0.0,0.0931990233340876,0.4807675440611337,0.0096153508812226,0.0,0.1,0.2,0.000344231504349,0.0868281292573016,7,7,0.9068009766659124,0.4807675440611337,decision_level_baseline_vs_candidate_path_memory_gap_audit,outer_loop_spatial_flow_belief_safe_explore_exploit_memory_v2_2
balanced_cluster,spatial_flow_belief_memory_h30,30,final_heldout,8,r10_l7_full_domain_randomisation_arena_wide_training,r10_l7_full_domain_randomisation_arena_wide_training,r10_balanced_cluster_spatial_flow_belief_memory_h30_final_0008,1,inflight_nominal,inflight_stable,recovery,primvar_recovery_transition_object_4268876749b8,baseline_and_memory_winner_match,True,primvar_recovery_transition_object_4268876749b8,primvar_recovery_transition_object_4268876749b8,0.0,0.0,0.03,0.0,1.0,9.602323030843962e-05,9.602323030843962e-05,0.0,0.0,0.0742863447197524,0.5101835851295622,0.0102036717025912,0.0,0.1,0.2,0.0001415182588406,0.0536228583770503,7,7,0.9257136552802476,0.5101835851295622,decision_level_baseline_vs_candidate_path_memory_gap_audit,outer_loop_spatial_flow_belief_safe_explore_exploit_memory_v2_2
balanced_cluster,spatial_flow_belief_memory_h30,30,final_heldout,8,r10_l7_full_domain_randomisation_arena_wide_training,r10_l7_full_domain_randomisation_arena_wide_training,r10_balanced_cluster_spatial_flow_belief_memory_h30_final_0008,2,inflight_recovery_edge,recoverable_degraded,safe_exit_or_recovery_handoff,primvar_safe_exit_or_recovery_handoff_transition_object_295e4572e0ce,baseline_and_memory_winner_match,True,primvar_safe_exit_or_recovery_handoff_transition_object_295e4572e0ce,primvar_safe_exit_or_recovery_handoff_transition_object_295e4572e0ce,0.0,0.0,0.03,0.0,1.0,-0.0001351584434035,-0.0001351584434035,0.0,0.0,0.0452514458248252,0.4744387210985017,0.00948877442197,0.0,0.1,0.2,5.75324617072795e-10,1.2165420693470529e-06,7,8,0.9547485541751748,0.4744387210985017,decision_level_baseline_vs_candidate_path_memory_gap_audit,outer_loop_spatial_flow_belief_safe_explore_exploit_memory_v2_2
balanced_cluster,spatial_flow_belief_memory_h30,30,final_heldout,8,r10_l7_full_domain_randomisation_arena_wide_training,r10_l7_full_domain_randomisation_arena_wide_training,r10_balanced_cluster_spatial_flow_belief_memory_h30_final_0008,3,inflight_recovery_edge,recoverable_degraded,safe_exit_or_recovery_handoff,primvar_safe_exit_or_recovery_handoff_transition_object_295e4572e0ce,baseline_and_memory_winner_match,True,primvar_safe_exit_or_recovery_handoff_transition_object_295e4572e0ce,primvar_safe_exit_or_recovery_handoff_transition_object_295e4572e0ce,0.0,0.0,0.03,0.0,1.0,-0.0001757702573604,-0.0001757702573604,0.0,0.0,0.0373161091454139,0.5032044083810507,0.010064088167621,0.0,0.1,0.2,2.5527783296744166e-10,3.990594808476473e-07,7,13,0.962683890854586,0.5032044083810507,decision_level_baseline_vs_candidate_path_memory_gap_audit,outer_loop_spatial_flow_belief_safe_explore_exploit_memory_v2_2
balanced_cluster,spatial_flow_belief_memory_h30,30,final_heldout,8,r10_l7_full_domain_randomisation_arena_wide_training,r10_l7_full_domain_randomisation_arena_wide_training,r10_balanced_cluster_spatial_flow_belief_memory_h30_final_0008,4,inflight_nominal,inflight_stable,recovery,primvar_recovery_transition_object_4268876749b8,baseline_and_memory_winner_match,True,primvar_recovery_transition_object_4268876749b8,primvar_recovery_transition_object_4268876749b8,0.0,0.0,0.03,0.0,1.0,-0.0001998230697599,-0.0001998230697599,0.0,0.0,0.0385896175951015,0.6285387884271343,0.0125707757685426,0.0,0.1,0.2,1.9630593571170004e-08,0.0002773337932284,7,7,0.9614103824048984,0.6285387884271343,decision_level_baseline_vs_candidate_path_memory_gap_audit,outer_loop_spatial_flow_belief_safe_explore_exploit_memory_v2_2
balanced_cluster,spatial_flow_belief_memory_h30,30,final_heldout,8,r10_l7_full_domain_randomisation_arena_wide_training,r10_l7_full_domain_randomisation_arena_wide_training,r10_balanced_cluster_spatial_flow_belief_memory_h30_final_0008,5,inflight_recovery_edge,recoverable_degraded,safe_exit_or_recovery_handoff,primvar_safe_exit_or_recovery_handoff_transition_object_295e4572e0ce,baseline_and_memory_winner_match,True,primvar_safe_exit_or_recovery_handoff_transition_object_295e4572e0ce,primvar_safe_exit_or_recovery_handoff_transition_object_295e4572e0ce,0.0,0.0,0.03,0.0,1.0,-0.0002250514389954,-0.0002250514389954,0.0,0.0,0.0415428300544786,0.5647978999457349,0.0112959579989146,0.0,0.1,0.2,2.438070226139838e-14,7.474908439596623e-11,7,7,0.9584571699455212,0.5647978999457349,decision_level_baseline_vs_candidate_path_memory_gap_audit,outer_loop_spatial_flow_belief_safe_explore_exploit_memory_v2_2
balanced_cluster,spatial_flow_belief_memory_h30,30,final_heldout,8,r10_l7_full_domain_randomisation_arena_wide_training,r10_l7_full_domain_randomisation_arena_wide_training,r10_balanced_cluster_spatial_flow_belief_memory_h30_final_0008,6,inflight_nominal,inflight_stable,recovery,primvar_recovery_transition_object_4268876749b8,baseline_and_memory_winner_match,True,primvar_recovery_transition_object_4268876749b8,primvar_recovery_transition_object_4268876749b8,0.0,0.0,0.03,0.0,1.0,-0.0002866048117231,-0.0002866048117231,0.0,0.0,0.0401683947182098,0.7307250406763265,0.0146145008135265,0.0,0.1,0.2,2.0630195654041187e-06,0.0006320031137978,7,10,0.95983160528179,0.7307250406763265,decision_level_baseline_vs_candidate_path_memory_gap_audit,outer_loop_spatial_flow_belief_safe_explore_exploit_memory_v2_2
balanced_cluster,spatial_flow_belief_memory_h30,30,final_heldout,8,r10_l7_full_domain_randomisation_arena_wide_training,r10_l7_full_domain_randomisation_arena_wide_training,r10_balanced_cluster_spatial_flow_belief_memory_h30_final_0008,7,inflight_nominal,inflight_stable,recovery,primvar_recovery_transition_object_4268876749b8,baseline_and_memory_winner_match,True,primvar_recovery_transition_object_4268876749b8,primvar_recovery_transition_object_4268876749b8,0.0,0.0,0.03,0.0,1.0,-0.0002534923760069,-0.0002534923760069,0.0,0.0,0.0337541301715636,0.8107140958525632,0.0162142819170512,0.0,0.1,0.2,0.0,0.0,3,0,0.9662458698284364,0.8107140958525632,decision_level_baseline_vs_candidate_path_memory_gap_audit,outer_loop_spatial_flow_belief_safe_explore_exploit_memory_v2_2
balanced_cluster,spatial_flow_belief_memory_h30,30,final_heldout,8,r10_l7_full_domain_randomisation_arena_wide_training,r10_l7_full_domain_randomisation_arena_wide_training,r10_balanced_cluster_spatial_flow_belief_memory_h30_final_0008,8,inflight_nominal,inflight_stable,lift_entry,primvar_lift_entry_transition_object_a65393bbc7f9,baseline_and_memory_winner_match,True,primvar_lift_entry_transition_object_a65393bbc7f9,primvar_lift_entry_transition_object_a65393bbc7f9,0.0,0.0,0.03,0.0,1.0,-0.0003604356635964,-0.0003604356635964,0.0,0.0,0.0442608213658322,0.9557391786341676,0.0191147835726833,0.0,0.1,0.2,0.0,0.0,0,0,0.9557391786341676,0.9557391786341676,decision_level_baseline_vs_candidate_path_memory_gap_audit,outer_loop_spatial_flow_belief_safe_explore_exploit_memory_v2_2
balanced_cluster,spatial_flow_belief_memory_h30,30,final_heldout,8,r10_l7_full_domain_randomisation_arena_wide_training,r10_l7_full_domain_randomisation_arena_wide_training,r10_balanced_cluster_spatial_flow_belief_memory_h30_final_0008,9,inflight_boundary_near,boundary_near,mild_turn_right,primvar_mild_turn_right_transition_object_79dc6a9b8274,baseline_and_memory_winner_match,True,primvar_mild_turn_right_transition_object_79dc6a9b8274,primvar_mild_turn_right_transition_object_79dc6a9b8274,0.0,0.0,0.03,0.0,1.0,-0.0004660528484872,-0.0004660528484872,0.0,0.0,0.0565737348631646,0.9434262651368354,0.0188685253027367,0.0,0.1,0.2,0.0,0.0,0,0,0.9434262651368354,0.9434262651368354,decision_level_baseline_vs_candidate_path_memory_gap_audit,outer_loop_spatial_flow_belief_safe_explore_exploit_memory_v2_2
balanced_cluster,spatial_flow_belief_memory_h30,30,final_heldout,8,r10_l7_full_domain_randomisation_arena_wide_training,r10_l7_full_domain_randomisation_arena_wide_training,r10_balanced_cluster_spatial_flow_belief_memory_h30_final_0008,10,inflight_boundary_near,boundary_near,mild_turn_right,primvar_mild_turn_right_transition_object_79dc6a9b8274,baseline_and_memory_winner_match,True,primvar_mild_turn_right_transition_object_79dc6a9b8274,primvar_mild_turn_right_transition_object_79dc6a9b8274,0.0,0.0,0.03,0.0,1.0,-0.0002159853921823,-0.0002159853921823,0.0,0.0,0.0312939470553804,0.9687060529446196,0.0193741210588923,0.0,0.1,0.2,0.0,0.0,0,0,0.9687060529446196,0.9687060529446196,decision_level_baseline_vs_candidate_path_memory_gap_audit,outer_loop_spatial_flow_belief_safe_explore_exploit_memory_v2_2
balanced_cluster,spatial_flow_belief_memory_h30,30,final_heldout,8,r10_l7_full_domain_randomisation_arena_wide_training,r10_l7_full_domain_randomisation_arena_wide_training,r10_balanced_cluster_spatial_flow_belief_memory_h30_final_0008,11,inflight_boundary_near,boundary_near,mild_turn_right,primvar_mild_turn_right_transition_object_79dc6a9b8274,baseline_and_memory_winner_match,True,primvar_mild_turn_right_transition_object_79dc6a9b8274,primvar_mild_turn_right_transition_object_79dc6a9b8274,0.0,0.0,0.03,0.0,1.0,-0.0002051368862647,-0.0002051368862647,0.0,0.0,0.0281176060083286,0.9718823939916712,0.0194376478798334,0.0,0.1,0.2,0.0,0.0,0,0,0.9718823939916712,0.9718823939916712,decision_level_baseline_vs_candidate_path_memory_gap_audit,outer_loop_spatial_flow_belief_safe_explore_exploit_memory_v2_2
light_cluster,spatial_flow_belief_memory_h10,10,final_heldout,1,r10_l7_full_domain_randomisation_arena_wide_training,r10_l7_full_domain_randomisation_arena_wide_training,r10_light_cluster_spatial_flow_belief_memory_h10_final_0001,0,launch_gate,launch_gate,glide,primvar_glide_transition_object_ad817af95d9e,baseline_and_memory_winner_match,True,primvar_glide_transition_object_ad817af95d9e,primvar_glide_transition_object_ad817af95d9e,0.0,0.0,0.03,0.0,1.0,0.0,0.0,0.0,0.0,0.0,0.5917411216287154,0.0118348224325743,0.0,0.1,0.2,0.0,0.0,7,0,1.0,0.5917411216287154,decision_level_baseline_vs_candidate_path_memory_gap_audit,outer_loop_spatial_flow_belief_safe_explore_exploit_memory_v2_2
light_cluster,spatial_flow_belief_memory_h10,10,final_heldout,1,r10_l7_full_domain_randomisation_arena_wide_training,r10_l7_full_domain_randomisation_arena_wide_training,r10_light_cluster_spatial_flow_belief_memory_h10_final_0001,1,inflight_nominal,inflight_stable,lift_entry,primvar_lift_entry_transition_object_a65393bbc7f9,baseline_and_memory_winner_match,True,primvar_lift_entry_transition_object_a65393bbc7f9,primvar_lift_entry_transition_object_a65393bbc7f9,0.0,0.0,0.03,0.0,1.0,3.665844831157728e-05,3.665844831157728e-05,0.0,0.0,0.0297006448503205,0.5699452485811904,0.0113989049716238,0.0,0.1,0.2,0.0,0.0,7,0,0.9702993551496794,0.5699452485811904,decision_level_baseline_vs_candidate_path_memory_gap_audit,outer_loop_spatial_flow_belief_safe_explore_exploit_memory_v2_2
light_cluster,spatial_flow_belief_memory_h10,10,final_heldout,1,r10_l7_full_domain_randomisation_arena_wide_training,r10_l7_full_domain_randomisation_arena_wide_training,r10_light_cluster_spatial_flow_belief_memory_h10_final_0001,2,inflight_nominal,inflight_stable,lift_entry,primvar_lift_entry_transition_object_a65393bbc7f9,baseline_and_memory_winner_match,True,primvar_lift_entry_transition_object_a65393bbc7f9,primvar_lift_entry_transition_object_a65393bbc7f9,0.0,0.0,0.03,0.0,1.0,-5.252875823535952e-05,-5.252875823535952e-05,0.0,0.0,0.0412169778431595,0.5967432421938877,0.0119348648438777,0.0,0.1,0.2,0.0,0.0,7,0,0.9587830221568404,0.5967432421938877,decision_level_baseline_vs_candidate_path_memory_gap_audit,outer_loop_spatial_flow_belief_safe_explore_exploit_memory_v2_2
light_cluster,spatial_flow_belief_memory_h10,10,final_heldout,1,r10_l7_full_domain_randomisation_arena_wide_training,r10_l7_full_domain_randomisation_arena_wide_training,r10_light_cluster_spatial_flow_belief_memory_h10_final_0001,3,inflight_nominal,inflight_stable,lift_entry,primvar_lift_entry_transition_object_a65393bbc7f9,baseline_and_memory_winner_match,True,primvar_lift_entry_transition_object_a65393bbc7f9,primvar_lift_entry_transition_object_a65393bbc7f9,0.0,0.0,0.03,0.0,1.0,-0.0001060997553288,-0.0001060997553288,0.0,0.0,0.0476199368244642,0.6353569782055233,0.0127071395641104,0.0,0.1,0.2,0.0,0.0,7,0,0.9523800631755356,0.6353569782055233,decision_level_baseline_vs_candidate_path_memory_gap_audit,outer_loop_spatial_flow_belief_safe_explore_exploit_memory_v2_2
light_cluster,spatial_flow_belief_memory_h10,10,final_heldout,1,r10_l7_full_domain_randomisation_arena_wide_training,r10_l7_full_domain_randomisation_arena_wide_training,r10_light_cluster_spatial_flow_belief_memory_h10_final_0001,4,inflight_nominal,inflight_stable,recovery,primvar_recovery_transition_object_a9d2daacfd0f,baseline_and_memory_winner_match,True,primvar_recovery_transition_object_a9d2daacfd0f,primvar_recovery_transition_object_a9d2daacfd0f,0.0,0.0,0.03,0.0,1.0,-0.0001157566495966,-0.0001157566495966,0.0,0.0,0.036307991244196,0.7450259090161184,0.0149005181803223,0.0,0.1,0.2,0.0,0.0,7,0,0.963692008755804,0.7450259090161184,decision_level_baseline_vs_candidate_path_memory_gap_audit,outer_loop_spatial_flow_belief_safe_explore_exploit_memory_v2_2
light_cluster,spatial_flow_belief_memory_h10,10,final_heldout,1,r10_l7_full_domain_randomisation_arena_wide_training,r10_l7_full_domain_randomisation_arena_wide_training,r10_light_cluster_spatial_flow_belief_memory_h10_final_0001,5,inflight_nominal,inflight_stable,recovery,primvar_recovery_transition_object_a9d2daacfd0f,baseline_and_memory_winner_match,True,primvar_recovery_transition_object_a9d2daacfd0f,primvar_recovery_transition_object_a9d2daacfd0f,0.0,0.0,0.03,0.0,1.0,-0.0001144820316123,-0.0001144820316123,0.0,0.0,0.0309998966858183,0.8278601650757873,0.0165572033015157,0.0,0.1,0.2,0.0,0.0,4,0,0.9690001033141816,0.8278601650757873,decision_level_baseline_vs_candidate_path_memory_gap_audit,outer_loop_spatial_flow_belief_safe_explore_exploit_memory_v2_2
light_cluster,spatial_flow_belief_memory_h10,10,final_heldout,1,r10_l7_full_domain_randomisation_arena_wide_training,r10_l7_full_domain_randomisation_arena_wide_training,r10_light_cluster_spatial_flow_belief_memory_h10_final_0001,6,inflight_nominal,inflight_stable,recovery,primvar_recovery_transition_object_a9d2daacfd0f,baseline_and_memory_winner_match,True,primvar_recovery_transition_object_a9d2daacfd0f,primvar_recovery_transition_object_a9d2daacfd0f,0.0,0.0,0.03,0.0,1.0,-0.000125299840791,-0.000125299840791,0.0,0.0,0.0335722429410645,0.932699698444286,0.0186539939688857,0.0,0.1,0.2,0.0,0.0,0,0,0.9664277570589356,0.932699698444286,decision_level_baseline_vs_candidate_path_memory_gap_audit,outer_loop_spatial_flow_belief_safe_explore_exploit_memory_v2_2
light_cluster,spatial_flow_belief_memory_h10,10,final_heldout,1,r10_l7_full_domain_randomisation_arena_wide_training,r10_l7_full_domain_randomisation_arena_wide_training,r10_light_cluster_spatial_flow_belief_memory_h10_final_0001,7,inflight_boundary_near,boundary_near,energy_retaining_bank,primvar_energy_retaining_bank_transition_object_f378f7a74cce,baseline_and_memory_winner_match,True,primvar_energy_retaining_bank_transition_object_f378f7a74cce,primvar_energy_retaining_bank_transition_object_f378f7a74cce,0.0,0.0,0.03,0.0,1.0,-0.0001015637773409,-0.0001015637773409,0.0,0.0,0.03183642399387,0.96816357600613,0.0193632715201226,0.0,0.1,0.2,0.0,0.0,0,0,0.96816357600613,0.96816357600613,decision_level_baseline_vs_candidate_path_memory_gap_audit,outer_loop_spatial_flow_belief_safe_explore_exploit_memory_v2_2
light_cluster,spatial_flow_belief_memory_h10,10,final_heldout,1,r10_l7_full_domain_randomisation_arena_wide_training,r10_l7_full_domain_randomisation_arena_wide_training,r10_light_cluster_spatial_flow_belief_memory_h10_final_0001,8,inflight_boundary_near,boundary_near,mild_turn_right,primvar_mild_turn_right_transition_object_79dc6a9b8274,baseline_and_memory_winner_match,True,primvar_mild_turn_right_transition_object_79dc6a9b8274,primvar_mild_turn_right_transition_object_79dc6a9b8274,0.0,0.0,0.03,0.0,1.0,-2.567898747396491e-05,-2.567898747396491e-05,0.0,0.0,0.0338537383564629,0.9661462616435372,0.0193229252328707,0.0,0.1,0.2,0.0,0.0,0,0,0.9661462616435372,0.9661462616435372,decision_level_baseline_vs_candidate_path_memory_gap_audit,outer_loop_spatial_flow_belief_safe_explore_exploit_memory_v2_2
light_cluster,spatial_flow_belief_memory_h10,10,final_heldout,1,r10_l7_full_domain_randomisation_arena_wide_training,r10_l7_full_domain_randomisation_arena_wide_training,r10_light_cluster_spatial_flow_belief_memory_h10_final_0001,9,inflight_boundary_near,boundary_near,mild_turn_right,primvar_mild_turn_right_transition_object_79dc6a9b8274,baseline_and_memory_winner_match,True,primvar_mild_turn_right_transition_object_79dc6a9b8274,primvar_mild_turn_right_transition_object_79dc6a9b8274,0.0,0.0,0.03,0.0,1.0,3.177548019484e-05,3.177548019484e-05,0.0,0.0,0.0325770549548653,0.9674229450451346,0.0193484589009026,0.0,0.1,0.2,0.0,0.0,0,0,0.9674229450451346,0.9674229450451346,decision_level_baseline_vs_candidate_path_memory_gap_audit,outer_loop_spatial_flow_belief_safe_explore_exploit_memory_v2_2
light_cluster,spatial_flow_belief_memory_h10,10,final_heldout,1,r10_l7_full_domain_randomisation_arena_wide_training,r10_l7_full_domain_randomisation_arena_wide_training,r10_light_cluster_spatial_flow_belief_memory_h10_final_0001,10,inflight_boundary_near,boundary_near,lift_dwell_arc,primvar_lift_dwell_arc_transition_object_3d4acb04abc7,baseline_and_memory_winner_match,True,primvar_lift_dwell_arc_transition_object_3d4acb04abc7,primvar_lift_dwell_arc_transition_object_3d4acb04abc7,0.0,0.0,0.03,0.0,1.0,0.0001571353247455,0.0001571353247455,0.0,0.0,0.0373654208668789,0.962634579133121,0.0192526915826624,0.0,0.1,0.2,0.0,0.0,0,0,0.962634579133121,0.962634579133121,decision_level_baseline_vs_candidate_path_memory_gap_audit,outer_loop_spatial_flow_belief_safe_explore_exploit_memory_v2_2
light_cluster,spatial_flow_belief_memory_h10,10,final_heldout,1,r10_l7_full_domain_randomisation_arena_wide_training,r10_l7_full_domain_randomisation_arena_wide_training,r10_light_cluster_spatial_flow_belief_memory_h10_final_0001,11,inflight_boundary_near,boundary_near,lift_dwell_arc,primvar_lift_dwell_arc_transition_object_3d4acb04abc7,baseline_and_memory_winner_match,True,primvar_lift_dwell_arc_transition_object_3d4acb04abc7,primvar_lift_dwell_arc_transition_object_3d4acb04abc7,0.0,0.0,0.03,0.0,1.0,0.0001633757872574,0.0001633757872574,0.0,0.0,0.0337204597133701,0.96627954028663,0.0193255908057326,0.0,0.1,0.2,0.0,0.0,0,0,0.96627954028663,0.96627954028663,decision_level_baseline_vs_candidate_path_memory_gap_audit,outer_loop_spatial_flow_belief_safe_explore_exploit_memory_v2_2
balanced_cluster,spatial_flow_belief_memory_h30,30,final_heldout,4,r10_l7_full_domain_randomisation_arena_wide_training,r10_l7_full_domain_randomisation_arena_wide_training,r10_balanced_cluster_spatial_flow_belief_memory_h30_final_0004,0,launch_gate,launch_gate,glide,primvar_glide_transition_object_ad817af95d9e,baseline_and_memory_winner_match,True,primvar_glide_transition_object_ad817af95d9e,primvar_glide_transition_object_ad817af95d9e,0.0,0.0,0.03,0.0,1.0,0.0007716202376037,0.0007716202376037,0.0,0.0,0.1295600606646989,0.5186017869531375,0.0103720357390627,0.0,0.1,0.2,0.0,0.0,7,0,0.8704399393353011,0.5186017869531375,decision_level_baseline_vs_candidate_path_memory_gap_audit,outer_loop_spatial_flow_belief_safe_explore_exploit_memory_v2_2
balanced_cluster,spatial_flow_belief_memory_h30,30,final_heldout,4,r10_l7_full_domain_randomisation_arena_wide_training,r10_l7_full_domain_randomisation_arena_wide_training,r10_balanced_cluster_spatial_flow_belief_memory_h30_final_0004,1,inflight_nominal,inflight_stable,lift_entry,primvar_lift_entry_transition_object_cbc5fe69f0f0,baseline_and_memory_winner_match,True,primvar_lift_entry_transition_object_cbc5fe69f0f0,primvar_lift_entry_transition_object_cbc5fe69f0f0,0.0,0.0,0.03,0.0,1.0,0.0010025991633177,0.0010025991633177,0.0,0.0,0.1285964689136024,0.5499462347874802,0.0109989246957496,0.0,0.1,0.2,0.0,0.0,7,0,0.8714035310863976,0.5499462347874802,decision_level_baseline_vs_candidate_path_memory_gap_audit,outer_loop_spatial_flow_belief_safe_explore_exploit_memory_v2_2
balanced_cluster,spatial_flow_belief_memory_h30,30,final_heldout,4,r10_l7_full_domain_randomisation_arena_wide_training,r10_l7_full_domain_randomisation_arena_wide_training,r10_balanced_cluster_spatial_flow_belief_memory_h30_final_0004,2,inflight_recovery_edge,recoverable_degraded,safe_exit_or_recovery_handoff,primvar_safe_exit_or_recovery_handoff_transition_object_89fe6c2843f5,baseline_and_memory_winner_match,True,primvar_safe_exit_or_recovery_handoff_transition_object_89fe6c2843f5,primvar_safe_exit_or_recovery_handoff_transition_object_89fe6c2843f5,0.0,0.0,0.03,0.0,1.0,0.0007434591685118,0.0007434591685118,0.0,0.0,0.086131304237486,0.613331458119967,0.0122666291623993,0.0,0.1,0.2,0.0,0.0,7,0,0.913868695762514,0.613331458119967,decision_level_baseline_vs_candidate_path_memory_gap_audit,outer_loop_spatial_flow_belief_safe_explore_exploit_memory_v2_2
balanced_cluster,spatial_flow_belief_memory_h30,30,final_heldout,4,r10_l7_full_domain_randomisation_arena_wide_training,r10_l7_full_domain_randomisation_arena_wide_training,r10_balanced_cluster_spatial_flow_belief_memory_h30_final_0004,3,inflight_recovery_edge,recoverable_degraded,safe_exit_or_recovery_handoff,primvar_safe_exit_or_recovery_handoff_transition_object_89fe6c2843f5,baseline_and_memory_winner_match,True,primvar_safe_exit_or_recovery_handoff_transition_object_89fe6c2843f5,primvar_safe_exit_or_recovery_handoff_transition_object_89fe6c2843f5,0.0,0.0,0.03,0.0,1.0,0.0001003917833523,0.0001003917833523,0.0,0.0,0.0384431576778624,0.6928374965396712,0.0138567499307934,0.0,0.1,0.2,0.0,0.0,7,0,0.9615568423221376,0.6928374965396712,decision_level_baseline_vs_candidate_path_memory_gap_audit,outer_loop_spatial_flow_belief_safe_explore_exploit_memory_v2_2
balanced_cluster,spatial_flow_belief_memory_h30,30,final_heldout,4,r10_l7_full_domain_randomisation_arena_wide_training,r10_l7_full_domain_randomisation_arena_wide_training,r10_balanced_cluster_spatial_flow_belief_memory_h30_final_0004,4,inflight_boundary_near,boundary_near,energy_retaining_bank,primvar_energy_retaining_bank_transition_object_f378f7a74cce,baseline_and_memory_winner_match,True,primvar_energy_retaining_bank_transition_object_f378f7a74cce,primvar_energy_retaining_bank_transition_object_f378f7a74cce,0.0,0.0,0.03,0.0,1.0,-0.0004166496185358,-0.0004166496185358,0.0,0.0,0.0574663783083463,0.7424817550139228,0.0148496351002784,0.0,0.1,0.2,0.0,0.0,7,0,0.9425336216916536,0.7424817550139228,decision_level_baseline_vs_candidate_path_memory_gap_audit,outer_loop_spatial_flow_belief_safe_explore_exploit_memory_v2_2
balanced_cluster,spatial_flow_belief_memory_h30,30,final_heldout,4,r10_l7_full_domain_randomisation_arena_wide_training,r10_l7_full_domain_randomisation_arena_wide_training,r10_balanced_cluster_spatial_flow_belief_memory_h30_final_0004,5,inflight_boundary_near,boundary_near,energy_retaining_bank,primvar_energy_retaining_bank_transition_object_f378f7a74cce,baseline_and_memory_winner_match,True,primvar_energy_retaining_bank_transition_object_f378f7a74cce,primvar_energy_retaining_bank_transition_object_f378f7a74cce,0.0,0.0,0.03,0.0,1.0,-0.0010579476896948,-0.0010579476896948,0.0,0.0,0.08,0.7947011965077411,0.0158940239301548,0.0,0.1,0.2,0.0,0.0,4,0,0.92,0.7947011965077411,decision_level_baseline_vs_candidate_path_memory_gap_audit,outer_loop_spatial_flow_belief_safe_explore_exploit_memory_v2_2
balanced_cluster,spatial_flow_belief_memory_h30,30,final_heldout,4,r10_l7_full_domain_randomisation_arena_wide_training,r10_l7_full_domain_randomisation_arena_wide_training,r10_balanced_cluster_spatial_flow_belief_memory_h30_final_0004,6,inflight_boundary_near,boundary_near,lift_entry,primvar_lift_entry_transition_object_28b2b3339374,baseline_and_memory_winner_match,True,primvar_lift_entry_transition_object_28b2b3339374,primvar_lift_entry_transition_object_28b2b3339374,0.0,0.0,0.03,0.0,1.0,-0.0006613359582223,-0.0006613359582223,0.0,0.0,0.0450880651459897,0.9549119348540104,0.0190982386970802,0.0,0.1,0.2,0.0,0.0,0,0,0.9549119348540104,0.9549119348540104,decision_level_baseline_vs_candidate_path_memory_gap_audit,outer_loop_spatial_flow_belief_safe_explore_exploit_memory_v2_2
balanced_cluster,spatial_flow_belief_memory_h30,30,final_heldout,4,r10_l7_full_domain_randomisation_arena_wide_training,r10_l7_full_domain_randomisation_arena_wide_training,r10_balanced_cluster_spatial_flow_belief_memory_h30_final_0004,7,inflight_boundary_near,boundary_near,lift_entry,primvar_lift_entry_transition_object_28b2b3339374,baseline_and_memory_winner_match,True,primvar_lift_entry_transition_object_28b2b3339374,primvar_lift_entry_transition_object_28b2b3339374,0.0,0.0,0.03,0.0,1.0,-0.0005635553610554,-0.0005635553610554,0.0,0.0,0.0489358607053251,0.9510641392946748,0.0190212827858935,0.0,0.1,0.2,0.0,0.0,0,0,0.9510641392946748,0.9510641392946748,decision_level_baseline_vs_candidate_path_memory_gap_audit,outer_loop_spatial_flow_belief_safe_explore_exploit_memory_v2_2
balanced_cluster,spatial_flow_belief_memory_h30,30,final_heldout,4,r10_l7_full_domain_randomisation_arena_wide_training,r10_l7_full_domain_randomisation_arena_wide_training,r10_balanced_cluster_spatial_flow_belief_memory_h30_final_0004,8,inflight_boundary_near,boundary_near,lift_entry,primvar_lift_entry_transition_object_28b2b3339374,baseline_and_memory_winner_match,True,primvar_lift_entry_transition_object_28b2b3339374,primvar_lift_entry_transition_object_28b2b3339374,0.0,0.0,0.03,0.0,1.0,-0.000456024497665,-0.000456024497665,0.0,0.0,0.0662917155975118,0.9337082844024882,0.0186741656880497,0.0,0.1,0.2,0.0,0.0,0,0,0.9337082844024882,0.9337082844024882,decision_level_baseline_vs_candidate_path_memory_gap_audit,outer_loop_spatial_flow_belief_safe_explore_exploit_memory_v2_2
balanced_cluster,spatial_flow_belief_memory_h30,30,final_heldout,4,r10_l7_full_domain_randomisation_arena_wide_training,r10_l7_full_domain_randomisation_arena_wide_training,r10_balanced_cluster_spatial_flow_belief_memory_h30_final_0004,9,inflight_boundary_near,boundary_near,lift_entry,primvar_lift_entry_transition_object_28b2b3339374,baseline_and_memory_winner_match,True,primvar_lift_entry_transition_object_28b2b3339374,primvar_lift_entry_transition_object_28b2b3339374,0.0,0.0,0.03,0.0,1.0,-0.0003804138207947,-0.0003804138207947,0.0,0.0,0.1166541210325837,0.8833458789674162,0.0176669175793483,0.0,0.1,0.2,0.0,0.0,0,0,0.8833458789674162,0.8833458789674162,decision_level_baseline_vs_candidate_path_memory_gap_audit,outer_loop_spatial_flow_belief_safe_explore_exploit_memory_v2_2
balanced_cluster,spatial_flow_belief_memory_h30,30,final_heldout,4,r10_l7_full_domain_randomisation_arena_wide_training,r10_l7_full_domain_randomisation_arena_wide_training,r10_balanced_cluster_spatial_flow_belief_memory_h30_final_0004,10,inflight_boundary_near,boundary_near,lift_entry,primvar_lift_entry_transition_object_28b2b3339374,baseline_and_memory_winner_match,True,primvar_lift_entry_transition_object_28b2b3339374,primvar_lift_entry_transition_object_28b2b3339374,0.0,0.0,0.03,0.0,1.0,-0.0002366115862817,-0.0002366115862817,0.0,0.0,0.069235485571979,0.930764514428021,0.0186152902885604,0.0,0.1,0.2,0.0,0.0,0,0,0.930764514428021,0.930764514428021,decision_level_baseline_vs_candidate_path_memory_gap_audit,outer_loop_spatial_flow_belief_safe_explore_exploit_memory_v2_2
light_cluster,spatial_flow_belief_memory_h10,10,final_heldout,5,r10_l7_full_domain_randomisation_arena_wide_training,r10_l7_full_domain_randomisation_arena_wide_training,r10_light_cluster_spatial_flow_belief_memory_h10_final_0005,0,launch_gate,launch_gate,lift_dwell_arc,primvar_lift_dwell_arc_transition_object_0bb49fd72816,baseline_and_memory_winner_match,True,primvar_lift_dwell_arc_transition_object_0bb49fd72816,primvar_lift_dwell_arc_transition_object_0bb49fd72816,0.0,0.0,0.03,0.0,1.0,-8.165186183128892e-05,-8.165186183128892e-05,0.0,0.0,0.0117452599918279,0.7656387972920924,0.0153127759458418,0.0,0.1,0.2,0.0,0.0,7,0,0.988254740008172,0.7656387972920924,decision_level_baseline_vs_candidate_path_memory_gap_audit,outer_loop_spatial_flow_belief_safe_explore_exploit_memory_v2_2
light_cluster,spatial_flow_belief_memory_h10,10,final_heldout,5,r10_l7_full_domain_randomisation_arena_wide_training,r10_l7_full_domain_randomisation_arena_wide_training,r10_light_cluster_spatial_flow_belief_memory_h10_final_0005,1,inflight_boundary_near,boundary_near,lift_dwell_arc,primvar_lift_dwell_arc_transition_object_429425bf6b2c,baseline_and_memory_winner_match,True,primvar_lift_dwell_arc_transition_object_429425bf6b2c,primvar_lift_dwell_arc_transition_object_429425bf6b2c,0.0,0.0,0.03,0.0,1.0,0.0004205640414368,0.0004205640414368,0.0,0.0,0.0341490820969322,0.7822695913591271,0.0156453918271825,0.0,0.1,0.2,0.0,0.0,7,0,0.9658509179030678,0.7822695913591271,decision_level_baseline_vs_candidate_path_memory_gap_audit,outer_loop_spatial_flow_belief_safe_explore_exploit_memory_v2_2
light_cluster,spatial_flow_belief_memory_h10,10,final_heldout,5,r10_l7_full_domain_randomisation_arena_wide_training,r10_l7_full_domain_randomisation_arena_wide_training,r10_light_cluster_spatial_flow_belief_memory_h10_final_0005,2,inflight_boundary_near,boundary_near,lift_dwell_arc,primvar_lift_dwell_arc_transition_object_cd89af02a2de,baseline_and_memory_winner_match,True,primvar_lift_dwell_arc_transition_object_cd89af02a2de,primvar_lift_dwell_arc_transition_object_cd89af02a2de,0.0,0.0,0.03,0.0,1.0,0.000376616428394,0.000376616428394,0.0,0.0,0.0331108891161548,0.8297694720139595,0.0165953894402791,0.0,0.1,0.2,0.0,0.0,6,0,0.9668891108838452,0.8297694720139595,decision_level_baseline_vs_candidate_path_memory_gap_audit,outer_loop_spatial_flow_belief_safe_explore_exploit_memory_v2_2
light_cluster,spatial_flow_belief_memory_h10,10,final_heldout,5,r10_l7_full_domain_randomisation_arena_wide_training,r10_l7_full_domain_randomisation_arena_wide_training,r10_light_cluster_spatial_flow_belief_memory_h10_final_0005,3,inflight_boundary_near,boundary_near,lift_dwell_arc,primvar_lift_dwell_arc_transition_object_cd89af02a2de,baseline_and_memory_winner_match,True,primvar_lift_dwell_arc_transition_object_cd89af02a2de,primvar_lift_dwell_arc_transition_object_cd89af02a2de,0.0,0.0,0.03,0.0,1.0,0.000247424822461,0.000247424822461,0.0,0.0,0.0377140712059105,0.9389037329661132,0.0187780746593222,0.0,0.1,0.2,0.0,0.0,0,0,0.9622859287940896,0.9389037329661132,decision_level_baseline_vs_candidate_path_memory_gap_audit,outer_loop_spatial_flow_belief_safe_explore_exploit_memory_v2_2
light_cluster,spatial_flow_belief_memory_h10,10,final_heldout,5,r10_l7_full_domain_randomisation_arena_wide_training,r10_l7_full_domain_randomisation_arena_wide_training,r10_light_cluster_spatial_flow_belief_memory_h10_final_0005,4,inflight_boundary_near,boundary_near,energy_retaining_bank,primvar_energy_retaining_bank_transition_object_59f915f98b46,baseline_and_memory_winner_match,True,primvar_energy_retaining_bank_transition_object_59f915f98b46,primvar_energy_retaining_bank_transition_object_59f915f98b46,0.0,0.0,0.03,0.0,1.0,0.0001261388314202,0.0001261388314202,0.0,0.0,0.0460664058334813,0.9539335941665188,0.0190786718833303,0.0,0.1,0.2,0.0,0.0,0,0,0.9539335941665188,0.9539335941665188,decision_level_baseline_vs_candidate_path_memory_gap_audit,outer_loop_spatial_flow_belief_safe_explore_exploit_memory_v2_2
light_cluster,spatial_flow_belief_memory_h10,10,final_heldout,5,r10_l7_full_domain_randomisation_arena_wide_training,r10_l7_full_domain_randomisation_arena_wide_training,r10_light_cluster_spatial_flow_belief_memory_h10_final_0005,5,inflight_boundary_near,boundary_near,energy_retaining_bank,primvar_energy_retaining_bank_transition_object_59f915f98b46,baseline_and_memory_winner_match,True,primvar_energy_retaining_bank_transition_object_59f915f98b46,primvar_energy_retaining_bank_transition_object_59f915f98b46,0.0,0.0,0.03,0.0,1.0,2.3363193588199493e-05,2.3363193588199493e-05,0.0,0.0,0.0407945145407601,0.9592054854592398,0.0191841097091847,0.0,0.1,0.2,0.0,0.0,0,0,0.9592054854592398,0.9592054854592398,decision_level_baseline_vs_candidate_path_memory_gap_audit,outer_loop_spatial_flow_belief_safe_explore_exploit_memory_v2_2
light_cluster,spatial_flow_belief_memory_h10,10,final_heldout,5,r10_l7_full_domain_randomisation_arena_wide_training,r10_l7_full_domain_randomisation_arena_wide_training,r10_light_cluster_spatial_flow_belief_memory_h10_final_0005,6,inflight_boundary_near,boundary_near,energy_retaining_bank,primvar_energy_retaining_bank_transition_object_59f915f98b46,baseline_and_memory_winner_match,True,primvar_energy_retaining_bank_transition_object_59f915f98b46,primvar_energy_retaining_bank_transition_object_59f915f98b46,0.0,0.0,0.03,0.0,1.0,-2.660840026846856e-05,-2.660840026846856e-05,0.0,0.0,0.034418530461305,0.965581469538695,0.0193116293907739,0.0,0.1,0.2,0.0,0.0,0,0,0.965581469538695,0.965581469538695,decision_level_baseline_vs_candidate_path_memory_gap_audit,outer_loop_spatial_flow_belief_safe_explore_exploit_memory_v2_2
light_cluster,spatial_flow_belief_memory_h10,10,final_heldout,5,r10_l7_full_domain_randomisation_arena_wide_training,r10_l7_full_domain_randomisation_arena_wide_training,r10_light_cluster_spatial_flow_belief_memory_h10_final_0005,7,inflight_boundary_near,boundary_near,energy_retaining_bank,primvar_energy_retaining_bank_transition_object_59f915f98b46,baseline_and_memory_winner_match,True,primvar_energy_retaining_bank_transition_object_59f915f98b46,primvar_energy_retaining_bank_transition_object_59f915f98b46,0.0,0.0,0.03,0.0,1.0,-2.8186076778347054e-05,-2.8186076778347054e-05,0.0,0.0,0.0344172417871854,0.9655827582128144,0.0193116551642562,0.0,0.1,0.2,0.0,0.0,0,0,0.9655827582128144,0.9655827582128144,decision_level_baseline_vs_candidate_path_memory_gap_audit,outer_loop_spatial_flow_belief_safe_explore_exploit_memory_v2_2
light_cluster,spatial_flow_belief_memory_h10,10,final_heldout,5,r10_l7_full_domain_randomisation_arena_wide_training,r10_l7_full_domain_randomisation_arena_wide_training,r10_light_cluster_spatial_flow_belief_memory_h10_final_0005,8,inflight_boundary_near,boundary_near,glide,primvar_glide_transition_object_da985aa75290,baseline_and_memory_winner_match,True,primvar_glide_transition_object_da985aa75290,primvar_glide_transition_object_da985aa75290,0.0,0.0,0.03,0.0,1.0,-2.5748626050425827e-05,-2.5748626050425827e-05,0.0,0.0,0.0288616011547638,0.971138398845236,0.0194227679769047,0.0,0.1,0.2,0.0,0.0,0,0,0.971138398845236,0.971138398845236,decision_level_baseline_vs_candidate_path_memory_gap_audit,outer_loop_spatial_flow_belief_safe_explore_exploit_memory_v2_2
light_cluster,spatial_flow_belief_memory_h10,10,final_heldout,2,r10_l7_full_domain_randomisation_arena_wide_training,r10_l7_full_domain_randomisation_arena_wide_training,r10_light_cluster_spatial_flow_belief_memory_h10_final_0002,0,launch_gate,launch_gate,mild_turn_left,primvar_mild_turn_left_transition_object_c5942d118f74,baseline_and_memory_winner_match,True,primvar_mild_turn_left_transition_object_c5942d118f74,primvar_mild_turn_left_transition_object_c5942d118f74,0.0,0.0,0.03,0.0,1.0,-9.062441486573649e-06,-9.062441486573649e-06,0.0,0.0,0.0057990025230995,0.6238517477378202,0.0124770349547564,0.0,0.1,0.2,0.0,0.0,7,0,0.9942009974769004,0.6238517477378202,decision_level_baseline_vs_candidate_path_memory_gap_audit,outer_loop_spatial_flow_belief_safe_explore_exploit_memory_v2_2
light_cluster,spatial_flow_belief_memory_h10,10,final_heldout,2,r10_l7_full_domain_randomisation_arena_wide_training,r10_l7_full_domain_randomisation_arena_wide_training,r10_light_cluster_spatial_flow_belief_memory_h10_final_0002,1,inflight_nominal,inflight_stable,mild_turn_left,primvar_mild_turn_left_transition_object_c0027154e9bd,baseline_and_memory_winner_match,True,primvar_mild_turn_left_transition_object_c0027154e9bd,primvar_mild_turn_left_transition_object_c0027154e9bd,0.0,0.0,0.03,0.0,1.0,0.0002214488679064,0.0002214488679064,0.0,0.0,0.0372005099282148,0.6447810515454032,0.012895621030908,0.0,0.1,0.2,0.0,0.0,7,0,0.9627994900717852,0.6447810515454032,decision_level_baseline_vs_candidate_path_memory_gap_audit,outer_loop_spatial_flow_belief_safe_explore_exploit_memory_v2_2
light_cluster,spatial_flow_belief_memory_h10,10,final_heldout,2,r10_l7_full_domain_randomisation_arena_wide_training,r10_l7_full_domain_randomisation_arena_wide_training,r10_light_cluster_spatial_flow_belief_memory_h10_final_0002,2,inflight_recovery_edge,recoverable_degraded,safe_exit_or_recovery_handoff,primvar_safe_exit_or_recovery_handoff_transition_object_89fe6c2843f5,baseline_and_memory_winner_match,True,primvar_safe_exit_or_recovery_handoff_transition_object_89fe6c2843f5,primvar_safe_exit_or_recovery_handoff_transition_object_89fe6c2843f5,0.0,0.0,0.03,0.0,1.0,0.0003337773886378,0.0003337773886378,0.0,0.0,0.0345724954271339,0.6480160956378651,0.0129603219127573,0.0,0.1,0.2,0.0,0.0,7,0,0.965427504572866,0.6480160956378651,decision_level_baseline_vs_candidate_path_memory_gap_audit,outer_loop_spatial_flow_belief_safe_explore_exploit_memory_v2_2
light_cluster,spatial_flow_belief_memory_h10,10,final_heldout,2,r10_l7_full_domain_randomisation_arena_wide_training,r10_l7_full_domain_randomisation_arena_wide_training,r10_light_cluster_spatial_flow_belief_memory_h10_final_0002,3,inflight_recovery_edge,recoverable_degraded,safe_exit_or_recovery_handoff,primvar_safe_exit_or_recovery_handoff_transition_object_89fe6c2843f5,baseline_and_memory_winner_match,True,primvar_safe_exit_or_recovery_handoff_transition_object_89fe6c2843f5,primvar_safe_exit_or_recovery_handoff_transition_object_89fe6c2843f5,0.0,0.0,0.03,0.0,1.0,0.0003749898331602,0.0003749898331602,0.0,0.0,0.0299890539823862,0.7079476844933027,0.014158953689866,0.0,0.1,0.2,0.0,0.0,7,0,0.9700109460176136,0.7079476844933027,decision_level_baseline_vs_candidate_path_memory_gap_audit,outer_loop_spatial_flow_belief_safe_explore_exploit_memory_v2_2
light_cluster,spatial_flow_belief_memory_h10,10,final_heldout,2,r10_l7_full_domain_randomisation_arena_wide_training,r10_l7_full_domain_randomisation_arena_wide_training,r10_light_cluster_spatial_flow_belief_memory_h10_final_0002,4,inflight_recovery_edge,recoverable_degraded,safe_exit_or_recovery_handoff,primvar_safe_exit_or_recovery_handoff_transition_object_eb5ec1f84c14,baseline_and_memory_winner_match,True,primvar_safe_exit_or_recovery_handoff_transition_object_eb5ec1f84c14,primvar_safe_exit_or_recovery_handoff_transition_object_eb5ec1f84c14,0.0,0.0,0.03,0.0,1.0,0.0004374000488854,0.0004374000488854,0.0,0.0,0.0320053488932232,0.7198901579622121,0.0143978031592442,0.0,0.1,0.2,0.0,0.0,7,0,0.9679946511067768,0.7198901579622121,decision_level_baseline_vs_candidate_path_memory_gap_audit,outer_loop_spatial_flow_belief_safe_explore_exploit_memory_v2_2
light_cluster,spatial_flow_belief_memory_h10,10,final_heldout,2,r10_l7_full_domain_randomisation_arena_wide_training,r10_l7_full_domain_randomisation_arena_wide_training,r10_light_cluster_spatial_flow_belief_memory_h10_final_0002,5,inflight_recovery_edge,recoverable_degraded,safe_exit_or_recovery_handoff,primvar_safe_exit_or_recovery_handoff_transition_object_eb5ec1f84c14,baseline_and_memory_winner_match,True,primvar_safe_exit_or_recovery_handoff_transition_object_eb5ec1f84c14,primvar_safe_exit_or_recovery_handoff_transition_object_eb5ec1f84c14,0.0,0.0,0.03,0.0,1.0,0.0003073051863242,0.0003073051863242,0.0,0.0,0.0329928355280935,0.7913285730436593,0.0158265714608731,0.0,0.1,0.2,0.0,0.0,5,0,0.9670071644719064,0.7913285730436593,decision_level_baseline_vs_candidate_path_memory_gap_audit,outer_loop_spatial_flow_belief_safe_explore_exploit_memory_v2_2
light_cluster,spatial_flow_belief_memory_h10,10,final_heldout,2,r10_l7_full_domain_randomisation_arena_wide_training,r10_l7_full_domain_randomisation_arena_wide_training,r10_light_cluster_spatial_flow_belief_memory_h10_final_0002,6,inflight_recovery_edge,recoverable_degraded,safe_exit_or_recovery_handoff,primvar_safe_exit_or_recovery_handoff_transition_object_eb5ec1f84c14,baseline_and_memory_winner_match,True,primvar_safe_exit_or_recovery_handoff_transition_object_eb5ec1f84c14,primvar_safe_exit_or_recovery_handoff_transition_object_eb5ec1f84c14,0.0,0.0,0.03,0.0,1.0,9.17728148491781e-06,9.17728148491781e-06,0.0,0.0,0.0347939991596418,0.88044466900495,0.017608893380099,0.0,0.1,0.2,0.0,0.0,0,0,0.965206000840358,0.88044466900495,decision_level_baseline_vs_candidate_path_memory_gap_audit,outer_loop_spatial_flow_belief_safe_explore_exploit_memory_v2_2
light_cluster,spatial_flow_belief_memory_h10,10,final_heldout,2,r10_l7_full_domain_randomisation_arena_wide_training,r10_l7_full_domain_randomisation_arena_wide_training,r10_light_cluster_spatial_flow_belief_memory_h10_final_0002,7,inflight_recovery_edge,recoverable_degraded,safe_exit_or_recovery_handoff,primvar_safe_exit_or_recovery_handoff_transition_object_eb5ec1f84c14,baseline_and_memory_winner_match,True,primvar_safe_exit_or_recovery_handoff_transition_object_eb5ec1f84c14,primvar_safe_exit_or_recovery_handoff_transition_object_eb5ec1f84c14,0.0,0.0,0.03,0.0,1.0,-0.0002594859791515,-0.0002594859791515,0.0,0.0,0.0394719979058783,0.9605280020941216,0.0192105600418824,0.0,0.1,0.2,0.0,0.0,0,0,0.9605280020941216,0.9605280020941216,decision_level_baseline_vs_candidate_path_memory_gap_audit,outer_loop_spatial_flow_belief_safe_explore_exploit_memory_v2_2
light_cluster,spatial_flow_belief_memory_h10,10,final_heldout,2,r10_l7_full_domain_randomisation_arena_wide_training,r10_l7_full_domain_randomisation_arena_wide_training,r10_light_cluster_spatial_flow_belief_memory_h10_final_0002,8,inflight_boundary_near,boundary_near,mild_turn_right,primvar_mild_turn_right_transition_object_79dc6a9b8274,baseline_and_memory_winner_match,True,primvar_mild_turn_right_transition_object_79dc6a9b8274,primvar_mild_turn_right_transition_object_79dc6a9b8274,0.0,0.0,0.03,0.0,1.0,-0.0002739025399403,-0.0002739025399403,0.0,0.0,0.0293368146545044,0.9706631853454956,0.0194132637069099,0.0,0.1,0.2,0.0,0.0,0,0,0.9706631853454956,0.9706631853454956,decision_level_baseline_vs_candidate_path_memory_gap_audit,outer_loop_spatial_flow_belief_safe_explore_exploit_memory_v2_2
light_cluster,spatial_flow_belief_memory_h10,10,final_heldout,2,r10_l7_full_domain_randomisation_arena_wide_training,r10_l7_full_domain_randomisation_arena_wide_training,r10_light_cluster_spatial_flow_belief_memory_h10_final_0002,9,inflight_boundary_near,boundary_near,energy_retaining_bank,primvar_energy_retaining_bank_transition_object_f378f7a74cce,baseline_and_memory_winner_match,True,primvar_energy_retaining_bank_transition_object_f378f7a74cce,primvar_energy_retaining_bank_transition_object_f378f7a74cce,0.0,0.0,0.03,0.0,1.0,-0.0002802677709941,-0.0002802677709941,0.0,0.0,0.0377178869800362,0.9622821130199638,0.0192456422603992,0.0,0.1,0.2,0.0,0.0,0,0,0.9622821130199638,0.9622821130199638,decision_level_baseline_vs_candidate_path_memory_gap_audit,outer_loop_spatial_flow_belief_safe_explore_exploit_memory_v2_2
light_cluster,spatial_flow_belief_memory_h10,10,final_heldout,2,r10_l7_full_domain_randomisation_arena_wide_training,r10_l7_full_domain_randomisation_arena_wide_training,r10_light_cluster_spatial_flow_belief_memory_h10_final_0002,10,inflight_boundary_near,boundary_near,energy_retaining_bank,primvar_energy_retaining_bank_transition_object_f378f7a74cce,baseline_and_memory_winner_match,True,primvar_energy_retaining_bank_transition_object_f378f7a74cce,primvar_energy_retaining_bank_transition_object_f378f7a74cce,0.0,0.0,0.03,0.0,1.0,-0.0002120869879282,-0.0002120869879282,0.0,0.0,0.0285620575997359,0.971437942400264,0.0194287588480052,0.0,0.1,0.2,0.0,0.0,0,0,0.971437942400264,0.971437942400264,decision_level_baseline_vs_candidate_path_memory_gap_audit,outer_loop_spatial_flow_belief_safe_explore_exploit_memory_v2_2
light_cluster,spatial_flow_belief_memory_h10,10,final_heldout,2,r10_l7_full_domain_randomisation_arena_wide_training,r10_l7_full_domain_randomisation_arena_wide_training,r10_light_cluster_spatial_flow_belief_memory_h10_final_0002,11,inflight_boundary_near,boundary_near,energy_retaining_bank,primvar_energy_retaining_bank_transition_object_f378f7a74cce,baseline_and_memory_winner_match,True,primvar_energy_retaining_bank_transition_object_f378f7a74cce,primvar_energy_retaining_bank_transition_object_f378f7a74cce,0.0,0.0,0.03,0.0,1.0,-0.0003072607293677,-0.0003072607293677,0.0,0.0,0.0411858769664962,0.9588141230335036,0.01917628246067,0.0,0.1,0.2,0.0,0.0,0,0,0.9588141230335036,0.9588141230335036,decision_level_baseline_vs_candidate_path_memory_gap_audit,outer_loop_spatial_flow_belief_safe_explore_exploit_memory_v2_2
light_cluster,spatial_flow_belief_memory_h10,10,final_heldout,6,r10_l7_full_domain_randomisation_arena_wide_training,r10_l7_full_domain_randomisation_arena_wide_training,r10_light_cluster_spatial_flow_belief_memory_h10_final_0006,0,launch_gate,launch_gate,mild_turn_left,primvar_mild_turn_left_transition_object_c5942d118f74,baseline_and_memory_winner_match,True,primvar_mild_turn_left_transition_object_c5942d118f74,primvar_mild_turn_left_transition_object_c5942d118f74,0.0,0.0,0.03,0.0,1.0,7.959233165832913e-05,7.959233165832913e-05,0.0,0.0,0.0100220193433902,0.6329038142333949,0.0126580762846679,0.0,0.1,0.2,0.0,0.0,7,0,0.9899779806566098,0.6329038142333949,decision_level_baseline_vs_candidate_path_memory_gap_audit,outer_loop_spatial_flow_belief_safe_explore_exploit_memory_v2_2
light_cluster,spatial_flow_belief_memory_h10,10,final_heldout,6,r10_l7_full_domain_randomisation_arena_wide_training,r10_l7_full_domain_randomisation_arena_wide_training,r10_light_cluster_spatial_flow_belief_memory_h10_final_0006,1,inflight_nominal,inflight_stable,recovery,primvar_recovery_transition_object_a9d2daacfd0f,baseline_and_memory_winner_match,True,primvar_recovery_transition_object_a9d2daacfd0f,primvar_recovery_transition_object_a9d2daacfd0f,0.0,0.0,0.03,0.0,1.0,0.0002237182267008,0.0002237182267008,0.0,0.0,0.0357567989264675,0.6196660243673002,0.012393320487346,0.0,0.1,0.2,0.0,0.0,7,0,0.9642432010735325,0.6196660243673002,decision_level_baseline_vs_candidate_path_memory_gap_audit,outer_loop_spatial_flow_belief_safe_explore_exploit_memory_v2_2
light_cluster,spatial_flow_belief_memory_h10,10,final_heldout,6,r10_l7_full_domain_randomisation_arena_wide_training,r10_l7_full_domain_randomisation_arena_wide_training,r10_light_cluster_spatial_flow_belief_memory_h10_final_0006,2,inflight_recovery_edge,recoverable_degraded,safe_exit_or_recovery_handoff,primvar_safe_exit_or_recovery_handoff_transition_object_89fe6c2843f5,baseline_and_memory_winner_match,True,primvar_safe_exit_or_recovery_handoff_transition_object_89fe6c2843f5,primvar_safe_exit_or_recovery_handoff_transition_object_89fe6c2843f5,0.0,0.0,0.03,0.0,1.0,0.0002618540952207,0.0002618540952207,0.0,0.0,0.0358410991700162,0.6644789334026787,0.0132895786680535,0.0,0.1,0.2,0.0,0.0,7,0,0.9641589008299838,0.6644789334026787,decision_level_baseline_vs_candidate_path_memory_gap_audit,outer_loop_spatial_flow_belief_safe_explore_exploit_memory_v2_2
light_cluster,spatial_flow_belief_memory_h10,10,final_heldout,6,r10_l7_full_domain_randomisation_arena_wide_training,r10_l7_full_domain_randomisation_arena_wide_training,r10_light_cluster_spatial_flow_belief_memory_h10_final_0006,3,inflight_recovery_edge,recoverable_degraded,safe_exit_or_recovery_handoff,primvar_safe_exit_or_recovery_handoff_transition_object_eb5ec1f84c14,baseline_and_memory_winner_match,True,primvar_safe_exit_or_recovery_handoff_transition_object_eb5ec1f84c14,primvar_safe_exit_or_recovery_handoff_transition_object_eb5ec1f84c14,0.0,0.0,0.03,0.0,1.0,0.000239403708271,0.000239403708271,0.0,0.0,0.0369515728589265,0.6665992197967656,0.0133319843959353,0.0,0.1,0.2,0.0,0.0,7,0,0.9630484271410734,0.6665992197967656,decision_level_baseline_vs_candidate_path_memory_gap_audit,outer_loop_spatial_flow_belief_safe_explore_exploit_memory_v2_2
light_cluster,spatial_flow_belief_memory_h10,10,final_heldout,6,r10_l7_full_domain_randomisation_arena_wide_training,r10_l7_full_domain_randomisation_arena_wide_training,r10_light_cluster_spatial_flow_belief_memory_h10_final_0006,4,inflight_recovery_edge,recoverable_degraded,safe_exit_or_recovery_handoff,primvar_safe_exit_or_recovery_handoff_transition_object_54443200afd9,baseline_and_memory_winner_match,True,primvar_safe_exit_or_recovery_handoff_transition_object_54443200afd9,primvar_safe_exit_or_recovery_handoff_transition_object_54443200afd9,0.0,0.0,0.03,0.0,1.0,0.0002033768116446,0.0002033768116446,0.0,0.0,0.0372687225389714,0.6602928648964803,0.0132058572979296,0.0,0.1,0.2,0.0,0.0,7,0,0.9627312774610286,0.6602928648964803,decision_level_baseline_vs_candidate_path_memory_gap_audit,outer_loop_spatial_flow_belief_safe_explore_exploit_memory_v2_2
light_cluster,spatial_flow_belief_memory_h10,10,final_heldout,6,r10_l7_full_domain_randomisation_arena_wide_training,r10_l7_full_domain_randomisation_arena_wide_training,r10_light_cluster_spatial_flow_belief_memory_h10_final_0006,5,inflight_recovery_edge,recoverable_degraded,safe_exit_or_recovery_handoff,primvar_safe_exit_or_recovery_handoff_transition_object_54443200afd9,baseline_and_memory_winner_match,True,primvar_safe_exit_or_recovery_handoff_transition_object_54443200afd9,primvar_safe_exit_or_recovery_handoff_transition_object_54443200afd9,0.0,0.0,0.03,0.0,1.0,0.0001110830779897,0.0001110830779897,0.0,0.0,0.0368613813480625,0.7044982095467438,0.0140899641909348,0.0,0.1,0.2,3.082579487872292e-13,2.4908463272066324e-10,7,3,0.9631386186519376,0.7044982095467438,decision_level_baseline_vs_candidate_path_memory_gap_audit,outer_loop_spatial_flow_belief_safe_explore_exploit_memory_v2_2
light_cluster,spatial_flow_belief_memory_h10,10,final_heldout,6,r10_l7_full_domain_randomisation_arena_wide_training,r10_l7_full_domain_randomisation_arena_wide_training,r10_light_cluster_spatial_flow_belief_memory_h10_final_0006,6,inflight_recovery_edge,recoverable_degraded,safe_exit_or_recovery_handoff,primvar_safe_exit_or_recovery_handoff_transition_object_5e603211d22a,baseline_and_memory_winner_match,True,primvar_safe_exit_or_recovery_handoff_transition_object_5e603211d22a,primvar_safe_exit_or_recovery_handoff_transition_object_5e603211d22a,0.0,0.0,0.03,0.0,1.0,-3.917960281901722e-06,-3.917960281901722e-06,0.0,0.0,0.0362668711264683,0.6902252241052114,0.0138045044821042,0.0,0.1,0.2,1.9214956423868798e-13,2.2169623558737175e-10,7,3,0.9637331288735316,0.6902252241052114,decision_level_baseline_vs_candidate_path_memory_gap_audit,outer_loop_spatial_flow_belief_safe_explore_exploit_memory_v2_2
light_cluster,spatial_flow_belief_memory_h10,10,final_heldout,6,r10_l7_full_domain_randomisation_arena_wide_training,r10_l7_full_domain_randomisation_arena_wide_training,r10_light_cluster_spatial_flow_belief_memory_h10_final_0006,7,inflight_recovery_edge,recoverable_degraded,safe_exit_or_recovery_handoff,primvar_safe_exit_or_recovery_handoff_transition_object_5e603211d22a,baseline_and_memory_winner_match,True,primvar_safe_exit_or_recovery_handoff_transition_object_5e603211d22a,primvar_safe_exit_or_recovery_handoff_transition_object_5e603211d22a,0.0,0.0,0.03,0.0,1.0,-0.0001043762717351,-0.0001043762717351,0.0,0.0,0.0326827468992584,0.7373123630472037,0.014746247260944,0.0,0.1,0.2,1.5237335743301137e-14,1.2958355100262128e-11,6,2,0.9673172531007416,0.7373123630472037,decision_level_baseline_vs_candidate_path_memory_gap_audit,outer_loop_spatial_flow_belief_safe_explore_exploit_memory_v2_2
light_cluster,spatial_flow_belief_memory_h10,10,final_heldout,6,r10_l7_full_domain_randomisation_arena_wide_training,r10_l7_full_domain_randomisation_arena_wide_training,r10_light_cluster_spatial_flow_belief_memory_h10_final_0006,8,inflight_boundary_near,boundary_near,energy_retaining_bank,primvar_energy_retaining_bank_transition_object_dfab686f7773,baseline_and_memory_winner_match,True,primvar_energy_retaining_bank_transition_object_dfab686f7773,primvar_energy_retaining_bank_transition_object_dfab686f7773,0.0,0.0,0.03,0.0,1.0,-0.0002104494804542,-0.0002104494804542,0.0,0.0,0.0348903706698222,0.7850593201140804,0.0157011864022816,0.0,0.1,0.2,0.0,0.0,3,0,0.9651096293301776,0.7850593201140804,decision_level_baseline_vs_candidate_path_memory_gap_audit,outer_loop_spatial_flow_belief_safe_explore_exploit_memory_v2_2
light_cluster,spatial_flow_belief_memory_h10,10,final_heldout,6,r10_l7_full_domain_randomisation_arena_wide_training,r10_l7_full_domain_randomisation_arena_wide_training,r10_light_cluster_spatial_flow_belief_memory_h10_final_0006,9,inflight_boundary_near,boundary_near,energy_retaining_bank,primvar_energy_retaining_bank_transition_object_dfab686f7773,baseline_and_memory_winner_match,True,primvar_energy_retaining_bank_transition_object_dfab686f7773,primvar_energy_retaining_bank_transition_object_dfab686f7773,0.0,0.0,0.03,0.0,1.0,-0.0002539310521857,-0.0002539310521857,0.0,0.0,0.0412931620177678,0.8070790888284135,0.0161415817765682,0.0,0.1,0.2,0.0,0.0,0,0,0.9587068379822322,0.8070790888284135,decision_level_baseline_vs_candidate_path_memory_gap_audit,outer_loop_spatial_flow_belief_safe_explore_exploit_memory_v2_2
light_cluster,spatial_flow_belief_memory_h10,10,final_heldout,6,r10_l7_full_domain_randomisation_arena_wide_training,r10_l7_full_domain_randomisation_arena_wide_training,r10_light_cluster_spatial_flow_belief_memory_h10_final_0006,10,inflight_boundary_near,boundary_near,energy_retaining_bank,primvar_energy_retaining_bank_transition_object_dfab686f7773,baseline_and_memory_winner_match,True,primvar_energy_retaining_bank_transition_object_dfab686f7773,primvar_energy_retaining_bank_transition_object_dfab686f7773,0.0,0.0,0.03,0.0,1.0,-0.000274954585802,-0.000274954585802,0.0,0.0,0.0339731142731684,0.811260964732906,0.0162252192946581,0.0,0.1,0.2,0.0,0.0,0,0,0.9660268857268316,0.811260964732906,decision_level_baseline_vs_candidate_path_memory_gap_audit,outer_loop_spatial_flow_belief_safe_explore_exploit_memory_v2_2
light_cluster,spatial_flow_belief_memory_h10,10,final_heldout,6,r10_l7_full_domain_randomisation_arena_wide_training,r10_l7_full_domain_randomisation_arena_wide_training,r10_light_cluster_spatial_flow_belief_memory_h10_final_0006,11,inflight_boundary_near,boundary_near,lift_dwell_arc,primvar_lift_dwell_arc_transition_object_3d4acb04abc7,baseline_and_memory_winner_match,True,primvar_lift_dwell_arc_transition_object_3d4acb04abc7,primvar_lift_dwell_arc_transition_object_3d4acb04abc7,0.0,0.0,0.03,0.0,1.0,-0.0003257616884903,-0.0003257616884903,0.0,0.0,0.0337825651112902,0.8864310447787216,0.0177286208955744,0.0,0.1,0.2,0.0,0.0,0,0,0.9662174348887096,0.8864310447787216,decision_level_baseline_vs_candidate_path_memory_gap_audit,outer_loop_spatial_flow_belief_safe_explore_exploit_memory_v2_2
light_cluster,spatial_flow_belief_memory_h10,10,final_heldout,6,r10_l7_full_domain_randomisation_arena_wide_training,r10_l7_full_domain_randomisation_arena_wide_training,r10_light_cluster_spatial_flow_belief_memory_h10_final_0006,12,inflight_boundary_near,boundary_near,lift_dwell_arc,primvar_lift_dwell_arc_transition_object_3d4acb04abc7,baseline_and_memory_winner_match,True,primvar_lift_dwell_arc_transition_object_3d4acb04abc7,primvar_lift_dwell_arc_transition_object_3d4acb04abc7,0.0,0.0,0.03,0.0,1.0,-0.0003450063557197,-0.0003450063557197,0.0,0.0,0.03182470117843,0.7340717997490731,0.0146814359949814,0.0,0.1,0.2,0.0,0.0,0,0,0.96817529882157,0.7340717997490731,decision_level_baseline_vs_candidate_path_memory_gap_audit,outer_loop_spatial_flow_belief_safe_explore_exploit_memory_v2_2
light_cluster,spatial_flow_belief_memory_h10,10,final_heldout,3,r10_l7_full_domain_randomisation_arena_wide_training,r10_l7_full_domain_randomisation_arena_wide_training,r10_light_cluster_spatial_flow_belief_memory_h10_final_0003,0,launch_gate,launch_gate,lift_dwell_arc,primvar_lift_dwell_arc_transition_object_3319bf584ff9,baseline_and_memory_winner_match,True,primvar_lift_dwell_arc_transition_object_3319bf584ff9,primvar_lift_dwell_arc_transition_object_3319bf584ff9,0.0,0.0,0.03,0.0,1.0,2.7296874954063632e-05,2.7296874954063632e-05,0.0,0.0,0.0242247392889958,0.7307202106611235,0.0146144042132224,0.0,0.1,0.2,0.0,0.0,7,0,0.9757752607110042,0.7307202106611235,decision_level_baseline_vs_candidate_path_memory_gap_audit,outer_loop_spatial_flow_belief_safe_explore_exploit_memory_v2_2
light_cluster,spatial_flow_belief_memory_h10,10,final_heldout,3,r10_l7_full_domain_randomisation_arena_wide_training,r10_l7_full_domain_randomisation_arena_wide_training,r10_light_cluster_spatial_flow_belief_memory_h10_final_0003,1,inflight_boundary_near,boundary_near,lift_dwell_arc,primvar_lift_dwell_arc_transition_object_429425bf6b2c,baseline_and_memory_winner_match,True,primvar_lift_dwell_arc_transition_object_429425bf6b2c,primvar_lift_dwell_arc_transition_object_429425bf6b2c,0.0,0.0,0.03,0.0,1.0,1.897832927477694e-05,1.897832927477694e-05,0.0,0.0,0.0418279488102106,0.7915331648033322,0.0158306632960666,0.0,0.1,0.2,0.0,0.0,7,0,0.9581720511897892,0.7915331648033322,decision_level_baseline_vs_candidate_path_memory_gap_audit,outer_loop_spatial_flow_belief_safe_explore_exploit_memory_v2_2
light_cluster,spatial_flow_belief_memory_h10,10,final_heldout,3,r10_l7_full_domain_randomisation_arena_wide_training,r10_l7_full_domain_randomisation_arena_wide_training,r10_light_cluster_spatial_flow_belief_memory_h10_final_0003,2,inflight_boundary_near,boundary_near,lift_dwell_arc,primvar_lift_dwell_arc_transition_object_429425bf6b2c,baseline_and_memory_winner_match,True,primvar_lift_dwell_arc_transition_object_429425bf6b2c,primvar_lift_dwell_arc_transition_object_429425bf6b2c,0.0,0.0,0.03,0.0,1.0,1.3645019064645323e-05,1.3645019064645323e-05,0.0,0.0,0.0343456967463409,0.8963702192970951,0.0179274043859419,0.0,0.1,0.2,0.0,0.0,1,0,0.965654303253659,0.8963702192970951,decision_level_baseline_vs_candidate_path_memory_gap_audit,outer_loop_spatial_flow_belief_safe_explore_exploit_memory_v2_2
light_cluster,spatial_flow_belief_memory_h10,10,final_heldout,3,r10_l7_full_domain_randomisation_arena_wide_training,r10_l7_full_domain_randomisation_arena_wide_training,r10_light_cluster_spatial_flow_belief_memory_h10_final_0003,3,inflight_boundary_near,boundary_near,safe_exit_or_recovery_handoff,primvar_safe_exit_or_recovery_handoff_transition_object_6683ccb4c539,baseline_and_memory_winner_match,True,primvar_safe_exit_or_recovery_handoff_transition_object_6683ccb4c539,primvar_safe_exit_or_recovery_handoff_transition_object_6683ccb4c539,0.0,0.0,0.03,0.0,1.0,1.0169795709336071e-05,1.0169795709336071e-05,0.0,0.0,0.0423999229925786,0.9576000770074212,0.0191520015401484,0.0,0.1,0.2,0.0,0.0,0,0,0.9576000770074212,0.9576000770074212,decision_level_baseline_vs_candidate_path_memory_gap_audit,outer_loop_spatial_flow_belief_safe_explore_exploit_memory_v2_2
light_cluster,spatial_flow_belief_memory_h10,10,final_heldout,3,r10_l7_full_domain_randomisation_arena_wide_training,r10_l7_full_domain_randomisation_arena_wide_training,r10_light_cluster_spatial_flow_belief_memory_h10_final_0003,4,inflight_boundary_near,boundary_near,safe_exit_or_recovery_handoff,primvar_safe_exit_or_recovery_handoff_transition_object_6683ccb4c539,baseline_and_memory_winner_match,True,primvar_safe_exit_or_recovery_handoff_transition_object_6683ccb4c539,primvar_safe_exit_or_recovery_handoff_transition_object_6683ccb4c539,0.0,0.0,0.03,0.0,1.0,-6.543559844196523e-06,-6.543559844196523e-06,0.0,0.0,0.0268441284492332,0.9731558715507668,0.0194631174310153,0.0,0.1,0.2,0.0,0.0,0,0,0.9731558715507668,0.9731558715507668,decision_level_baseline_vs_candidate_path_memory_gap_audit,outer_loop_spatial_flow_belief_safe_explore_exploit_memory_v2_2
light_cluster,spatial_flow_belief_memory_h10,10,final_heldout,3,r10_l7_full_domain_randomisation_arena_wide_training,r10_l7_full_domain_randomisation_arena_wide_training,r10_light_cluster_spatial_flow_belief_memory_h10_final_0003,5,inflight_boundary_near,boundary_near,energy_retaining_bank,primvar_energy_retaining_bank_transition_object_978e387f63c7,rejected_exploration_cross_family_without_memory_confidence,False,primvar_energy_retaining_bank_transition_object_978e387f63c7,primvar_lift_entry_transition_object_7cbbfa819927,6.850076061937216e-13,-1.3322676295501878e-14,0.03,0.0,1.0,-1.197090805993284e-05,-1.197090805993284e-05,0.0,-1.3322676295501878e-05,0.0290534238171589,0.970946576182841,0.0194189315236568,0.0,0.1,0.2,0.0,0.0,0,0,0.9709465761479196,0.9709465761479196,decision_level_baseline_vs_candidate_path_memory_gap_audit,outer_loop_spatial_flow_belief_safe_explore_exploit_memory_v2_2
light_cluster,spatial_flow_belief_memory_h10,10,final_heldout,3,r10_l7_full_domain_randomisation_arena_wide_training,r10_l7_full_domain_randomisation_arena_wide_training,r10_light_cluster_spatial_flow_belief_memory_h10_final_0003,6,inflight_boundary_near,boundary_near,energy_retaining_bank,primvar_energy_retaining_bank_transition_object_59f915f98b46,baseline_and_memory_winner_match,True,primvar_energy_retaining_bank_transition_object_59f915f98b46,primvar_energy_retaining_bank_transition_object_59f915f98b46,0.0,0.0,0.03,0.0,1.0,-2.134377389695352e-05,-2.134377389695352e-05,0.0,0.0,0.0370358787694522,0.9629641212305478,0.0192592824246109,0.0,0.1,0.2,0.0,0.0,0,0,0.9629641212305478,0.9629641212305478,decision_level_baseline_vs_candidate_path_memory_gap_audit,outer_loop_spatial_flow_belief_safe_explore_exploit_memory_v2_2
light_cluster,spatial_flow_belief_memory_h10,10,final_heldout,3,r10_l7_full_domain_randomisation_arena_wide_training,r10_l7_full_domain_randomisation_arena_wide_training,r10_light_cluster_spatial_flow_belief_memory_h10_final_0003,7,inflight_boundary_near,boundary_near,energy_retaining_bank,primvar_energy_retaining_bank_transition_object_59f915f98b46,baseline_and_memory_winner_match,True,primvar_energy_retaining_bank_transition_object_59f915f98b46,primvar_energy_retaining_bank_transition_object_59f915f98b46,0.0,0.0,0.03,0.0,1.0,-1.2348996521138744e-05,-1.2348996521138744e-05,0.0,0.0,0.0240300733490615,0.9759699266509384,0.0195193985330187,0.0,0.1,0.2,0.0,0.0,0,0,0.9759699266509384,0.9759699266509384,decision_level_baseline_vs_candidate_path_memory_gap_audit,outer_loop_spatial_flow_belief_safe_explore_exploit_memory_v2_2
light_cluster,spatial_flow_belief_memory_h10,10,final_heldout,7,r10_l7_full_domain_randomisation_arena_wide_training,r10_l7_full_domain_randomisation_arena_wide_training,r10_light_cluster_spatial_flow_belief_memory_h10_final_0007,0,launch_gate,launch_gate,recovery,primvar_recovery_transition_object_60f061408cda,baseline_and_memory_winner_match,True,primvar_recovery_transition_object_60f061408cda,primvar_recovery_transition_object_60f061408cda,0.0,0.0,0.03,0.0,1.0,-8.69008499826407e-06,-8.69008499826407e-06,0.0,0.0,0.0053963986810596,0.4867695708681574,0.0097353914173631,0.0,0.1,0.2,0.0,0.0,7,0,0.9946036013189404,0.4867695708681574,decision_level_baseline_vs_candidate_path_memory_gap_audit,outer_loop_spatial_flow_belief_safe_explore_exploit_memory_v2_2
light_cluster,spatial_flow_belief_memory_h10,10,final_heldout,7,r10_l7_full_domain_randomisation_arena_wide_training,r10_l7_full_domain_randomisation_arena_wide_training,r10_light_cluster_spatial_flow_belief_memory_h10_final_0007,1,inflight_nominal,inflight_stable,glide,primvar_glide_transition_object_9fabfcb9ede1,baseline_and_memory_winner_match,True,primvar_glide_transition_object_9fabfcb9ede1,primvar_glide_transition_object_9fabfcb9ede1,0.0,0.0,0.03,0.0,1.0,-0.0002245604177661,-0.0002245604177661,0.0,0.0,0.0952543379336193,0.4539354245953976,0.0090787084919079,0.0,0.1,0.2,0.0,0.0,7,0,0.9047456620663809,0.4539354245953976,decision_level_baseline_vs_candidate_path_memory_gap_audit,outer_loop_spatial_flow_belief_safe_explore_exploit_memory_v2_2
light_cluster,spatial_flow_belief_memory_h10,10,final_heldout,7,r10_l7_full_domain_randomisation_arena_wide_training,r10_l7_full_domain_randomisation_arena_wide_training,r10_light_cluster_spatial_flow_belief_memory_h10_final_0007,2,inflight_nominal,inflight_stable,glide,primvar_glide_transition_object_9fabfcb9ede1,baseline_and_memory_winner_match,True,primvar_glide_transition_object_9fabfcb9ede1,primvar_glide_transition_object_9fabfcb9ede1,0.0,0.0,0.03,0.0,1.0,-0.000231537265273,-0.000231537265273,0.0,0.0,0.0565555864237763,0.4919452888282827,0.0098389057765656,0.0,0.1,0.2,0.0,0.0,7,0,0.9434444135762236,0.4919452888282827,decision_level_baseline_vs_candidate_path_memory_gap_audit,outer_loop_spatial_flow_belief_safe_explore_exploit_memory_v2_2
light_cluster,spatial_flow_belief_memory_h10,10,final_heldout,7,r10_l7_full_domain_randomisation_arena_wide_training,r10_l7_full_domain_randomisation_arena_wide_training,r10_light_cluster_spatial_flow_belief_memory_h10_final_0007,3,inflight_nominal,inflight_stable,lift_dwell_arc,primvar_lift_dwell_arc_transition_object_f5212e7a8993,baseline_and_memory_winner_match,True,primvar_lift_dwell_arc_transition_object_f5212e7a8993,primvar_lift_dwell_arc_transition_object_f5212e7a8993,0.0,0.0,0.03,0.0,1.0,-0.0003758035980214,-0.0003758035980214,0.0,0.0,0.083882111495325,0.5490664073542176,0.0109813281470843,0.0,0.1,0.2,0.0,0.0,7,0,0.9161178885046748,0.5490664073542176,decision_level_baseline_vs_candidate_path_memory_gap_audit,outer_loop_spatial_flow_belief_safe_explore_exploit_memory_v2_2
light_cluster,spatial_flow_belief_memory_h10,10,final_heldout,7,r10_l7_full_domain_randomisation_arena_wide_training,r10_l7_full_domain_randomisation_arena_wide_training,r10_light_cluster_spatial_flow_belief_memory_h10_final_0007,4,inflight_nominal,inflight_stable,lift_dwell_arc,primvar_lift_dwell_arc_transition_object_f5212e7a8993,baseline_and_memory_winner_match,True,primvar_lift_dwell_arc_transition_object_f5212e7a8993,primvar_lift_dwell_arc_transition_object_f5212e7a8993,0.0,0.0,0.03,0.0,1.0,-0.0002901319860826,-0.0002901319860826,0.0,0.0,0.0743010433855112,0.5840104023635966,0.0116802080472719,0.0,0.1,0.2,0.0,0.0,7,0,0.9256989566144888,0.5840104023635966,decision_level_baseline_vs_candidate_path_memory_gap_audit,outer_loop_spatial_flow_belief_safe_explore_exploit_memory_v2_2
light_cluster,spatial_flow_belief_memory_h10,10,final_heldout,7,r10_l7_full_domain_randomisation_arena_wide_training,r10_l7_full_domain_randomisation_arena_wide_training,r10_light_cluster_spatial_flow_belief_memory_h10_final_0007,5,inflight_nominal,inflight_stable,lift_dwell_arc,primvar_lift_dwell_arc_transition_object_f5212e7a8993,baseline_and_memory_winner_match,True,primvar_lift_dwell_arc_transition_object_f5212e7a8993,primvar_lift_dwell_arc_transition_object_f5212e7a8993,0.0,0.0,0.03,0.0,1.0,-0.0003830480997799,-0.0003830480997799,0.0,0.0,0.0599971988204417,0.6277229025829304,0.0125544580516586,0.0,0.1,0.2,0.0,0.0,7,0,0.9400028011795584,0.6277229025829304,decision_level_baseline_vs_candidate_path_memory_gap_audit,outer_loop_spatial_flow_belief_safe_explore_exploit_memory_v2_2
light_cluster,spatial_flow_belief_memory_h10,10,final_heldout,7,r10_l7_full_domain_randomisation_arena_wide_training,r10_l7_full_domain_randomisation_arena_wide_training,r10_light_cluster_spatial_flow_belief_memory_h10_final_0007,6,inflight_nominal,inflight_stable,lift_dwell_arc,primvar_lift_dwell_arc_transition_object_f5212e7a8993,baseline_and_memory_winner_match,True,primvar_lift_dwell_arc_transition_object_f5212e7a8993,primvar_lift_dwell_arc_transition_object_f5212e7a8993,0.0,0.0,0.03,0.0,1.0,-0.0003232340609424,-0.0003232340609424,0.0,0.0,0.036168083209441,0.6862322332692481,0.0137246446653849,0.0,0.1,0.2,0.0,0.0,7,0,0.9638319167905588,0.6862322332692481,decision_level_baseline_vs_candidate_path_memory_gap_audit,outer_loop_spatial_flow_belief_safe_explore_exploit_memory_v2_2
light_cluster,spatial_flow_belief_memory_h10,10,final_heldout,7,r10_l7_full_domain_randomisation_arena_wide_training,r10_l7_full_domain_randomisation_arena_wide_training,r10_light_cluster_spatial_flow_belief_memory_h10_final_0007,7,inflight_nominal,inflight_stable,lift_dwell_arc,primvar_lift_dwell_arc_transition_object_f5212e7a8993,baseline_and_memory_winner_match,True,primvar_lift_dwell_arc_transition_object_f5212e7a8993,primvar_lift_dwell_arc_transition_object_f5212e7a8993,0.0,0.0,0.03,0.0,1.0,-0.0003907789519081,-0.0003907789519081,0.0,0.0,0.0374608263294879,0.7384666120686934,0.0147693322413738,0.0,0.1,0.2,0.0,0.0,7,0,0.962539173670512,0.7384666120686934,decision_level_baseline_vs_candidate_path_memory_gap_audit,outer_loop_spatial_flow_belief_safe_explore_exploit_memory_v2_2
light_cluster,spatial_flow_belief_memory_h10,10,final_heldout,7,r10_l7_full_domain_randomisation_arena_wide_training,r10_l7_full_domain_randomisation_arena_wide_training,r10_light_cluster_spatial_flow_belief_memory_h10_final_0007,8,inflight_nominal,inflight_stable,recovery,primvar_recovery_transition_object_4268876749b8,baseline_and_memory_winner_match,True,primvar_recovery_transition_object_4268876749b8,primvar_recovery_transition_object_4268876749b8,0.0,0.0,0.03,0.0,1.0,-0.0004605133547712,-0.0004605133547712,0.0,0.0,0.0434681177134518,0.8033021020767617,0.0160660420415352,0.0,0.1,0.2,0.0,0.0,3,0,0.9565318822865482,0.8033021020767617,decision_level_baseline_vs_candidate_path_memory_gap_audit,outer_loop_spatial_flow_belief_safe_explore_exploit_memory_v2_2
light_cluster,spatial_flow_belief_memory_h10,10,final_heldout,7,r10_l7_full_domain_randomisation_arena_wide_training,r10_l7_full_domain_randomisation_arena_wide_training,r10_light_cluster_spatial_flow_belief_memory_h10_final_0007,9,inflight_boundary_near,boundary_near,lift_dwell_arc,primvar_lift_dwell_arc_transition_object_3d4acb04abc7,baseline_and_memory_winner_match,True,primvar_lift_dwell_arc_transition_object_3d4acb04abc7,primvar_lift_dwell_arc_transition_object_3d4acb04abc7,0.0,0.0,0.03,0.0,1.0,-0.0003857631257317,-0.0003857631257317,0.0,0.0,0.0342921559689131,0.9059589504756465,0.0181191790095129,0.0,0.1,0.2,0.0,0.0,0,0,0.9657078440310868,0.9059589504756465,decision_level_baseline_vs_candidate_path_memory_gap_audit,outer_loop_spatial_flow_belief_safe_explore_exploit_memory_v2_2
light_cluster,spatial_flow_belief_memory_h10,10,final_heldout,7,r10_l7_full_domain_randomisation_arena_wide_training,r10_l7_full_domain_randomisation_arena_wide_training,r10_light_cluster_spatial_flow_belief_memory_h10_final_0007,10,inflight_boundary_near,boundary_near,,,,False,,,0.0,0.0,0.0,0.0,0.0,0.0,0.0,0.0,0.0,0.0,1.0,0.0,0.0,0.0,0.0,0.0,0.0,0,0,0.0,0.0,decision_level_baseline_vs_candidate_path_memory_gap_audit,outer_loop_spatial_flow_belief_safe_explore_exploit_memory_v2_2
light_cluster,spatial_flow_belief_memory_h10,10,final_heldout,4,r10_l7_full_domain_randomisation_arena_wide_training,r10_l7_full_domain_randomisation_arena_wide_training,r10_light_cluster_spatial_flow_belief_memory_h10_final_0004,0,launch_gate,launch_gate,mild_turn_right,primvar_mild_turn_right_transition_object_56e6925bb803,baseline_and_memory_winner_match,True,primvar_mild_turn_right_transition_object_56e6925bb803,primvar_mild_turn_right_transition_object_56e6925bb803,0.0,0.0,0.03,0.0,1.0,0.0003926603078159,0.0003926603078159,0.0,0.0,0.0379120309651276,0.5818413178436183,0.0116368263568723,0.0,0.1,0.2,0.0,0.0,7,0,0.9620879690348724,0.5818413178436183,decision_level_baseline_vs_candidate_path_memory_gap_audit,outer_loop_spatial_flow_belief_safe_explore_exploit_memory_v2_2
light_cluster,spatial_flow_belief_memory_h10,10,final_heldout,4,r10_l7_full_domain_randomisation_arena_wide_training,r10_l7_full_domain_randomisation_arena_wide_training,r10_light_cluster_spatial_flow_belief_memory_h10_final_0004,1,inflight_nominal,inflight_stable,recovery,primvar_recovery_transition_object_a9d2daacfd0f,baseline_and_memory_winner_match,True,primvar_recovery_transition_object_a9d2daacfd0f,primvar_recovery_transition_object_a9d2daacfd0f,0.0,0.0,0.03,0.0,1.0,0.0007606258300891,0.0007606258300891,0.0,0.0,0.0801366779286292,0.5812264621156227,0.0116245292423124,0.0,0.1,0.2,0.0,0.0,7,0,0.9198633220713708,0.5812264621156227,decision_level_baseline_vs_candidate_path_memory_gap_audit,outer_loop_spatial_flow_belief_safe_explore_exploit_memory_v2_2
light_cluster,spatial_flow_belief_memory_h10,10,final_heldout,4,r10_l7_full_domain_randomisation_arena_wide_training,r10_l7_full_domain_randomisation_arena_wide_training,r10_light_cluster_spatial_flow_belief_memory_h10_final_0004,2,inflight_recovery_edge,recoverable_degraded,safe_exit_or_recovery_handoff,primvar_safe_exit_or_recovery_handoff_transition_object_89fe6c2843f5,baseline_and_memory_winner_match,True,primvar_safe_exit_or_recovery_handoff_transition_object_89fe6c2843f5,primvar_safe_exit_or_recovery_handoff_transition_object_89fe6c2843f5,0.0,0.0,0.03,0.0,1.0,0.000280947991794,0.000280947991794,0.0,0.0,0.0249056976344398,0.6538383278689125,0.0130767665573782,0.0,0.1,0.2,0.0,0.0,7,0,0.9750943023655602,0.6538383278689125,decision_level_baseline_vs_candidate_path_memory_gap_audit,outer_loop_spatial_flow_belief_safe_explore_exploit_memory_v2_2
light_cluster,spatial_flow_belief_memory_h10,10,final_heldout,4,r10_l7_full_domain_randomisation_arena_wide_training,r10_l7_full_domain_randomisation_arena_wide_training,r10_light_cluster_spatial_flow_belief_memory_h10_final_0004,3,inflight_recovery_edge,recoverable_degraded,safe_exit_or_recovery_handoff,primvar_safe_exit_or_recovery_handoff_transition_object_eb5ec1f84c14,baseline_and_memory_winner_match,True,primvar_safe_exit_or_recovery_handoff_transition_object_eb5ec1f84c14,primvar_safe_exit_or_recovery_handoff_transition_object_eb5ec1f84c14,0.0,0.0,0.03,0.0,1.0,0.0001147597081684,0.0001147597081684,0.0,0.0,0.0343323534300276,0.6486782691882209,0.0129735653837644,0.0,0.1,0.2,0.0,0.0,7,0,0.9656676465699724,0.6486782691882209,decision_level_baseline_vs_candidate_path_memory_gap_audit,outer_loop_spatial_flow_belief_safe_explore_exploit_memory_v2_2
light_cluster,spatial_flow_belief_memory_h10,10,final_heldout,4,r10_l7_full_domain_randomisation_arena_wide_training,r10_l7_full_domain_randomisation_arena_wide_training,r10_light_cluster_spatial_flow_belief_memory_h10_final_0004,4,inflight_boundary_near,boundary_near,energy_retaining_bank,primvar_energy_retaining_bank_transition_object_f378f7a74cce,baseline_and_memory_winner_match,True,primvar_energy_retaining_bank_transition_object_f378f7a74cce,primvar_energy_retaining_bank_transition_object_f378f7a74cce,0.0,0.0,0.03,0.0,1.0,-0.0002564007303935,-0.0002564007303935,0.0,0.0,0.0327054281844787,0.7595068582505083,0.0151901371650101,0.0,0.1,0.2,0.0,0.0,7,0,0.9672945718155213,0.7595068582505083,decision_level_baseline_vs_candidate_path_memory_gap_audit,outer_loop_spatial_flow_belief_safe_explore_exploit_memory_v2_2
light_cluster,spatial_flow_belief_memory_h10,10,final_heldout,4,r10_l7_full_domain_randomisation_arena_wide_training,r10_l7_full_domain_randomisation_arena_wide_training,r10_light_cluster_spatial_flow_belief_memory_h10_final_0004,5,inflight_boundary_near,boundary_near,energy_retaining_bank,primvar_energy_retaining_bank_transition_object_f378f7a74cce,baseline_and_memory_winner_match,True,primvar_energy_retaining_bank_transition_object_f378f7a74cce,primvar_energy_retaining_bank_transition_object_f378f7a74cce,0.0,0.0,0.03,0.0,1.0,-0.0005226668918907,-0.0005226668918907,0.0,0.0,0.0407250423056388,0.8279335362664403,0.0165586707253288,0.0,0.1,0.2,0.0,0.0,4,0,0.9592749576943612,0.8279335362664403,decision_level_baseline_vs_candidate_path_memory_gap_audit,outer_loop_spatial_flow_belief_safe_explore_exploit_memory_v2_2
light_cluster,spatial_flow_belief_memory_h10,10,final_heldout,4,r10_l7_full_domain_randomisation_arena_wide_training,r10_l7_full_domain_randomisation_arena_wide_training,r10_light_cluster_spatial_flow_belief_memory_h10_final_0004,6,inflight_boundary_near,boundary_near,lift_dwell_arc,primvar_lift_dwell_arc_transition_object_e77518a9ca96,baseline_and_memory_winner_match,True,primvar_lift_dwell_arc_transition_object_e77518a9ca96,primvar_lift_dwell_arc_transition_object_e77518a9ca96,0.0,0.0,0.03,0.0,1.0,-0.0004305985811479,-0.0004305985811479,0.0,0.0,0.0301601724790487,0.9698398275209512,0.019396796550419,0.0,0.1,0.2,0.0,0.0,0,0,0.9698398275209512,0.9698398275209512,decision_level_baseline_vs_candidate_path_memory_gap_audit,outer_loop_spatial_flow_belief_safe_explore_exploit_memory_v2_2
light_cluster,spatial_flow_belief_memory_h10,10,final_heldout,4,r10_l7_full_domain_randomisation_arena_wide_training,r10_l7_full_domain_randomisation_arena_wide_training,r10_light_cluster_spatial_flow_belief_memory_h10_final_0004,7,inflight_boundary_near,boundary_near,lift_dwell_arc,primvar_lift_dwell_arc_transition_object_e77518a9ca96,baseline_and_memory_winner_match,True,primvar_lift_dwell_arc_transition_object_e77518a9ca96,primvar_lift_dwell_arc_transition_object_e77518a9ca96,0.0,0.0,0.03,0.0,1.0,-0.0004048536570033,-0.0004048536570033,0.0,0.0,0.0336709667746318,0.9663290332253682,0.0193265806645073,0.0,0.1,0.2,0.0,0.0,0,0,0.9663290332253682,0.9663290332253682,decision_level_baseline_vs_candidate_path_memory_gap_audit,outer_loop_spatial_flow_belief_safe_explore_exploit_memory_v2_2
light_cluster,spatial_flow_belief_memory_h10,10,final_heldout,4,r10_l7_full_domain_randomisation_arena_wide_training,r10_l7_full_domain_randomisation_arena_wide_training,r10_light_cluster_spatial_flow_belief_memory_h10_final_0004,8,inflight_boundary_near,boundary_near,lift_dwell_arc,primvar_lift_dwell_arc_transition_object_e77518a9ca96,baseline_and_memory_winner_match,True,primvar_lift_dwell_arc_transition_object_e77518a9ca96,primvar_lift_dwell_arc_transition_object_e77518a9ca96,0.0,0.0,0.03,0.0,1.0,-0.0003404885400646,-0.0003404885400646,0.0,0.0,0.037331248098636,0.962668751901364,0.0192533750380272,0.0,0.1,0.2,0.0,0.0,0,0,0.962668751901364,0.962668751901364,decision_level_baseline_vs_candidate_path_memory_gap_audit,outer_loop_spatial_flow_belief_safe_explore_exploit_memory_v2_2
light_cluster,spatial_flow_belief_memory_h10,10,final_heldout,4,r10_l7_full_domain_randomisation_arena_wide_training,r10_l7_full_domain_randomisation_arena_wide_training,r10_light_cluster_spatial_flow_belief_memory_h10_final_0004,9,inflight_boundary_near,boundary_near,lift_dwell_arc,primvar_lift_dwell_arc_transition_object_e77518a9ca96,baseline_and_memory_winner_match,True,primvar_lift_dwell_arc_transition_object_e77518a9ca96,primvar_lift_dwell_arc_transition_object_e77518a9ca96,0.0,0.0,0.03,0.0,1.0,-0.000294803787487,-0.000294803787487,0.0,0.0,0.0405751756532821,0.959424824346718,0.0191884964869343,0.0,0.1,0.2,0.0,0.0,0,0,0.959424824346718,0.959424824346718,decision_level_baseline_vs_candidate_path_memory_gap_audit,outer_loop_spatial_flow_belief_safe_explore_exploit_memory_v2_2
light_cluster,spatial_flow_belief_memory_h10,10,final_heldout,4,r10_l7_full_domain_randomisation_arena_wide_training,r10_l7_full_domain_randomisation_arena_wide_training,r10_light_cluster_spatial_flow_belief_memory_h10_final_0004,10,inflight_boundary_near,boundary_near,lift_dwell_arc,primvar_lift_dwell_arc_transition_object_e77518a9ca96,baseline_and_memory_winner_match,True,primvar_lift_dwell_arc_transition_object_e77518a9ca96,primvar_lift_dwell_arc_transition_object_e77518a9ca96,0.0,0.0,0.03,0.0,1.0,-0.0002049388393174,-0.0002049388393174,0.0,0.0,0.0316839852942784,0.9683160147057216,0.0193663202941144,0.0,0.1,0.2,0.0,0.0,0,0,0.9683160147057216,0.9683160147057216,decision_level_baseline_vs_candidate_path_memory_gap_audit,outer_loop_spatial_flow_belief_safe_explore_exploit_memory_v2_2
light_cluster,spatial_flow_belief_memory_h10,10,final_heldout,8,r10_l7_full_domain_randomisation_arena_wide_training,r10_l7_full_domain_randomisation_arena_wide_training,r10_light_cluster_spatial_flow_belief_memory_h10_final_0008,0,launch_gate,launch_gate,mild_turn_left,primvar_mild_turn_left_transition_object_2189de2270ec,baseline_and_memory_winner_match,True,primvar_mild_turn_left_transition_object_2189de2270ec,primvar_mild_turn_left_transition_object_2189de2270ec,0.0,0.0,0.03,0.0,1.0,0.0001514072940036,0.0001514072940036,0.0,0.0,0.0046419201046726,0.5310131267405798,0.0106202625348115,0.0,0.1,0.2,0.0016356353210614,0.1424069923009472,7,4,0.9953580798953272,0.5310131267405798,decision_level_baseline_vs_candidate_path_memory_gap_audit,outer_loop_spatial_flow_belief_safe_explore_exploit_memory_v2_2
light_cluster,spatial_flow_belief_memory_h10,10,final_heldout,8,r10_l7_full_domain_randomisation_arena_wide_training,r10_l7_full_domain_randomisation_arena_wide_training,r10_light_cluster_spatial_flow_belief_memory_h10_final_0008,1,inflight_nominal,inflight_stable,recovery,primvar_recovery_transition_object_4268876749b8,baseline_and_memory_winner_match,True,primvar_recovery_transition_object_4268876749b8,primvar_recovery_transition_object_4268876749b8,0.0,0.0,0.03,0.0,1.0,1.5954837957465884e-05,1.5954837957465884e-05,0.0,0.0,0.0536906322770391,0.5215343892927999,0.010430687785856,0.0,0.1,0.2,0.0,0.0,7,0,0.9463093677229608,0.5215343892927999,decision_level_baseline_vs_candidate_path_memory_gap_audit,outer_loop_spatial_flow_belief_safe_explore_exploit_memory_v2_2
light_cluster,spatial_flow_belief_memory_h10,10,final_heldout,8,r10_l7_full_domain_randomisation_arena_wide_training,r10_l7_full_domain_randomisation_arena_wide_training,r10_light_cluster_spatial_flow_belief_memory_h10_final_0008,2,inflight_nominal,inflight_stable,recovery,primvar_recovery_transition_object_4268876749b8,baseline_and_memory_winner_match,True,primvar_recovery_transition_object_4268876749b8,primvar_recovery_transition_object_4268876749b8,0.0,0.0,0.03,0.0,1.0,-0.0001065879190853,-0.0001065879190853,0.0,0.0,0.0378908102603954,0.5565870647183101,0.0111317412943662,0.0,0.1,0.2,0.0,0.0,7,0,0.9621091897396046,0.5565870647183101,decision_level_baseline_vs_candidate_path_memory_gap_audit,outer_loop_spatial_flow_belief_safe_explore_exploit_memory_v2_2
light_cluster,spatial_flow_belief_memory_h10,10,final_heldout,8,r10_l7_full_domain_randomisation_arena_wide_training,r10_l7_full_domain_randomisation_arena_wide_training,r10_light_cluster_spatial_flow_belief_memory_h10_final_0008,3,inflight_nominal,inflight_stable,recovery,primvar_recovery_transition_object_4268876749b8,baseline_and_memory_winner_match,True,primvar_recovery_transition_object_4268876749b8,primvar_recovery_transition_object_4268876749b8,0.0,0.0,0.03,0.0,1.0,-0.0001532038231821,-0.0001532038231821,0.0,0.0,0.0380335961198536,0.5897258613504176,0.0117945172270083,0.0,0.1,0.2,2.930203538441648e-07,7.718445417965082e-05,7,3,0.9619664038801464,0.5897258613504176,decision_level_baseline_vs_candidate_path_memory_gap_audit,outer_loop_spatial_flow_belief_safe_explore_exploit_memory_v2_2
light_cluster,spatial_flow_belief_memory_h10,10,final_heldout,8,r10_l7_full_domain_randomisation_arena_wide_training,r10_l7_full_domain_randomisation_arena_wide_training,r10_light_cluster_spatial_flow_belief_memory_h10_final_0008,4,inflight_recovery_edge,recoverable_degraded,safe_exit_or_recovery_handoff,primvar_safe_exit_or_recovery_handoff_transition_object_54443200afd9,baseline_and_memory_winner_match,True,primvar_safe_exit_or_recovery_handoff_transition_object_54443200afd9,primvar_safe_exit_or_recovery_handoff_transition_object_54443200afd9,0.0,0.0,0.03,0.0,1.0,-0.0001593578828077,-0.0001593578828077,0.0,0.0,0.0349462465683601,0.632488253411186,0.0126497650682237,0.0,0.1,0.2,0.0,0.0,7,0,0.9650537534316398,0.632488253411186,decision_level_baseline_vs_candidate_path_memory_gap_audit,outer_loop_spatial_flow_belief_safe_explore_exploit_memory_v2_2
light_cluster,spatial_flow_belief_memory_h10,10,final_heldout,8,r10_l7_full_domain_randomisation_arena_wide_training,r10_l7_full_domain_randomisation_arena_wide_training,r10_light_cluster_spatial_flow_belief_memory_h10_final_0008,5,inflight_nominal,inflight_stable,recovery,primvar_recovery_transition_object_4268876749b8,baseline_and_memory_winner_match,True,primvar_recovery_transition_object_4268876749b8,primvar_recovery_transition_object_4268876749b8,0.0,0.0,0.03,0.0,1.0,-0.0002569544727473,-0.0002569544727473,0.0,0.0,0.0419677731416416,0.6750323028638227,0.0135006460572764,0.0,0.1,0.2,0.0,0.0,7,0,0.9580322268583584,0.6750323028638227,decision_level_baseline_vs_candidate_path_memory_gap_audit,outer_loop_spatial_flow_belief_safe_explore_exploit_memory_v2_2
light_cluster,spatial_flow_belief_memory_h10,10,final_heldout,8,r10_l7_full_domain_randomisation_arena_wide_training,r10_l7_full_domain_randomisation_arena_wide_training,r10_light_cluster_spatial_flow_belief_memory_h10_final_0008,6,inflight_nominal,inflight_stable,recovery,primvar_recovery_transition_object_4268876749b8,baseline_and_memory_winner_match,True,primvar_recovery_transition_object_4268876749b8,primvar_recovery_transition_object_4268876749b8,0.0,0.0,0.03,0.0,1.0,-0.0002679646219854,-0.0002679646219854,0.0,0.0,0.0412025997763204,0.7342957624255345,0.0146859152485106,0.0,0.1,0.2,0.0,0.0,7,0,0.9587974002236797,0.7342957624255345,decision_level_baseline_vs_candidate_path_memory_gap_audit,outer_loop_spatial_flow_belief_safe_explore_exploit_memory_v2_2
light_cluster,spatial_flow_belief_memory_h10,10,final_heldout,8,r10_l7_full_domain_randomisation_arena_wide_training,r10_l7_full_domain_randomisation_arena_wide_training,r10_light_cluster_spatial_flow_belief_memory_h10_final_0008,7,inflight_nominal,inflight_stable,recovery,primvar_recovery_transition_object_4268876749b8,baseline_and_memory_winner_match,True,primvar_recovery_transition_object_4268876749b8,primvar_recovery_transition_object_4268876749b8,0.0,0.0,0.03,0.0,1.0,-0.0002689868991363,-0.0002689868991363,0.0,0.0,0.0373766599328681,0.8130616357418702,0.0162612327148374,0.0,0.1,0.2,0.0,0.0,3,0,0.962623340067132,0.8130616357418702,decision_level_baseline_vs_candidate_path_memory_gap_audit,outer_loop_spatial_flow_belief_safe_explore_exploit_memory_v2_2
light_cluster,spatial_flow_belief_memory_h10,10,final_heldout,8,r10_l7_full_domain_randomisation_arena_wide_training,r10_l7_full_domain_randomisation_arena_wide_training,r10_light_cluster_spatial_flow_belief_memory_h10_final_0008,8,inflight_nominal,inflight_stable,recovery,primvar_recovery_transition_object_4268876749b8,baseline_and_memory_winner_match,True,primvar_recovery_transition_object_4268876749b8,primvar_recovery_transition_object_4268876749b8,0.0,0.0,0.03,0.0,1.0,-0.000304379467658,-0.000304379467658,0.0,0.0,0.0402397357699489,0.9129903568241344,0.0182598071364826,0.0,0.1,0.2,0.0,0.0,0,0,0.9597602642300512,0.9129903568241344,decision_level_baseline_vs_candidate_path_memory_gap_audit,outer_loop_spatial_flow_belief_safe_explore_exploit_memory_v2_2
light_cluster,spatial_flow_belief_memory_h10,10,final_heldout,8,r10_l7_full_domain_randomisation_arena_wide_training,r10_l7_full_domain_randomisation_arena_wide_training,r10_light_cluster_spatial_flow_belief_memory_h10_final_0008,9,inflight_boundary_near,boundary_near,lift_dwell_arc,primvar_lift_dwell_arc_transition_object_3d4acb04abc7,baseline_and_memory_winner_match,True,primvar_lift_dwell_arc_transition_object_3d4acb04abc7,primvar_lift_dwell_arc_transition_object_3d4acb04abc7,0.0,0.0,0.03,0.0,1.0,-0.0002600405927042,-0.0002600405927042,0.0,0.0,0.0336583909886017,0.9663416090113982,0.0193268321802279,0.0,0.1,0.2,0.0,0.0,0,0,0.9663416090113982,0.9663416090113982,decision_level_baseline_vs_candidate_path_memory_gap_audit,outer_loop_spatial_flow_belief_safe_explore_exploit_memory_v2_2
light_cluster,spatial_flow_belief_memory_h10,10,final_heldout,8,r10_l7_full_domain_randomisation_arena_wide_training,r10_l7_full_domain_randomisation_arena_wide_training,r10_light_cluster_spatial_flow_belief_memory_h10_final_0008,10,inflight_boundary_near,boundary_near,lift_dwell_arc,primvar_lift_dwell_arc_transition_object_3d4acb04abc7,baseline_and_memory_winner_match,True,primvar_lift_dwell_arc_transition_object_3d4acb04abc7,primvar_lift_dwell_arc_transition_object_3d4acb04abc7,0.0,0.0,0.03,0.0,1.0,-0.0001888612577349,-0.0001888612577349,0.0,0.0,0.0294889510840003,0.9705110489159996,0.0194102209783199,0.0,0.1,0.2,0.0,0.0,0,0,0.9705110489159996,0.9705110489159996,decision_level_baseline_vs_candidate_path_memory_gap_audit,outer_loop_spatial_flow_belief_safe_explore_exploit_memory_v2_2
light_cluster,spatial_flow_belief_memory_h10,10,final_heldout,8,r10_l7_full_domain_randomisation_arena_wide_training,r10_l7_full_domain_randomisation_arena_wide_training,r10_light_cluster_spatial_flow_belief_memory_h10_final_0008,11,inflight_boundary_near,boundary_near,lift_dwell_arc,primvar_lift_dwell_arc_transition_object_3d4acb04abc7,baseline_and_memory_winner_match,True,primvar_lift_dwell_arc_transition_object_3d4acb04abc7,primvar_lift_dwell_arc_transition_object_3d4acb04abc7,0.0,0.0,0.03,0.0,1.0,-0.0003041925309328,-0.0003041925309328,0.0,0.0,0.0436319481687231,0.9563680518312768,0.0191273610366255,0.0,0.1,0.2,0.0,0.0,0,0,0.9563680518312768,0.9563680518312768,decision_level_baseline_vs_candidate_path_memory_gap_audit,outer_loop_spatial_flow_belief_safe_explore_exploit_memory_v2_2
balanced_cluster,spatial_flow_belief_memory_h30,30,final_heldout,9,r10_l7_full_domain_randomisation_arena_wide_training,r10_l7_full_domain_randomisation_arena_wide_training,r10_balanced_cluster_spatial_flow_belief_memory_h30_final_0009,0,launch_gate,launch_gate,energy_retaining_bank,primvar_energy_retaining_bank_transition_object_6ec7c5c41896,baseline_and_memory_winner_match,True,primvar_energy_retaining_bank_transition_object_6ec7c5c41896,primvar_energy_retaining_bank_transition_object_6ec7c5c41896,0.0,0.0,0.03,0.0,1.0,-7.784068714578041e-05,-7.784068714578041e-05,0.0,0.0,0.032868897734034,0.6456370179159958,0.0129127403583199,0.0,0.1,0.2,0.0,0.0,7,0,0.967131102265966,0.6456370179159958,decision_level_baseline_vs_candidate_path_memory_gap_audit,outer_loop_spatial_flow_belief_safe_explore_exploit_memory_v2_2
balanced_cluster,spatial_flow_belief_memory_h30,30,final_heldout,9,r10_l7_full_domain_randomisation_arena_wide_training,r10_l7_full_domain_randomisation_arena_wide_training,r10_balanced_cluster_spatial_flow_belief_memory_h30_final_0009,1,inflight_boundary_near,boundary_near,mild_turn_right,primvar_mild_turn_right_transition_object_7e69bebe251a,baseline_and_memory_winner_match,True,primvar_mild_turn_right_transition_object_7e69bebe251a,primvar_mild_turn_right_transition_object_7e69bebe251a,0.0,0.0,0.03,0.0,1.0,-0.0001188246347292,-0.0001188246347292,0.0,0.0,0.0719921070038952,0.6670085455208917,0.0133401709104178,0.0,0.1,0.2,0.0,0.0,7,0,0.9280078929961048,0.6670085455208917,decision_level_baseline_vs_candidate_path_memory_gap_audit,outer_loop_spatial_flow_belief_safe_explore_exploit_memory_v2_2
balanced_cluster,spatial_flow_belief_memory_h30,30,final_heldout,9,r10_l7_full_domain_randomisation_arena_wide_training,r10_l7_full_domain_randomisation_arena_wide_training,r10_balanced_cluster_spatial_flow_belief_memory_h30_final_0009,2,inflight_boundary_near,boundary_near,mild_turn_right,primvar_mild_turn_right_transition_object_7e69bebe251a,baseline_and_memory_winner_match,True,primvar_mild_turn_right_transition_object_7e69bebe251a,primvar_mild_turn_right_transition_object_7e69bebe251a,0.0,0.0,0.03,0.0,1.0,-3.4762544916744353e-05,-3.4762544916744353e-05,0.0,0.0,0.0510709785987635,0.748294328624371,0.0149658865724874,0.0,0.1,0.2,0.0,0.0,7,0,0.9489290214012364,0.748294328624371,decision_level_baseline_vs_candidate_path_memory_gap_audit,outer_loop_spatial_flow_belief_safe_explore_exploit_memory_v2_2
balanced_cluster,spatial_flow_belief_memory_h30,30,final_heldout,9,r10_l7_full_domain_randomisation_arena_wide_training,r10_l7_full_domain_randomisation_arena_wide_training,r10_balanced_cluster_spatial_flow_belief_memory_h30_final_0009,3,inflight_boundary_near,boundary_near,mild_turn_right,primvar_mild_turn_right_transition_object_7e69bebe251a,baseline_and_memory_winner_match,True,primvar_mild_turn_right_transition_object_7e69bebe251a,primvar_mild_turn_right_transition_object_7e69bebe251a,0.0,0.0,0.03,0.0,1.0,-0.0001530182319779,-0.0001530182319779,0.0,0.0,0.0400012320826412,0.8445768366070842,0.0168915367321416,0.0,0.1,0.2,0.0,0.0,4,0,0.9599987679173588,0.8445768366070842,decision_level_baseline_vs_candidate_path_memory_gap_audit,outer_loop_spatial_flow_belief_safe_explore_exploit_memory_v2_2
balanced_cluster,spatial_flow_belief_memory_h30,30,final_heldout,9,r10_l7_full_domain_randomisation_arena_wide_training,r10_l7_full_domain_randomisation_arena_wide_training,r10_balanced_cluster_spatial_flow_belief_memory_h30_final_0009,4,inflight_boundary_near,boundary_near,recovery,primvar_recovery_transition_object_5e492c9a9375,baseline_and_memory_winner_match,True,primvar_recovery_transition_object_5e492c9a9375,primvar_recovery_transition_object_5e492c9a9375,0.0,0.0,0.03,0.0,1.0,-0.0003206644475155,-0.0003206644475155,0.0,0.0,0.0398227052287055,0.9601772947712944,0.0192035458954258,0.0,0.1,0.2,0.0,0.0,0,0,0.9601772947712944,0.9601772947712944,decision_level_baseline_vs_candidate_path_memory_gap_audit,outer_loop_spatial_flow_belief_safe_explore_exploit_memory_v2_2
balanced_cluster,spatial_flow_belief_memory_h30,30,final_heldout,9,r10_l7_full_domain_randomisation_arena_wide_training,r10_l7_full_domain_randomisation_arena_wide_training,r10_balanced_cluster_spatial_flow_belief_memory_h30_final_0009,5,inflight_boundary_near,boundary_near,recovery,primvar_recovery_transition_object_5e492c9a9375,baseline_and_memory_winner_match,True,primvar_recovery_transition_object_5e492c9a9375,primvar_recovery_transition_object_5e492c9a9375,0.0,0.0,0.03,0.0,1.0,-0.0002947527594627,-0.0002947527594627,0.0,0.0,0.0337967763142983,0.9662032236857016,0.019324064473714,0.0,0.1,0.2,0.0,0.0,0,0,0.9662032236857016,0.9662032236857016,decision_level_baseline_vs_candidate_path_memory_gap_audit,outer_loop_spatial_flow_belief_safe_explore_exploit_memory_v2_2
balanced_cluster,spatial_flow_belief_memory_h30,30,final_heldout,9,r10_l7_full_domain_randomisation_arena_wide_training,r10_l7_full_domain_randomisation_arena_wide_training,r10_balanced_cluster_spatial_flow_belief_memory_h30_final_0009,6,inflight_boundary_near,boundary_near,glide,primvar_glide_transition_object_a48e56700ce9,rejected_exploration_cross_family_without_memory_confidence,False,primvar_glide_transition_object_a48e56700ce9,primvar_recovery_transition_object_5e492c9a9375,9.307497705890456e-08,1.1136653377263885e-08,0.03,0.0,1.0,-0.000216567133918,-0.000216567133918,0.0,11.136653377263883,0.0273404965629833,0.9726595034370168,0.0194531900687403,0.0,0.1,0.2,0.0,0.0,0,0,0.9726554065208304,0.9726554065208304,decision_level_baseline_vs_candidate_path_memory_gap_audit,outer_loop_spatial_flow_belief_safe_explore_exploit_memory_v2_2
balanced_cluster,spatial_flow_belief_memory_h30,30,final_heldout,9,r10_l7_full_domain_randomisation_arena_wide_training,r10_l7_full_domain_randomisation_arena_wide_training,r10_balanced_cluster_spatial_flow_belief_memory_h30_final_0009,7,inflight_boundary_near,boundary_near,recovery,primvar_recovery_transition_object_5e492c9a9375,baseline_and_memory_winner_match,True,primvar_recovery_transition_object_5e492c9a9375,primvar_recovery_transition_object_5e492c9a9375,0.0,0.0,0.03,0.0,1.0,-0.0002886497157885,-0.0002886497157885,0.0,0.0,0.0398931138225228,0.9601068861774772,0.0192021377235495,0.0,0.1,0.2,0.0,0.0,0,0,0.9601068861774772,0.9601068861774772,decision_level_baseline_vs_candidate_path_memory_gap_audit,outer_loop_spatial_flow_belief_safe_explore_exploit_memory_v2_2
balanced_cluster,spatial_flow_belief_memory_h30,30,final_heldout,9,r10_l7_full_domain_randomisation_arena_wide_training,r10_l7_full_domain_randomisation_arena_wide_training,r10_balanced_cluster_spatial_flow_belief_memory_h30_final_0009,8,inflight_boundary_near,boundary_near,lift_entry,primvar_lift_entry_transition_object_7cbbfa819927,baseline_and_memory_winner_match,True,primvar_lift_entry_transition_object_7cbbfa819927,primvar_lift_entry_transition_object_7cbbfa819927,0.0,0.0,0.03,0.0,1.0,-0.0001834226148722,-0.0001834226148722,0.0,0.0,0.0294450578371963,0.9705549421628036,0.019411098843256,0.0,0.1,0.2,0.0,0.0,0,0,0.9705549421628036,0.9705549421628036,decision_level_baseline_vs_candidate_path_memory_gap_audit,outer_loop_spatial_flow_belief_safe_explore_exploit_memory_v2_2
light_cluster,spatial_flow_belief_memory_h10,10,final_heldout,9,r10_l7_full_domain_randomisation_arena_wide_training,r10_l7_full_domain_randomisation_arena_wide_training,r10_light_cluster_spatial_flow_belief_memory_h10_final_0009,0,launch_gate,launch_gate,lift_dwell_arc,primvar_lift_dwell_arc_transition_object_b9b9dc090f76,baseline_and_memory_winner_match,True,primvar_lift_dwell_arc_transition_object_b9b9dc090f76,primvar_lift_dwell_arc_transition_object_b9b9dc090f76,0.0,0.0,0.03,0.0,1.0,5.486501085982809e-05,5.486501085982809e-05,0.0,0.0,0.0119392117199422,0.6623848042116978,0.0132476960842339,0.0,0.1,0.2,0.0,0.0,7,0,0.9880607882800578,0.6623848042116978,decision_level_baseline_vs_candidate_path_memory_gap_audit,outer_loop_spatial_flow_belief_safe_explore_exploit_memory_v2_2
light_cluster,spatial_flow_belief_memory_h10,10,final_heldout,9,r10_l7_full_domain_randomisation_arena_wide_training,r10_l7_full_domain_randomisation_arena_wide_training,r10_light_cluster_spatial_flow_belief_memory_h10_final_0009,1,inflight_boundary_near,boundary_near,mild_turn_right,primvar_mild_turn_right_transition_object_7e69bebe251a,baseline_and_memory_winner_match,True,primvar_mild_turn_right_transition_object_7e69bebe251a,primvar_mild_turn_right_transition_object_7e69bebe251a,0.0,0.0,0.03,0.0,1.0,0.0001234824571996,0.0001234824571996,0.0,0.0,0.0358363252751195,0.692995625550159,0.0138599125110031,0.0,0.1,0.2,0.0,0.0,7,0,0.9641636747248804,0.692995625550159,decision_level_baseline_vs_candidate_path_memory_gap_audit,outer_loop_spatial_flow_belief_safe_explore_exploit_memory_v2_2
light_cluster,spatial_flow_belief_memory_h10,10,final_heldout,9,r10_l7_full_domain_randomisation_arena_wide_training,r10_l7_full_domain_randomisation_arena_wide_training,r10_light_cluster_spatial_flow_belief_memory_h10_final_0009,2,inflight_boundary_near,boundary_near,mild_turn_right,primvar_mild_turn_right_transition_object_7e69bebe251a,baseline_and_memory_winner_match,True,primvar_mild_turn_right_transition_object_7e69bebe251a,primvar_mild_turn_right_transition_object_7e69bebe251a,0.0,0.0,0.03,0.0,1.0,9.925361415530354e-05,9.925361415530354e-05,0.0,0.0,0.0302562152365236,0.7645372692849508,0.015290745385699,0.0,0.1,0.2,0.0,0.0,7,0,0.9697437847634764,0.7645372692849508,decision_level_baseline_vs_candidate_path_memory_gap_audit,outer_loop_spatial_flow_belief_safe_explore_exploit_memory_v2_2
light_cluster,spatial_flow_belief_memory_h10,10,final_heldout,9,r10_l7_full_domain_randomisation_arena_wide_training,r10_l7_full_domain_randomisation_arena_wide_training,r10_light_cluster_spatial_flow_belief_memory_h10_final_0009,3,inflight_boundary_near,boundary_near,mild_turn_right,primvar_mild_turn_right_transition_object_7e69bebe251a,baseline_and_memory_winner_match,True,primvar_mild_turn_right_transition_object_7e69bebe251a,primvar_mild_turn_right_transition_object_7e69bebe251a,0.0,0.0,0.03,0.0,1.0,-0.000142903513906,-0.000142903513906,0.0,0.0,0.0372195928604145,0.8462856266012175,0.0169257125320243,0.0,0.1,0.2,0.0,0.0,4,0,0.9627804071395856,0.8462856266012175,decision_level_baseline_vs_candidate_path_memory_gap_audit,outer_loop_spatial_flow_belief_safe_explore_exploit_memory_v2_2
light_cluster,spatial_flow_belief_memory_h10,10,final_heldout,9,r10_l7_full_domain_randomisation_arena_wide_training,r10_l7_full_domain_randomisation_arena_wide_training,r10_light_cluster_spatial_flow_belief_memory_h10_final_0009,4,inflight_boundary_near,boundary_near,energy_retaining_bank,primvar_energy_retaining_bank_transition_object_59f915f98b46,baseline_and_memory_winner_match,True,primvar_energy_retaining_bank_transition_object_59f915f98b46,primvar_energy_retaining_bank_transition_object_59f915f98b46,0.0,0.0,0.03,0.0,1.0,-0.0003498818575358,-0.0003498818575358,0.0,0.0,0.0418582369912119,0.958141763008788,0.0191628352601757,0.0,0.1,0.2,0.0,0.0,0,0,0.958141763008788,0.958141763008788,decision_level_baseline_vs_candidate_path_memory_gap_audit,outer_loop_spatial_flow_belief_safe_explore_exploit_memory_v2_2
light_cluster,spatial_flow_belief_memory_h10,10,final_heldout,9,r10_l7_full_domain_randomisation_arena_wide_training,r10_l7_full_domain_randomisation_arena_wide_training,r10_light_cluster_spatial_flow_belief_memory_h10_final_0009,5,inflight_boundary_near,boundary_near,energy_retaining_bank,primvar_energy_retaining_bank_transition_object_59f915f98b46,baseline_and_memory_winner_match,True,primvar_energy_retaining_bank_transition_object_59f915f98b46,primvar_energy_retaining_bank_transition_object_59f915f98b46,0.0,0.0,0.03,0.0,1.0,-0.0003698657119945,-0.0003698657119945,0.0,0.0,0.0391632828129036,0.9608367171870964,0.0192167343437419,0.0,0.1,0.2,0.0,0.0,0,0,0.9608367171870964,0.9608367171870964,decision_level_baseline_vs_candidate_path_memory_gap_audit,outer_loop_spatial_flow_belief_safe_explore_exploit_memory_v2_2
light_cluster,spatial_flow_belief_memory_h10,10,final_heldout,9,r10_l7_full_domain_randomisation_arena_wide_training,r10_l7_full_domain_randomisation_arena_wide_training,r10_light_cluster_spatial_flow_belief_memory_h10_final_0009,6,inflight_boundary_near,boundary_near,energy_retaining_bank,primvar_energy_retaining_bank_transition_object_59f915f98b46,rejected_exploration_cross_family_without_memory_confidence,False,primvar_energy_retaining_bank_transition_object_59f915f98b46,primvar_lift_dwell_arc_transition_object_cd89af02a2de,1.8439061233443965e-07,1.6074461761661496e-08,0.03,0.0,1.0,-0.000219074598323,-0.000219074598323,0.0,16.074461761661496,0.0260488789392012,0.9739511210607988,0.0194790224212159,0.0,0.1,0.2,0.0,0.0,0,0,0.9739427052532672,0.9739427052532672,decision_level_baseline_vs_candidate_path_memory_gap_audit,outer_loop_spatial_flow_belief_safe_explore_exploit_memory_v2_2
light_cluster,spatial_flow_belief_memory_h10,10,final_heldout,9,r10_l7_full_domain_randomisation_arena_wide_training,r10_l7_full_domain_randomisation_arena_wide_training,r10_light_cluster_spatial_flow_belief_memory_h10_final_0009,7,inflight_boundary_near,boundary_near,energy_retaining_bank,primvar_energy_retaining_bank_transition_object_59f915f98b46,baseline_and_memory_winner_match,True,primvar_energy_retaining_bank_transition_object_59f915f98b46,primvar_energy_retaining_bank_transition_object_59f915f98b46,0.0,0.0,0.03,0.0,1.0,-0.0002806249695941,-0.0002806249695941,0.0,0.0,0.0418824571495068,0.9581175428504932,0.0191623508570098,0.0,0.1,0.2,0.0,0.0,0,0,0.9581175428504932,0.9581175428504932,decision_level_baseline_vs_candidate_path_memory_gap_audit,outer_loop_spatial_flow_belief_safe_explore_exploit_memory_v2_2
light_cluster,spatial_flow_belief_memory_h10,10,final_heldout,9,r10_l7_full_domain_randomisation_arena_wide_training,r10_l7_full_domain_randomisation_arena_wide_training,r10_light_cluster_spatial_flow_belief_memory_h10_final_0009,8,inflight_boundary_near,boundary_near,safe_exit_or_recovery_handoff,primvar_safe_exit_or_recovery_handoff_transition_object_6683ccb4c539,baseline_and_memory_winner_match,True,primvar_safe_exit_or_recovery_handoff_transition_object_6683ccb4c539,primvar_safe_exit_or_recovery_handoff_transition_object_6683ccb4c539,0.0,0.0,0.03,0.0,1.0,-0.0002042459350894,-0.0002042459350894,0.0,0.0,0.049095811939654,0.950904188060346,0.0190180837612069,0.0,0.1,0.2,0.0,0.0,0,0,0.950904188060346,0.950904188060346,decision_level_baseline_vs_candidate_path_memory_gap_audit,outer_loop_spatial_flow_belief_safe_explore_exploit_memory_v2_2
light_cluster,spatial_flow_belief_memory_h30,30,final_heldout,0,r10_l7_full_domain_randomisation_arena_wide_training,r10_l7_full_domain_randomisation_arena_wide_training,r10_light_cluster_spatial_flow_belief_memory_h30_final_0000,0,launch_gate,launch_gate,lift_dwell_arc,primvar_lift_dwell_arc_transition_object_6ae229f6947e,baseline_and_memory_winner_match,True,primvar_lift_dwell_arc_transition_object_6ae229f6947e,primvar_lift_dwell_arc_transition_object_6ae229f6947e,0.0,0.0,0.03,0.0,1.0,7.85276594483797e-06,7.85276594483797e-06,0.0,0.0,0.0044611883478015,0.702759265450266,0.0140551853090053,0.0,0.1,0.2,4.288291359817295e-11,5.8621871011398174e-08,7,3,0.9955388116521984,0.702759265450266,decision_level_baseline_vs_candidate_path_memory_gap_audit,outer_loop_spatial_flow_belief_safe_explore_exploit_memory_v2_2
light_cluster,spatial_flow_belief_memory_h30,30,final_heldout,0,r10_l7_full_domain_randomisation_arena_wide_training,r10_l7_full_domain_randomisation_arena_wide_training,r10_light_cluster_spatial_flow_belief_memory_h30_final_0000,1,inflight_boundary_near,boundary_near,lift_dwell_arc,primvar_lift_dwell_arc_transition_object_cd89af02a2de,baseline_and_memory_winner_match,True,primvar_lift_dwell_arc_transition_object_cd89af02a2de,primvar_lift_dwell_arc_transition_object_cd89af02a2de,0.0,0.0,0.03,0.0,1.0,5.5557464047284455e-05,5.5557464047284455e-05,0.0,0.0,0.0803578024794421,0.7039202844171706,0.0140784056883434,0.0,0.1,0.2,0.0,0.0,7,0,0.919642197520558,0.7039202844171706,decision_level_baseline_vs_candidate_path_memory_gap_audit,outer_loop_spatial_flow_belief_safe_explore_exploit_memory_v2_2
light_cluster,spatial_flow_belief_memory_h30,30,final_heldout,0,r10_l7_full_domain_randomisation_arena_wide_training,r10_l7_full_domain_randomisation_arena_wide_training,r10_light_cluster_spatial_flow_belief_memory_h30_final_0000,2,inflight_boundary_near,boundary_near,lift_dwell_arc,primvar_lift_dwell_arc_transition_object_cd89af02a2de,baseline_and_memory_winner_match,True,primvar_lift_dwell_arc_transition_object_cd89af02a2de,primvar_lift_dwell_arc_transition_object_cd89af02a2de,0.0,0.0,0.03,0.0,1.0,5.249211862001779e-05,5.249211862001779e-05,0.0,0.0,0.0702846459879225,0.782184545474878,0.0156436909094975,0.0,0.1,0.2,0.0,0.0,7,0,0.9297153540120776,0.782184545474878,decision_level_baseline_vs_candidate_path_memory_gap_audit,outer_loop_spatial_flow_belief_safe_explore_exploit_memory_v2_2
light_cluster,spatial_flow_belief_memory_h30,30,final_heldout,0,r10_l7_full_domain_randomisation_arena_wide_training,r10_l7_full_domain_randomisation_arena_wide_training,r10_light_cluster_spatial_flow_belief_memory_h30_final_0000,3,inflight_boundary_near,boundary_near,lift_dwell_arc,primvar_lift_dwell_arc_transition_object_cd89af02a2de,baseline_and_memory_winner_match,True,primvar_lift_dwell_arc_transition_object_cd89af02a2de,primvar_lift_dwell_arc_transition_object_cd89af02a2de,0.0,0.0,0.03,0.0,1.0,-5.2009346699133374e-05,-5.2009346699133374e-05,0.0,0.0,0.0454994260590696,0.9052805985900624,0.0181056119718012,0.0,0.1,0.2,0.0,0.0,0,0,0.9545005739409304,0.9052805985900624,decision_level_baseline_vs_candidate_path_memory_gap_audit,outer_loop_spatial_flow_belief_safe_explore_exploit_memory_v2_2
light_cluster,spatial_flow_belief_memory_h30,30,final_heldout,0,r10_l7_full_domain_randomisation_arena_wide_training,r10_l7_full_domain_randomisation_arena_wide_training,r10_light_cluster_spatial_flow_belief_memory_h30_final_0000,4,inflight_boundary_near,boundary_near,glide,primvar_glide_transition_object_da985aa75290,baseline_and_memory_winner_match,True,primvar_glide_transition_object_da985aa75290,primvar_glide_transition_object_da985aa75290,0.0,0.0,0.03,0.0,1.0,-7.761497632596814e-06,-7.761497632596814e-06,0.0,0.0,0.0348448627117782,0.9651551372882216,0.0193031027457644,0.0,0.1,0.2,0.0,0.0,0,0,0.9651551372882216,0.9651551372882216,decision_level_baseline_vs_candidate_path_memory_gap_audit,outer_loop_spatial_flow_belief_safe_explore_exploit_memory_v2_2
light_cluster,spatial_flow_belief_memory_h30,30,final_heldout,0,r10_l7_full_domain_randomisation_arena_wide_training,r10_l7_full_domain_randomisation_arena_wide_training,r10_light_cluster_spatial_flow_belief_memory_h30_final_0000,5,inflight_boundary_near,boundary_near,glide,primvar_glide_transition_object_da985aa75290,baseline_and_memory_winner_match,True,primvar_glide_transition_object_da985aa75290,primvar_glide_transition_object_da985aa75290,0.0,0.0,0.03,0.0,1.0,-1.7308634099100217e-05,-1.7308634099100217e-05,0.0,0.0,0.0356017336323928,0.9643982663676072,0.0192879653273521,0.0,0.1,0.2,0.0,0.0,0,0,0.9643982663676072,0.9643982663676072,decision_level_baseline_vs_candidate_path_memory_gap_audit,outer_loop_spatial_flow_belief_safe_explore_exploit_memory_v2_2
light_cluster,spatial_flow_belief_memory_h30,30,final_heldout,0,r10_l7_full_domain_randomisation_arena_wide_training,r10_l7_full_domain_randomisation_arena_wide_training,r10_light_cluster_spatial_flow_belief_memory_h30_final_0000,6,inflight_boundary_near,boundary_near,glide,primvar_glide_transition_object_da985aa75290,baseline_and_memory_winner_match,True,primvar_glide_transition_object_da985aa75290,primvar_glide_transition_object_da985aa75290,0.0,0.0,0.03,0.0,1.0,-2.346090908433851e-05,-2.346090908433851e-05,0.0,0.0,0.0293676148724891,0.9706323851275108,0.0194126477025502,0.0,0.1,0.2,0.0,0.0,0,0,0.9706323851275108,0.9706323851275108,decision_level_baseline_vs_candidate_path_memory_gap_audit,outer_loop_spatial_flow_belief_safe_explore_exploit_memory_v2_2
light_cluster,spatial_flow_belief_memory_h30,30,final_heldout,0,r10_l7_full_domain_randomisation_arena_wide_training,r10_l7_full_domain_randomisation_arena_wide_training,r10_light_cluster_spatial_flow_belief_memory_h30_final_0000,7,inflight_boundary_near,boundary_near,glide,primvar_glide_transition_object_da985aa75290,baseline_and_memory_winner_match,True,primvar_glide_transition_object_da985aa75290,primvar_glide_transition_object_da985aa75290,0.0,0.0,0.03,0.0,1.0,-4.837708870897295e-05,-4.837708870897295e-05,0.0,0.0,0.0414937025341691,0.9585062974658308,0.0191701259493166,0.0,0.1,0.2,0.0,0.0,0,0,0.9585062974658308,0.9585062974658308,decision_level_baseline_vs_candidate_path_memory_gap_audit,outer_loop_spatial_flow_belief_safe_explore_exploit_memory_v2_2
light_cluster,spatial_flow_belief_memory_h30,30,final_heldout,0,r10_l7_full_domain_randomisation_arena_wide_training,r10_l7_full_domain_randomisation_arena_wide_training,r10_light_cluster_spatial_flow_belief_memory_h30_final_0000,8,inflight_boundary_near,boundary_near,glide,primvar_glide_transition_object_da985aa75290,baseline_and_memory_winner_match,True,primvar_glide_transition_object_da985aa75290,primvar_glide_transition_object_da985aa75290,0.0,0.0,0.03,0.0,1.0,-9.278761874553788e-05,-9.278761874553788e-05,0.0,0.0,0.042309243364292,0.957690756635708,0.0191538151327141,0.0,0.1,0.2,0.0,0.0,0,0,0.957690756635708,0.957690756635708,decision_level_baseline_vs_candidate_path_memory_gap_audit,outer_loop_spatial_flow_belief_safe_explore_exploit_memory_v2_2
light_cluster,spatial_flow_belief_memory_h30,30,final_heldout,5,r10_l7_full_domain_randomisation_arena_wide_training,r10_l7_full_domain_randomisation_arena_wide_training,r10_light_cluster_spatial_flow_belief_memory_h30_final_0005,0,launch_gate,launch_gate,lift_dwell_arc,primvar_lift_dwell_arc_transition_object_0bb49fd72816,baseline_and_memory_winner_match,True,primvar_lift_dwell_arc_transition_object_0bb49fd72816,primvar_lift_dwell_arc_transition_object_0bb49fd72816,0.0,0.0,0.03,0.0,1.0,-9.423159895716182e-07,-9.423159895716182e-07,0.0,0.0,0.0014244778144471,0.7736347025314017,0.015472694050628,0.0,0.1,0.2,0.0,0.0,7,0,0.9985755221855528,0.7736347025314017,decision_level_baseline_vs_candidate_path_memory_gap_audit,outer_loop_spatial_flow_belief_safe_explore_exploit_memory_v2_2
light_cluster,spatial_flow_belief_memory_h30,30,final_heldout,5,r10_l7_full_domain_randomisation_arena_wide_training,r10_l7_full_domain_randomisation_arena_wide_training,r10_light_cluster_spatial_flow_belief_memory_h30_final_0005,1,inflight_boundary_near,boundary_near,lift_dwell_arc,primvar_lift_dwell_arc_transition_object_429425bf6b2c,baseline_and_memory_winner_match,True,primvar_lift_dwell_arc_transition_object_429425bf6b2c,primvar_lift_dwell_arc_transition_object_429425bf6b2c,0.0,0.0,0.03,0.0,1.0,0.0004205640629012,0.0004205640629012,0.0,0.0,0.0341490837995501,0.7822695899801294,0.0156453917996025,0.0,0.1,0.2,0.0,0.0,7,0,0.9658509162004498,0.7822695899801294,decision_level_baseline_vs_candidate_path_memory_gap_audit,outer_loop_spatial_flow_belief_safe_explore_exploit_memory_v2_2
light_cluster,spatial_flow_belief_memory_h30,30,final_heldout,5,r10_l7_full_domain_randomisation_arena_wide_training,r10_l7_full_domain_randomisation_arena_wide_training,r10_light_cluster_spatial_flow_belief_memory_h30_final_0005,2,inflight_boundary_near,boundary_near,lift_dwell_arc,primvar_lift_dwell_arc_transition_object_cd89af02a2de,baseline_and_memory_winner_match,True,primvar_lift_dwell_arc_transition_object_cd89af02a2de,primvar_lift_dwell_arc_transition_object_cd89af02a2de,0.0,0.0,0.03,0.0,1.0,0.000376616428394,0.000376616428394,0.0,0.0,0.0331108891161548,0.8297694720139595,0.0165953894402791,0.0,0.1,0.2,0.0,0.0,6,0,0.9668891108838452,0.8297694720139595,decision_level_baseline_vs_candidate_path_memory_gap_audit,outer_loop_spatial_flow_belief_safe_explore_exploit_memory_v2_2
light_cluster,spatial_flow_belief_memory_h30,30,final_heldout,5,r10_l7_full_domain_randomisation_arena_wide_training,r10_l7_full_domain_randomisation_arena_wide_training,r10_light_cluster_spatial_flow_belief_memory_h30_final_0005,3,inflight_boundary_near,boundary_near,lift_dwell_arc,primvar_lift_dwell_arc_transition_object_cd89af02a2de,baseline_and_memory_winner_match,True,primvar_lift_dwell_arc_transition_object_cd89af02a2de,primvar_lift_dwell_arc_transition_object_cd89af02a2de,0.0,0.0,0.03,0.0,1.0,0.000247424822461,0.000247424822461,0.0,0.0,0.0377140712059105,0.9389037329661132,0.0187780746593222,0.0,0.1,0.2,0.0,0.0,0,0,0.9622859287940896,0.9389037329661132,decision_level_baseline_vs_candidate_path_memory_gap_audit,outer_loop_spatial_flow_belief_safe_explore_exploit_memory_v2_2
light_cluster,spatial_flow_belief_memory_h30,30,final_heldout,5,r10_l7_full_domain_randomisation_arena_wide_training,r10_l7_full_domain_randomisation_arena_wide_training,r10_light_cluster_spatial_flow_belief_memory_h30_final_0005,4,inflight_boundary_near,boundary_near,energy_retaining_bank,primvar_energy_retaining_bank_transition_object_59f915f98b46,baseline_and_memory_winner_match,True,primvar_energy_retaining_bank_transition_object_59f915f98b46,primvar_energy_retaining_bank_transition_object_59f915f98b46,0.0,0.0,0.03,0.0,1.0,0.0001261388314202,0.0001261388314202,0.0,0.0,0.0460664058334813,0.9539335941665188,0.0190786718833303,0.0,0.1,0.2,0.0,0.0,0,0,0.9539335941665188,0.9539335941665188,decision_level_baseline_vs_candidate_path_memory_gap_audit,outer_loop_spatial_flow_belief_safe_explore_exploit_memory_v2_2
light_cluster,spatial_flow_belief_memory_h30,30,final_heldout,5,r10_l7_full_domain_randomisation_arena_wide_training,r10_l7_full_domain_randomisation_arena_wide_training,r10_light_cluster_spatial_flow_belief_memory_h30_final_0005,5,inflight_boundary_near,boundary_near,energy_retaining_bank,primvar_energy_retaining_bank_transition_object_59f915f98b46,baseline_and_memory_winner_match,True,primvar_energy_retaining_bank_transition_object_59f915f98b46,primvar_energy_retaining_bank_transition_object_59f915f98b46,0.0,0.0,0.03,0.0,1.0,2.3363193588199493e-05,2.3363193588199493e-05,0.0,0.0,0.0407945145407601,0.9592054854592398,0.0191841097091847,0.0,0.1,0.2,0.0,0.0,0,0,0.9592054854592398,0.9592054854592398,decision_level_baseline_vs_candidate_path_memory_gap_audit,outer_loop_spatial_flow_belief_safe_explore_exploit_memory_v2_2
light_cluster,spatial_flow_belief_memory_h30,30,final_heldout,5,r10_l7_full_domain_randomisation_arena_wide_training,r10_l7_full_domain_randomisation_arena_wide_training,r10_light_cluster_spatial_flow_belief_memory_h30_final_0005,6,inflight_boundary_near,boundary_near,energy_retaining_bank,primvar_energy_retaining_bank_transition_object_59f915f98b46,baseline_and_memory_winner_match,True,primvar_energy_retaining_bank_transition_object_59f915f98b46,primvar_energy_retaining_bank_transition_object_59f915f98b46,0.0,0.0,0.03,0.0,1.0,-2.660840026846856e-05,-2.660840026846856e-05,0.0,0.0,0.034418530461305,0.965581469538695,0.0193116293907739,0.0,0.1,0.2,0.0,0.0,0,0,0.965581469538695,0.965581469538695,decision_level_baseline_vs_candidate_path_memory_gap_audit,outer_loop_spatial_flow_belief_safe_explore_exploit_memory_v2_2
light_cluster,spatial_flow_belief_memory_h30,30,final_heldout,5,r10_l7_full_domain_randomisation_arena_wide_training,r10_l7_full_domain_randomisation_arena_wide_training,r10_light_cluster_spatial_flow_belief_memory_h30_final_0005,7,inflight_boundary_near,boundary_near,energy_retaining_bank,primvar_energy_retaining_bank_transition_object_59f915f98b46,baseline_and_memory_winner_match,True,primvar_energy_retaining_bank_transition_object_59f915f98b46,primvar_energy_retaining_bank_transition_object_59f915f98b46,0.0,0.0,0.03,0.0,1.0,-2.8186076778347054e-05,-2.8186076778347054e-05,0.0,0.0,0.0344172417871854,0.9655827582128144,0.0193116551642562,0.0,0.1,0.2,0.0,0.0,0,0,0.9655827582128144,0.9655827582128144,decision_level_baseline_vs_candidate_path_memory_gap_audit,outer_loop_spatial_flow_belief_safe_explore_exploit_memory_v2_2
light_cluster,spatial_flow_belief_memory_h30,30,final_heldout,5,r10_l7_full_domain_randomisation_arena_wide_training,r10_l7_full_domain_randomisation_arena_wide_training,r10_light_cluster_spatial_flow_belief_memory_h30_final_0005,8,inflight_boundary_near,boundary_near,glide,primvar_glide_transition_object_da985aa75290,baseline_and_memory_winner_match,True,primvar_glide_transition_object_da985aa75290,primvar_glide_transition_object_da985aa75290,0.0,0.0,0.03,0.0,1.0,-2.5748626050425827e-05,-2.5748626050425827e-05,0.0,0.0,0.0288616011547638,0.971138398845236,0.0194227679769047,0.0,0.1,0.2,0.0,0.0,0,0,0.971138398845236,0.971138398845236,decision_level_baseline_vs_candidate_path_memory_gap_audit,outer_loop_spatial_flow_belief_safe_explore_exploit_memory_v2_2
light_cluster,spatial_flow_belief_memory_h30,30,final_heldout,1,r10_l7_full_domain_randomisation_arena_wide_training,r10_l7_full_domain_randomisation_arena_wide_training,r10_light_cluster_spatial_flow_belief_memory_h30_final_0001,0,launch_gate,launch_gate,glide,primvar_glide_transition_object_ad817af95d9e,baseline_and_memory_winner_match,True,primvar_glide_transition_object_ad817af95d9e,primvar_glide_transition_object_ad817af95d9e,0.0,0.0,0.03,0.0,1.0,3.3351592293007215e-05,3.3351592293007215e-05,0.0,0.0,0.031838974263828,0.57290069128633,0.0114580138257266,0.0,0.1,0.2,0.0,0.0,7,0,0.968161025736172,0.57290069128633,decision_level_baseline_vs_candidate_path_memory_gap_audit,outer_loop_spatial_flow_belief_safe_explore_exploit_memory_v2_2
light_cluster,spatial_flow_belief_memory_h30,30,final_heldout,1,r10_l7_full_domain_randomisation_arena_wide_training,r10_l7_full_domain_randomisation_arena_wide_training,r10_light_cluster_spatial_flow_belief_memory_h30_final_0001,1,inflight_nominal,inflight_stable,lift_entry,primvar_lift_entry_transition_object_a65393bbc7f9,baseline_and_memory_winner_match,True,primvar_lift_entry_transition_object_a65393bbc7f9,primvar_lift_entry_transition_object_a65393bbc7f9,0.0,0.0,0.03,0.0,1.0,9.195411042073331e-05,9.195411042073331e-05,0.0,0.0,0.0801087801177986,0.5403359563219937,0.0108067191264398,0.0,0.1,0.2,0.0,0.0,7,0,0.9198912198822012,0.5403359563219937,decision_level_baseline_vs_candidate_path_memory_gap_audit,outer_loop_spatial_flow_belief_safe_explore_exploit_memory_v2_2
light_cluster,spatial_flow_belief_memory_h30,30,final_heldout,1,r10_l7_full_domain_randomisation_arena_wide_training,r10_l7_full_domain_randomisation_arena_wide_training,r10_light_cluster_spatial_flow_belief_memory_h30_final_0001,2,inflight_nominal,inflight_stable,lift_entry,primvar_lift_entry_transition_object_a65393bbc7f9,baseline_and_memory_winner_match,True,primvar_lift_entry_transition_object_a65393bbc7f9,primvar_lift_entry_transition_object_a65393bbc7f9,0.0,0.0,0.03,0.0,1.0,-4.682853570248113e-06,-4.682853570248113e-06,0.0,0.0,0.0800000000001158,0.5726048231259773,0.0114520964625195,0.0,0.1,0.2,0.0,0.0,7,0,0.919999999999884,0.5726048231259773,decision_level_baseline_vs_candidate_path_memory_gap_audit,outer_loop_spatial_flow_belief_safe_explore_exploit_memory_v2_2
light_cluster,spatial_flow_belief_memory_h30,30,final_heldout,1,r10_l7_full_domain_randomisation_arena_wide_training,r10_l7_full_domain_randomisation_arena_wide_training,r10_light_cluster_spatial_flow_belief_memory_h30_final_0001,3,inflight_nominal,inflight_stable,lift_entry,primvar_lift_entry_transition_object_a65393bbc7f9,baseline_and_memory_winner_match,True,primvar_lift_entry_transition_object_a65393bbc7f9,primvar_lift_entry_transition_object_a65393bbc7f9,0.0,0.0,0.03,0.0,1.0,-4.454315978197343e-05,-4.454315978197343e-05,0.0,0.0,0.0800000000001199,0.613755413988826,0.0122751082797765,0.0,0.1,0.2,0.0,0.0,7,0,0.91999999999988,0.613755413988826,decision_level_baseline_vs_candidate_path_memory_gap_audit,outer_loop_spatial_flow_belief_safe_explore_exploit_memory_v2_2
light_cluster,spatial_flow_belief_memory_h30,30,final_heldout,1,r10_l7_full_domain_randomisation_arena_wide_training,r10_l7_full_domain_randomisation_arena_wide_training,r10_light_cluster_spatial_flow_belief_memory_h30_final_0001,4,inflight_nominal,inflight_stable,recovery,primvar_recovery_transition_object_a9d2daacfd0f,baseline_and_memory_winner_match,True,primvar_recovery_transition_object_a9d2daacfd0f,primvar_recovery_transition_object_a9d2daacfd0f,0.0,0.0,0.03,0.0,1.0,-0.0001149063449759,-0.0001149063449759,0.0,0.0,0.035903404582882,0.7453386931238859,0.0149067738624777,0.0,0.1,0.2,0.0,0.0,7,0,0.964096595417118,0.7453386931238859,decision_level_baseline_vs_candidate_path_memory_gap_audit,outer_loop_spatial_flow_belief_safe_explore_exploit_memory_v2_2
light_cluster,spatial_flow_belief_memory_h30,30,final_heldout,1,r10_l7_full_domain_randomisation_arena_wide_training,r10_l7_full_domain_randomisation_arena_wide_training,r10_light_cluster_spatial_flow_belief_memory_h30_final_0001,5,inflight_nominal,inflight_stable,recovery,primvar_recovery_transition_object_a9d2daacfd0f,baseline_and_memory_winner_match,True,primvar_recovery_transition_object_a9d2daacfd0f,primvar_recovery_transition_object_a9d2daacfd0f,0.0,0.0,0.03,0.0,1.0,-0.0001144820316125,-0.0001144820316125,0.0,0.0,0.0309998966858531,0.8278601650757575,0.0165572033015151,0.0,0.1,0.2,0.0,0.0,4,0,0.9690001033141468,0.8278601650757575,decision_level_baseline_vs_candidate_path_memory_gap_audit,outer_loop_spatial_flow_belief_safe_explore_exploit_memory_v2_2
light_cluster,spatial_flow_belief_memory_h30,30,final_heldout,1,r10_l7_full_domain_randomisation_arena_wide_training,r10_l7_full_domain_randomisation_arena_wide_training,r10_light_cluster_spatial_flow_belief_memory_h30_final_0001,6,inflight_nominal,inflight_stable,recovery,primvar_recovery_transition_object_a9d2daacfd0f,baseline_and_memory_winner_match,True,primvar_recovery_transition_object_a9d2daacfd0f,primvar_recovery_transition_object_a9d2daacfd0f,0.0,0.0,0.03,0.0,1.0,-0.000125299840791,-0.000125299840791,0.0,0.0,0.0335722429410691,0.9326996984442816,0.0186539939688856,0.0,0.1,0.2,0.0,0.0,0,0,0.9664277570589308,0.9326996984442816,decision_level_baseline_vs_candidate_path_memory_gap_audit,outer_loop_spatial_flow_belief_safe_explore_exploit_memory_v2_2
light_cluster,spatial_flow_belief_memory_h30,30,final_heldout,1,r10_l7_full_domain_randomisation_arena_wide_training,r10_l7_full_domain_randomisation_arena_wide_training,r10_light_cluster_spatial_flow_belief_memory_h30_final_0001,7,inflight_boundary_near,boundary_near,energy_retaining_bank,primvar_energy_retaining_bank_transition_object_f378f7a74cce,baseline_and_memory_winner_match,True,primvar_energy_retaining_bank_transition_object_f378f7a74cce,primvar_energy_retaining_bank_transition_object_f378f7a74cce,0.0,0.0,0.03,0.0,1.0,-0.0001015637773409,-0.0001015637773409,0.0,0.0,0.03183642399387,0.96816357600613,0.0193632715201226,0.0,0.1,0.2,0.0,0.0,0,0,0.96816357600613,0.96816357600613,decision_level_baseline_vs_candidate_path_memory_gap_audit,outer_loop_spatial_flow_belief_safe_explore_exploit_memory_v2_2
light_cluster,spatial_flow_belief_memory_h30,30,final_heldout,1,r10_l7_full_domain_randomisation_arena_wide_training,r10_l7_full_domain_randomisation_arena_wide_training,r10_light_cluster_spatial_flow_belief_memory_h30_final_0001,8,inflight_boundary_near,boundary_near,mild_turn_right,primvar_mild_turn_right_transition_object_79dc6a9b8274,baseline_and_memory_winner_match,True,primvar_mild_turn_right_transition_object_79dc6a9b8274,primvar_mild_turn_right_transition_object_79dc6a9b8274,0.0,0.0,0.03,0.0,1.0,-2.567898747396491e-05,-2.567898747396491e-05,0.0,0.0,0.0338537383564629,0.9661462616435372,0.0193229252328707,0.0,0.1,0.2,0.0,0.0,0,0,0.9661462616435372,0.9661462616435372,decision_level_baseline_vs_candidate_path_memory_gap_audit,outer_loop_spatial_flow_belief_safe_explore_exploit_memory_v2_2
light_cluster,spatial_flow_belief_memory_h30,30,final_heldout,1,r10_l7_full_domain_randomisation_arena_wide_training,r10_l7_full_domain_randomisation_arena_wide_training,r10_light_cluster_spatial_flow_belief_memory_h30_final_0001,9,inflight_boundary_near,boundary_near,mild_turn_right,primvar_mild_turn_right_transition_object_79dc6a9b8274,baseline_and_memory_winner_match,True,primvar_mild_turn_right_transition_object_79dc6a9b8274,primvar_mild_turn_right_transition_object_79dc6a9b8274,0.0,0.0,0.03,0.0,1.0,3.1775480195062045e-05,3.1775480195062045e-05,0.0,0.0,0.0325770549549202,0.9674229450450798,0.0193484589009015,0.0,0.1,0.2,0.0,0.0,0,0,0.9674229450450798,0.9674229450450798,decision_level_baseline_vs_candidate_path_memory_gap_audit,outer_loop_spatial_flow_belief_safe_explore_exploit_memory_v2_2
light_cluster,spatial_flow_belief_memory_h30,30,final_heldout,1,r10_l7_full_domain_randomisation_arena_wide_training,r10_l7_full_domain_randomisation_arena_wide_training,r10_light_cluster_spatial_flow_belief_memory_h30_final_0001,10,inflight_boundary_near,boundary_near,lift_dwell_arc,primvar_lift_dwell_arc_transition_object_3d4acb04abc7,baseline_and_memory_winner_match,True,primvar_lift_dwell_arc_transition_object_3d4acb04abc7,primvar_lift_dwell_arc_transition_object_3d4acb04abc7,0.0,0.0,0.03,0.0,1.0,0.0001571353247464,0.0001571353247464,0.0,0.0,0.0373654208670284,0.9626345791329716,0.0192526915826594,0.0,0.1,0.2,0.0,0.0,0,0,0.9626345791329716,0.9626345791329716,decision_level_baseline_vs_candidate_path_memory_gap_audit,outer_loop_spatial_flow_belief_safe_explore_exploit_memory_v2_2
light_cluster,spatial_flow_belief_memory_h30,30,final_heldout,1,r10_l7_full_domain_randomisation_arena_wide_training,r10_l7_full_domain_randomisation_arena_wide_training,r10_light_cluster_spatial_flow_belief_memory_h30_final_0001,11,inflight_boundary_near,boundary_near,lift_dwell_arc,primvar_lift_dwell_arc_transition_object_3d4acb04abc7,baseline_and_memory_winner_match,True,primvar_lift_dwell_arc_transition_object_3d4acb04abc7,primvar_lift_dwell_arc_transition_object_3d4acb04abc7,0.0,0.0,0.03,0.0,1.0,0.0001633757872583,0.0001633757872583,0.0,0.0,0.0337204597135118,0.966279540286488,0.0193255908057297,0.0,0.1,0.2,0.0,0.0,0,0,0.966279540286488,0.966279540286488,decision_level_baseline_vs_candidate_path_memory_gap_audit,outer_loop_spatial_flow_belief_safe_explore_exploit_memory_v2_2
super_light_cluster,no_memory_baseline,0,final_heldout,0,r10_l7_full_domain_randomisation_arena_wide_training,r10_l7_full_domain_randomisation_arena_wide_training,r10_super_light_cluster_no_memory_baseline_final_0000,0,launch_gate,launch_gate,lift_dwell_arc,primvar_lift_dwell_arc_transition_object_6ae229f6947e,not_active_no_candidate_path_memory,True,primvar_lift_dwell_arc_transition_object_6ae229f6947e,primvar_lift_dwell_arc_transition_object_6ae229f6947e,0.0,0.0,0.03,0.0,0.0,0.0,0.0,0.0,0.0,0.0,0.7059084560289167,0.0,0.0,0.1,0.2,0.0,0.0,0,0,1.0,0.7059084560289167,decision_level_baseline_vs_candidate_path_memory_gap_audit,outer_loop_spatial_flow_belief_safe_explore_exploit_memory_v2_2
super_light_cluster,no_memory_baseline,0,final_heldout,0,r10_l7_full_domain_randomisation_arena_wide_training,r10_l7_full_domain_randomisation_arena_wide_training,r10_super_light_cluster_no_memory_baseline_final_0000,1,inflight_boundary_near,boundary_near,lift_dwell_arc,primvar_lift_dwell_arc_transition_object_cd89af02a2de,not_active_no_candidate_path_memory,True,primvar_lift_dwell_arc_transition_object_cd89af02a2de,primvar_lift_dwell_arc_transition_object_cd89af02a2de,0.0,0.0,0.03,0.0,0.0,0.0,0.0,0.0,0.0,0.0,0.7654284310952739,0.0,0.0,0.1,0.2,0.0,0.0,0,0,1.0,0.7654284310952739,decision_level_baseline_vs_candidate_path_memory_gap_audit,outer_loop_spatial_flow_belief_safe_explore_exploit_memory_v2_2
super_light_cluster,no_memory_baseline,0,final_heldout,0,r10_l7_full_domain_randomisation_arena_wide_training,r10_l7_full_domain_randomisation_arena_wide_training,r10_super_light_cluster_no_memory_baseline_final_0000,2,inflight_boundary_near,boundary_near,lift_dwell_arc,primvar_lift_dwell_arc_transition_object_cd89af02a2de,not_active_no_candidate_path_memory,True,primvar_lift_dwell_arc_transition_object_cd89af02a2de,primvar_lift_dwell_arc_transition_object_cd89af02a2de,0.0,0.0,0.03,0.0,0.0,0.0,0.0,0.0,0.0,0.0,0.8413161534866047,0.0,0.0,0.1,0.2,0.0,0.0,0,0,1.0,0.8413161534866047,decision_level_baseline_vs_candidate_path_memory_gap_audit,outer_loop_spatial_flow_belief_safe_explore_exploit_memory_v2_2
super_light_cluster,no_memory_baseline,0,final_heldout,0,r10_l7_full_domain_randomisation_arena_wide_training,r10_l7_full_domain_randomisation_arena_wide_training,r10_super_light_cluster_no_memory_baseline_final_0000,3,inflight_boundary_near,boundary_near,lift_dwell_arc,primvar_lift_dwell_arc_transition_object_cd89af02a2de,not_active_no_candidate_path_memory,True,primvar_lift_dwell_arc_transition_object_cd89af02a2de,primvar_lift_dwell_arc_transition_object_cd89af02a2de,0.0,0.0,0.03,0.0,0.0,0.0,0.0,0.0,0.0,0.0,0.9484337917706542,0.0,0.0,0.1,0.2,0.0,0.0,0,0,1.0,0.9484337917706542,decision_level_baseline_vs_candidate_path_memory_gap_audit,outer_loop_spatial_flow_belief_safe_explore_exploit_memory_v2_2
super_light_cluster,no_memory_baseline,0,final_heldout,0,r10_l7_full_domain_randomisation_arena_wide_training,r10_l7_full_domain_randomisation_arena_wide_training,r10_super_light_cluster_no_memory_baseline_final_0000,4,inflight_boundary_near,boundary_near,energy_retaining_bank,primvar_energy_retaining_bank_transition_object_705bc67a6dc1,not_active_no_candidate_path_memory,True,primvar_energy_retaining_bank_transition_object_705bc67a6dc1,primvar_energy_retaining_bank_transition_object_705bc67a6dc1,0.0,0.0,0.03,0.0,0.0,0.0,0.0,0.0,0.0,0.0,1.0,0.0,0.0,0.1,0.2,0.0,0.0,0,0,1.0,1.0,decision_level_baseline_vs_candidate_path_memory_gap_audit,outer_loop_spatial_flow_belief_safe_explore_exploit_memory_v2_2
super_light_cluster,no_memory_baseline,0,final_heldout,0,r10_l7_full_domain_randomisation_arena_wide_training,r10_l7_full_domain_randomisation_arena_wide_training,r10_super_light_cluster_no_memory_baseline_final_0000,5,inflight_boundary_near,boundary_near,energy_retaining_bank,primvar_energy_retaining_bank_transition_object_705bc67a6dc1,not_active_no_candidate_path_memory,True,primvar_energy_retaining_bank_transition_object_705bc67a6dc1,primvar_energy_retaining_bank_transition_object_705bc67a6dc1,0.0,0.0,0.03,0.0,0.0,0.0,0.0,0.0,0.0,0.0,1.0,0.0,0.0,0.1,0.2,0.0,0.0,0,0,1.0,1.0,decision_level_baseline_vs_candidate_path_memory_gap_audit,outer_loop_spatial_flow_belief_safe_explore_exploit_memory_v2_2
super_light_cluster,no_memory_baseline,0,final_heldout,0,r10_l7_full_domain_randomisation_arena_wide_training,r10_l7_full_domain_randomisation_arena_wide_training,r10_super_light_cluster_no_memory_baseline_final_0000,6,inflight_boundary_near,boundary_near,energy_retaining_bank,primvar_energy_retaining_bank_transition_object_705bc67a6dc1,not_active_no_candidate_path_memory,True,primvar_energy_retaining_bank_transition_object_705bc67a6dc1,primvar_energy_retaining_bank_transition_object_705bc67a6dc1,0.0,0.0,0.03,0.0,0.0,0.0,0.0,0.0,0.0,0.0,1.0,0.0,0.0,0.1,0.2,0.0,0.0,0,0,1.0,1.0,decision_level_baseline_vs_candidate_path_memory_gap_audit,outer_loop_spatial_flow_belief_safe_explore_exploit_memory_v2_2
super_light_cluster,no_memory_baseline,0,final_heldout,0,r10_l7_full_domain_randomisation_arena_wide_training,r10_l7_full_domain_randomisation_arena_wide_training,r10_super_light_cluster_no_memory_baseline_final_0000,7,inflight_boundary_near,boundary_near,energy_retaining_bank,primvar_energy_retaining_bank_transition_object_705bc67a6dc1,not_active_no_candidate_path_memory,True,primvar_energy_retaining_bank_transition_object_705bc67a6dc1,primvar_energy_retaining_bank_transition_object_705bc67a6dc1,0.0,0.0,0.03,0.0,0.0,0.0,0.0,0.0,0.0,0.0,1.0,0.0,0.0,0.1,0.2,0.0,0.0,0,0,1.0,1.0,decision_level_baseline_vs_candidate_path_memory_gap_audit,outer_loop_spatial_flow_belief_safe_explore_exploit_memory_v2_2
super_light_cluster,no_memory_baseline,0,final_heldout,0,r10_l7_full_domain_randomisation_arena_wide_training,r10_l7_full_domain_randomisation_arena_wide_training,r10_super_light_cluster_no_memory_baseline_final_0000,8,inflight_boundary_near,boundary_near,energy_retaining_bank,primvar_energy_retaining_bank_transition_object_59f915f98b46,not_active_no_candidate_path_memory,True,primvar_energy_retaining_bank_transition_object_59f915f98b46,primvar_energy_retaining_bank_transition_object_59f915f98b46,0.0,0.0,0.03,0.0,0.0,0.0,0.0,0.0,0.0,0.0,1.0,0.0,0.0,0.1,0.2,0.0,0.0,0,0,1.0,1.0,decision_level_baseline_vs_candidate_path_memory_gap_audit,outer_loop_spatial_flow_belief_safe_explore_exploit_memory_v2_2
super_light_cluster,no_memory_baseline,0,final_heldout,1,r10_l7_full_domain_randomisation_arena_wide_training,r10_l7_full_domain_randomisation_arena_wide_training,r10_super_light_cluster_no_memory_baseline_final_0001,0,launch_gate,launch_gate,mild_turn_left,primvar_mild_turn_left_transition_object_dab2e653a49b,not_active_no_candidate_path_memory,True,primvar_mild_turn_left_transition_object_dab2e653a49b,primvar_mild_turn_left_transition_object_dab2e653a49b,0.0,0.0,0.03,0.0,0.0,0.0,0.0,0.0,0.0,0.0,0.5971880228933993,0.0,0.0,0.1,0.2,0.0,0.0,0,0,1.0,0.5971880228933993,decision_level_baseline_vs_candidate_path_memory_gap_audit,outer_loop_spatial_flow_belief_safe_explore_exploit_memory_v2_2
super_light_cluster,no_memory_baseline,0,final_heldout,1,r10_l7_full_domain_randomisation_arena_wide_training,r10_l7_full_domain_randomisation_arena_wide_training,r10_super_light_cluster_no_memory_baseline_final_0001,1,inflight_nominal,inflight_stable,lift_entry,primvar_lift_entry_transition_object_a65393bbc7f9,not_active_no_candidate_path_memory,True,primvar_lift_entry_transition_object_a65393bbc7f9,primvar_lift_entry_transition_object_a65393bbc7f9,0.0,0.0,0.03,0.0,0.0,0.0,0.0,0.0,0.0,0.0,0.5873911443476845,0.0,0.0,0.1,0.2,0.0,0.0,0,0,1.0,0.5873911443476845,decision_level_baseline_vs_candidate_path_memory_gap_audit,outer_loop_spatial_flow_belief_safe_explore_exploit_memory_v2_2
super_light_cluster,no_memory_baseline,0,final_heldout,1,r10_l7_full_domain_randomisation_arena_wide_training,r10_l7_full_domain_randomisation_arena_wide_training,r10_super_light_cluster_no_memory_baseline_final_0001,2,inflight_recovery_edge,recoverable_degraded,safe_exit_or_recovery_handoff,primvar_safe_exit_or_recovery_handoff_transition_object_eb5ec1f84c14,not_active_no_candidate_path_memory,True,primvar_safe_exit_or_recovery_handoff_transition_object_eb5ec1f84c14,primvar_safe_exit_or_recovery_handoff_transition_object_eb5ec1f84c14,0.0,0.0,0.03,0.0,0.0,0.0,0.0,0.0,0.0,0.0,0.6173964888053349,0.0,0.0,0.1,0.2,0.0,0.0,0,0,1.0,0.6173964888053349,decision_level_baseline_vs_candidate_path_memory_gap_audit,outer_loop_spatial_flow_belief_safe_explore_exploit_memory_v2_2
super_light_cluster,no_memory_baseline,0,final_heldout,1,r10_l7_full_domain_randomisation_arena_wide_training,r10_l7_full_domain_randomisation_arena_wide_training,r10_super_light_cluster_no_memory_baseline_final_0001,3,inflight_nominal,inflight_stable,lift_entry,primvar_lift_entry_transition_object_a65393bbc7f9,not_active_no_candidate_path_memory,True,primvar_lift_entry_transition_object_a65393bbc7f9,primvar_lift_entry_transition_object_a65393bbc7f9,0.0,0.0,0.03,0.0,0.0,0.0,0.0,0.0,0.0,0.0,0.6659179540300183,0.0,0.0,0.1,0.2,0.0,0.0,0,0,1.0,0.6659179540300183,decision_level_baseline_vs_candidate_path_memory_gap_audit,outer_loop_spatial_flow_belief_safe_explore_exploit_memory_v2_2
super_light_cluster,no_memory_baseline,0,final_heldout,1,r10_l7_full_domain_randomisation_arena_wide_training,r10_l7_full_domain_randomisation_arena_wide_training,r10_super_light_cluster_no_memory_baseline_final_0001,4,inflight_recovery_edge,recoverable_degraded,safe_exit_or_recovery_handoff,primvar_safe_exit_or_recovery_handoff_transition_object_89fe6c2843f5,not_active_no_candidate_path_memory,True,primvar_safe_exit_or_recovery_handoff_transition_object_89fe6c2843f5,primvar_safe_exit_or_recovery_handoff_transition_object_89fe6c2843f5,0.0,0.0,0.03,0.0,0.0,0.0,0.0,0.0,0.0,0.0,0.771234855134279,0.0,0.0,0.1,0.2,0.0,0.0,0,0,1.0,0.771234855134279,decision_level_baseline_vs_candidate_path_memory_gap_audit,outer_loop_spatial_flow_belief_safe_explore_exploit_memory_v2_2
super_light_cluster,no_memory_baseline,0,final_heldout,1,r10_l7_full_domain_randomisation_arena_wide_training,r10_l7_full_domain_randomisation_arena_wide_training,r10_super_light_cluster_no_memory_baseline_final_0001,5,inflight_recovery_edge,recoverable_degraded,safe_exit_or_recovery_handoff,primvar_safe_exit_or_recovery_handoff_transition_object_89fe6c2843f5,not_active_no_candidate_path_memory,True,primvar_safe_exit_or_recovery_handoff_transition_object_89fe6c2843f5,primvar_safe_exit_or_recovery_handoff_transition_object_89fe6c2843f5,0.0,0.0,0.03,0.0,0.0,0.0,0.0,0.0,0.0,0.0,0.8524762761369371,0.0,0.0,0.1,0.2,0.0,0.0,0,0,1.0,0.8524762761369371,decision_level_baseline_vs_candidate_path_memory_gap_audit,outer_loop_spatial_flow_belief_safe_explore_exploit_memory_v2_2
super_light_cluster,no_memory_baseline,0,final_heldout,1,r10_l7_full_domain_randomisation_arena_wide_training,r10_l7_full_domain_randomisation_arena_wide_training,r10_super_light_cluster_no_memory_baseline_final_0001,6,inflight_recovery_edge,recoverable_degraded,safe_exit_or_recovery_handoff,primvar_safe_exit_or_recovery_handoff_transition_object_89fe6c2843f5,not_active_no_candidate_path_memory,True,primvar_safe_exit_or_recovery_handoff_transition_object_89fe6c2843f5,primvar_safe_exit_or_recovery_handoff_transition_object_89fe6c2843f5,0.0,0.0,0.03,0.0,0.0,0.0,0.0,0.0,0.0,0.0,0.9625225211218498,0.0,0.0,0.1,0.2,0.0,0.0,0,0,1.0,0.9625225211218498,decision_level_baseline_vs_candidate_path_memory_gap_audit,outer_loop_spatial_flow_belief_safe_explore_exploit_memory_v2_2
super_light_cluster,no_memory_baseline,0,final_heldout,1,r10_l7_full_domain_randomisation_arena_wide_training,r10_l7_full_domain_randomisation_arena_wide_training,r10_super_light_cluster_no_memory_baseline_final_0001,7,inflight_boundary_near,boundary_near,energy_retaining_bank,primvar_energy_retaining_bank_transition_object_f378f7a74cce,not_active_no_candidate_path_memory,True,primvar_energy_retaining_bank_transition_object_f378f7a74cce,primvar_energy_retaining_bank_transition_object_f378f7a74cce,0.0,0.0,0.03,0.0,0.0,0.0,0.0,0.0,0.0,0.0,1.0,0.0,0.0,0.1,0.2,0.0,0.0,0,0,1.0,1.0,decision_level_baseline_vs_candidate_path_memory_gap_audit,outer_loop_spatial_flow_belief_safe_explore_exploit_memory_v2_2
super_light_cluster,no_memory_baseline,0,final_heldout,1,r10_l7_full_domain_randomisation_arena_wide_training,r10_l7_full_domain_randomisation_arena_wide_training,r10_super_light_cluster_no_memory_baseline_final_0001,8,inflight_boundary_near,boundary_near,mild_turn_left,primvar_mild_turn_left_transition_object_dce8f75ea53c,not_active_no_candidate_path_memory,True,primvar_mild_turn_left_transition_object_dce8f75ea53c,primvar_mild_turn_left_transition_object_dce8f75ea53c,0.0,0.0,0.03,0.0,0.0,0.0,0.0,0.0,0.0,0.0,1.0,0.0,0.0,0.1,0.2,0.0,0.0,0,0,1.0,1.0,decision_level_baseline_vs_candidate_path_memory_gap_audit,outer_loop_spatial_flow_belief_safe_explore_exploit_memory_v2_2
super_light_cluster,no_memory_baseline,0,final_heldout,1,r10_l7_full_domain_randomisation_arena_wide_training,r10_l7_full_domain_randomisation_arena_wide_training,r10_super_light_cluster_no_memory_baseline_final_0001,9,inflight_boundary_near,boundary_near,mild_turn_left,primvar_mild_turn_left_transition_object_dce8f75ea53c,not_active_no_candidate_path_memory,True,primvar_mild_turn_left_transition_object_dce8f75ea53c,primvar_mild_turn_left_transition_object_dce8f75ea53c,0.0,0.0,0.03,0.0,0.0,0.0,0.0,0.0,0.0,0.0,1.0,0.0,0.0,0.1,0.2,0.0,0.0,0,0,1.0,1.0,decision_level_baseline_vs_candidate_path_memory_gap_audit,outer_loop_spatial_flow_belief_safe_explore_exploit_memory_v2_2
super_light_cluster,no_memory_baseline,0,final_heldout,1,r10_l7_full_domain_randomisation_arena_wide_training,r10_l7_full_domain_randomisation_arena_wide_training,r10_super_light_cluster_no_memory_baseline_final_0001,10,inflight_boundary_near,boundary_near,mild_turn_left,primvar_mild_turn_left_transition_object_dce8f75ea53c,not_active_no_candidate_path_memory,True,primvar_mild_turn_left_transition_object_dce8f75ea53c,primvar_mild_turn_left_transition_object_dce8f75ea53c,0.0,0.0,0.03,0.0,0.0,0.0,0.0,0.0,0.0,0.0,1.0,0.0,0.0,0.1,0.2,0.0,0.0,0,0,1.0,1.0,decision_level_baseline_vs_candidate_path_memory_gap_audit,outer_loop_spatial_flow_belief_safe_explore_exploit_memory_v2_2
super_light_cluster,no_memory_baseline,0,final_heldout,1,r10_l7_full_domain_randomisation_arena_wide_training,r10_l7_full_domain_randomisation_arena_wide_training,r10_super_light_cluster_no_memory_baseline_final_0001,11,inflight_boundary_near,boundary_near,mild_turn_left,primvar_mild_turn_left_transition_object_dce8f75ea53c,not_active_no_candidate_path_memory,True,primvar_mild_turn_left_transition_object_dce8f75ea53c,primvar_mild_turn_left_transition_object_dce8f75ea53c,0.0,0.0,0.03,0.0,0.0,0.0,0.0,0.0,0.0,0.0,1.0,0.0,0.0,0.1,0.2,0.0,0.0,0,0,1.0,1.0,decision_level_baseline_vs_candidate_path_memory_gap_audit,outer_loop_spatial_flow_belief_safe_explore_exploit_memory_v2_2
super_light_cluster,no_memory_baseline,0,final_heldout,2,r10_l7_full_domain_randomisation_arena_wide_training,r10_l7_full_domain_randomisation_arena_wide_training,r10_super_light_cluster_no_memory_baseline_final_0002,0,launch_gate,launch_gate,mild_turn_left,primvar_mild_turn_left_transition_object_c5942d118f74,not_active_no_candidate_path_memory,True,primvar_mild_turn_left_transition_object_c5942d118f74,primvar_mild_turn_left_transition_object_c5942d118f74,0.0,0.0,0.03,0.0,0.0,0.0,0.0,0.0,0.0,0.0,0.6274905671197689,0.0,0.0,0.1,0.2,0.0,0.0,0,0,1.0,0.6274905671197689,decision_level_baseline_vs_candidate_path_memory_gap_audit,outer_loop_spatial_flow_belief_safe_explore_exploit_memory_v2_2
super_light_cluster,no_memory_baseline,0,final_heldout,2,r10_l7_full_domain_randomisation_arena_wide_training,r10_l7_full_domain_randomisation_arena_wide_training,r10_super_light_cluster_no_memory_baseline_final_0002,1,inflight_nominal,inflight_stable,mild_turn_left,primvar_mild_turn_left_transition_object_c0027154e9bd,not_active_no_candidate_path_memory,True,primvar_mild_turn_left_transition_object_c0027154e9bd,primvar_mild_turn_left_transition_object_c0027154e9bd,0.0,0.0,0.03,0.0,0.0,0.0,0.0,0.0,0.0,0.0,0.6696940102215148,0.0,0.0,0.1,0.2,0.0,0.0,0,0,1.0,0.6696940102215148,decision_level_baseline_vs_candidate_path_memory_gap_audit,outer_loop_spatial_flow_belief_safe_explore_exploit_memory_v2_2
super_light_cluster,no_memory_baseline,0,final_heldout,2,r10_l7_full_domain_randomisation_arena_wide_training,r10_l7_full_domain_randomisation_arena_wide_training,r10_super_light_cluster_no_memory_baseline_final_0002,2,inflight_recovery_edge,recoverable_degraded,safe_exit_or_recovery_handoff,primvar_safe_exit_or_recovery_handoff_transition_object_89fe6c2843f5,not_active_no_candidate_path_memory,True,primvar_safe_exit_or_recovery_handoff_transition_object_89fe6c2843f5,primvar_safe_exit_or_recovery_handoff_transition_object_89fe6c2843f5,0.0,0.0,0.03,0.0,0.0,0.0,0.0,0.0,0.0,0.0,0.671221912125413,0.0,0.0,0.1,0.2,0.0,0.0,0,0,1.0,0.671221912125413,decision_level_baseline_vs_candidate_path_memory_gap_audit,outer_loop_spatial_flow_belief_safe_explore_exploit_memory_v2_2
super_light_cluster,no_memory_baseline,0,final_heldout,2,r10_l7_full_domain_randomisation_arena_wide_training,r10_l7_full_domain_randomisation_arena_wide_training,r10_super_light_cluster_no_memory_baseline_final_0002,3,inflight_recovery_edge,recoverable_degraded,safe_exit_or_recovery_handoff,primvar_safe_exit_or_recovery_handoff_transition_object_89fe6c2843f5,not_active_no_candidate_path_memory,True,primvar_safe_exit_or_recovery_handoff_transition_object_89fe6c2843f5,primvar_safe_exit_or_recovery_handoff_transition_object_89fe6c2843f5,0.0,0.0,0.03,0.0,0.0,0.0,0.0,0.0,0.0,0.0,0.7298347378447496,0.0,0.0,0.1,0.2,0.0,0.0,0,0,1.0,0.7298347378447496,decision_level_baseline_vs_candidate_path_memory_gap_audit,outer_loop_spatial_flow_belief_safe_explore_exploit_memory_v2_2
super_light_cluster,no_memory_baseline,0,final_heldout,2,r10_l7_full_domain_randomisation_arena_wide_training,r10_l7_full_domain_randomisation_arena_wide_training,r10_super_light_cluster_no_memory_baseline_final_0002,4,inflight_recovery_edge,recoverable_degraded,safe_exit_or_recovery_handoff,primvar_safe_exit_or_recovery_handoff_transition_object_eb5ec1f84c14,not_active_no_candidate_path_memory,True,primvar_safe_exit_or_recovery_handoff_transition_object_eb5ec1f84c14,primvar_safe_exit_or_recovery_handoff_transition_object_eb5ec1f84c14,0.0,0.0,0.03,0.0,0.0,0.0,0.0,0.0,0.0,0.0,0.7436922891455142,0.0,0.0,0.1,0.2,0.0,0.0,0,0,1.0,0.7436922891455142,decision_level_baseline_vs_candidate_path_memory_gap_audit,outer_loop_spatial_flow_belief_safe_explore_exploit_memory_v2_2
super_light_cluster,no_memory_baseline,0,final_heldout,2,r10_l7_full_domain_randomisation_arena_wide_training,r10_l7_full_domain_randomisation_arena_wide_training,r10_super_light_cluster_no_memory_baseline_final_0002,5,inflight_recovery_edge,recoverable_degraded,safe_exit_or_recovery_handoff,primvar_safe_exit_or_recovery_handoff_transition_object_eb5ec1f84c14,not_active_no_candidate_path_memory,True,primvar_safe_exit_or_recovery_handoff_transition_object_eb5ec1f84c14,primvar_safe_exit_or_recovery_handoff_transition_object_eb5ec1f84c14,0.0,0.0,0.03,0.0,0.0,0.0,0.0,0.0,0.0,0.0,0.8183275182617833,0.0,0.0,0.1,0.2,0.0,0.0,0,0,1.0,0.8183275182617833,decision_level_baseline_vs_candidate_path_memory_gap_audit,outer_loop_spatial_flow_belief_safe_explore_exploit_memory_v2_2
super_light_cluster,no_memory_baseline,0,final_heldout,2,r10_l7_full_domain_randomisation_arena_wide_training,r10_l7_full_domain_randomisation_arena_wide_training,r10_super_light_cluster_no_memory_baseline_final_0002,6,inflight_recovery_edge,recoverable_degraded,safe_exit_or_recovery_handoff,primvar_safe_exit_or_recovery_handoff_transition_object_eb5ec1f84c14,not_active_no_candidate_path_memory,True,primvar_safe_exit_or_recovery_handoff_transition_object_eb5ec1f84c14,primvar_safe_exit_or_recovery_handoff_transition_object_eb5ec1f84c14,0.0,0.0,0.03,0.0,0.0,0.0,0.0,0.0,0.0,0.0,0.9121831694357364,0.0,0.0,0.1,0.2,0.0,0.0,0,0,1.0,0.9121831694357364,decision_level_baseline_vs_candidate_path_memory_gap_audit,outer_loop_spatial_flow_belief_safe_explore_exploit_memory_v2_2
super_light_cluster,no_memory_baseline,0,final_heldout,2,r10_l7_full_domain_randomisation_arena_wide_training,r10_l7_full_domain_randomisation_arena_wide_training,r10_super_light_cluster_no_memory_baseline_final_0002,7,inflight_recovery_edge,recoverable_degraded,safe_exit_or_recovery_handoff,primvar_safe_exit_or_recovery_handoff_transition_object_eb5ec1f84c14,not_active_no_candidate_path_memory,True,primvar_safe_exit_or_recovery_handoff_transition_object_eb5ec1f84c14,primvar_safe_exit_or_recovery_handoff_transition_object_eb5ec1f84c14,0.0,0.0,0.03,0.0,0.0,0.0,0.0,0.0,0.0,0.0,1.0,0.0,0.0,0.1,0.2,0.0,0.0,0,0,1.0,1.0,decision_level_baseline_vs_candidate_path_memory_gap_audit,outer_loop_spatial_flow_belief_safe_explore_exploit_memory_v2_2
super_light_cluster,no_memory_baseline,0,final_heldout,2,r10_l7_full_domain_randomisation_arena_wide_training,r10_l7_full_domain_randomisation_arena_wide_training,r10_super_light_cluster_no_memory_baseline_final_0002,8,inflight_boundary_near,boundary_near,mild_turn_left,primvar_mild_turn_left_transition_object_dce8f75ea53c,not_active_no_candidate_path_memory,True,primvar_mild_turn_left_transition_object_dce8f75ea53c,primvar_mild_turn_left_transition_object_dce8f75ea53c,0.0,0.0,0.03,0.0,0.0,0.0,0.0,0.0,0.0,0.0,1.0,0.0,0.0,0.1,0.2,0.0,0.0,0,0,1.0,1.0,decision_level_baseline_vs_candidate_path_memory_gap_audit,outer_loop_spatial_flow_belief_safe_explore_exploit_memory_v2_2
super_light_cluster,no_memory_baseline,0,final_heldout,2,r10_l7_full_domain_randomisation_arena_wide_training,r10_l7_full_domain_randomisation_arena_wide_training,r10_super_light_cluster_no_memory_baseline_final_0002,9,inflight_boundary_near,boundary_near,energy_retaining_bank,primvar_energy_retaining_bank_transition_object_f378f7a74cce,not_active_no_candidate_path_memory,True,primvar_energy_retaining_bank_transition_object_f378f7a74cce,primvar_energy_retaining_bank_transition_object_f378f7a74cce,0.0,0.0,0.03,0.0,0.0,0.0,0.0,0.0,0.0,0.0,1.0,0.0,0.0,0.1,0.2,0.0,0.0,0,0,1.0,1.0,decision_level_baseline_vs_candidate_path_memory_gap_audit,outer_loop_spatial_flow_belief_safe_explore_exploit_memory_v2_2
super_light_cluster,no_memory_baseline,0,final_heldout,2,r10_l7_full_domain_randomisation_arena_wide_training,r10_l7_full_domain_randomisation_arena_wide_training,r10_super_light_cluster_no_memory_baseline_final_0002,10,inflight_boundary_near,boundary_near,energy_retaining_bank,primvar_energy_retaining_bank_transition_object_f378f7a74cce,not_active_no_candidate_path_memory,True,primvar_energy_retaining_bank_transition_object_f378f7a74cce,primvar_energy_retaining_bank_transition_object_f378f7a74cce,0.0,0.0,0.03,0.0,0.0,0.0,0.0,0.0,0.0,0.0,1.0,0.0,0.0,0.1,0.2,0.0,0.0,0,0,1.0,1.0,decision_level_baseline_vs_candidate_path_memory_gap_audit,outer_loop_spatial_flow_belief_safe_explore_exploit_memory_v2_2
super_light_cluster,no_memory_baseline,0,final_heldout,2,r10_l7_full_domain_randomisation_arena_wide_training,r10_l7_full_domain_randomisation_arena_wide_training,r10_super_light_cluster_no_memory_baseline_final_0002,11,inflight_boundary_near,boundary_near,energy_retaining_bank,primvar_energy_retaining_bank_transition_object_f378f7a74cce,not_active_no_candidate_path_memory,True,primvar_energy_retaining_bank_transition_object_f378f7a74cce,primvar_energy_retaining_bank_transition_object_f378f7a74cce,0.0,0.0,0.03,0.0,0.0,0.0,0.0,0.0,0.0,0.0,1.0,0.0,0.0,0.1,0.2,0.0,0.0,0,0,1.0,1.0,decision_level_baseline_vs_candidate_path_memory_gap_audit,outer_loop_spatial_flow_belief_safe_explore_exploit_memory_v2_2
super_light_cluster,no_memory_baseline,0,final_heldout,3,r10_l7_full_domain_randomisation_arena_wide_training,r10_l7_full_domain_randomisation_arena_wide_training,r10_super_light_cluster_no_memory_baseline_final_0003,0,launch_gate,launch_gate,energy_retaining_bank,primvar_energy_retaining_bank_transition_object_b3a90a619980,not_active_no_candidate_path_memory,True,primvar_energy_retaining_bank_transition_object_b3a90a619980,primvar_energy_retaining_bank_transition_object_b3a90a619980,0.0,0.0,0.03,0.0,0.0,0.0,0.0,0.0,0.0,0.0,0.7491760491353779,0.0,0.0,0.1,0.2,0.0,0.0,0,0,1.0,0.7491760491353779,decision_level_baseline_vs_candidate_path_memory_gap_audit,outer_loop_spatial_flow_belief_safe_explore_exploit_memory_v2_2
super_light_cluster,no_memory_baseline,0,final_heldout,3,r10_l7_full_domain_randomisation_arena_wide_training,r10_l7_full_domain_randomisation_arena_wide_training,r10_super_light_cluster_no_memory_baseline_final_0003,1,inflight_boundary_near,boundary_near,mild_turn_right,primvar_mild_turn_right_transition_object_40208f0dcfe3,not_active_no_candidate_path_memory,True,primvar_mild_turn_right_transition_object_40208f0dcfe3,primvar_mild_turn_right_transition_object_40208f0dcfe3,0.0,0.0,0.03,0.0,0.0,0.0,0.0,0.0,0.0,0.0,0.8262986028687301,0.0,0.0,0.1,0.2,0.0,0.0,0,0,1.0,0.8262986028687301,decision_level_baseline_vs_candidate_path_memory_gap_audit,outer_loop_spatial_flow_belief_safe_explore_exploit_memory_v2_2
super_light_cluster,no_memory_baseline,0,final_heldout,3,r10_l7_full_domain_randomisation_arena_wide_training,r10_l7_full_domain_randomisation_arena_wide_training,r10_super_light_cluster_no_memory_baseline_final_0003,2,inflight_boundary_near,boundary_near,mild_turn_right,primvar_mild_turn_right_transition_object_40208f0dcfe3,not_active_no_candidate_path_memory,True,primvar_mild_turn_right_transition_object_40208f0dcfe3,primvar_mild_turn_right_transition_object_40208f0dcfe3,0.0,0.0,0.03,0.0,0.0,0.0,0.0,0.0,0.0,0.0,0.9286681072351058,0.0,0.0,0.1,0.2,0.0,0.0,0,0,1.0,0.9286681072351058,decision_level_baseline_vs_candidate_path_memory_gap_audit,outer_loop_spatial_flow_belief_safe_explore_exploit_memory_v2_2
super_light_cluster,no_memory_baseline,0,final_heldout,3,r10_l7_full_domain_randomisation_arena_wide_training,r10_l7_full_domain_randomisation_arena_wide_training,r10_super_light_cluster_no_memory_baseline_final_0003,3,inflight_boundary_near,boundary_near,safe_exit_or_recovery_handoff,primvar_safe_exit_or_recovery_handoff_transition_object_6683ccb4c539,not_active_no_candidate_path_memory,True,primvar_safe_exit_or_recovery_handoff_transition_object_6683ccb4c539,primvar_safe_exit_or_recovery_handoff_transition_object_6683ccb4c539,0.0,0.0,0.03,0.0,0.0,0.0,0.0,0.0,0.0,0.0,1.0,0.0,0.0,0.1,0.2,0.0,0.0,0,0,1.0,1.0,decision_level_baseline_vs_candidate_path_memory_gap_audit,outer_loop_spatial_flow_belief_safe_explore_exploit_memory_v2_2
super_light_cluster,no_memory_baseline,0,final_heldout,3,r10_l7_full_domain_randomisation_arena_wide_training,r10_l7_full_domain_randomisation_arena_wide_training,r10_super_light_cluster_no_memory_baseline_final_0003,4,inflight_boundary_near,boundary_near,safe_exit_or_recovery_handoff,primvar_safe_exit_or_recovery_handoff_transition_object_6683ccb4c539,not_active_no_candidate_path_memory,True,primvar_safe_exit_or_recovery_handoff_transition_object_6683ccb4c539,primvar_safe_exit_or_recovery_handoff_transition_object_6683ccb4c539,0.0,0.0,0.03,0.0,0.0,0.0,0.0,0.0,0.0,0.0,1.0,0.0,0.0,0.1,0.2,0.0,0.0,0,0,1.0,1.0,decision_level_baseline_vs_candidate_path_memory_gap_audit,outer_loop_spatial_flow_belief_safe_explore_exploit_memory_v2_2
super_light_cluster,no_memory_baseline,0,final_heldout,3,r10_l7_full_domain_randomisation_arena_wide_training,r10_l7_full_domain_randomisation_arena_wide_training,r10_super_light_cluster_no_memory_baseline_final_0003,5,inflight_boundary_near,boundary_near,energy_retaining_bank,primvar_energy_retaining_bank_transition_object_59f915f98b46,not_active_no_candidate_path_memory,True,primvar_energy_retaining_bank_transition_object_59f915f98b46,primvar_energy_retaining_bank_transition_object_59f915f98b46,0.0,0.0,0.03,0.0,0.0,0.0,0.0,0.0,0.0,0.0,1.0,0.0,0.0,0.1,0.2,0.0,0.0,0,0,1.0,1.0,decision_level_baseline_vs_candidate_path_memory_gap_audit,outer_loop_spatial_flow_belief_safe_explore_exploit_memory_v2_2
super_light_cluster,no_memory_baseline,0,final_heldout,3,r10_l7_full_domain_randomisation_arena_wide_training,r10_l7_full_domain_randomisation_arena_wide_training,r10_super_light_cluster_no_memory_baseline_final_0003,6,inflight_boundary_near,boundary_near,energy_retaining_bank,primvar_energy_retaining_bank_transition_object_59f915f98b46,not_active_no_candidate_path_memory,True,primvar_energy_retaining_bank_transition_object_59f915f98b46,primvar_energy_retaining_bank_transition_object_59f915f98b46,0.0,0.0,0.03,0.0,0.0,0.0,0.0,0.0,0.0,0.0,1.0,0.0,0.0,0.1,0.2,0.0,0.0,0,0,1.0,1.0,decision_level_baseline_vs_candidate_path_memory_gap_audit,outer_loop_spatial_flow_belief_safe_explore_exploit_memory_v2_2
super_light_cluster,no_memory_baseline,0,final_heldout,3,r10_l7_full_domain_randomisation_arena_wide_training,r10_l7_full_domain_randomisation_arena_wide_training,r10_super_light_cluster_no_memory_baseline_final_0003,7,inflight_boundary_near,boundary_near,energy_retaining_bank,primvar_energy_retaining_bank_transition_object_59f915f98b46,not_active_no_candidate_path_memory,True,primvar_energy_retaining_bank_transition_object_59f915f98b46,primvar_energy_retaining_bank_transition_object_59f915f98b46,0.0,0.0,0.03,0.0,0.0,0.0,0.0,0.0,0.0,0.0,1.0,0.0,0.0,0.1,0.2,0.0,0.0,0,0,1.0,1.0,decision_level_baseline_vs_candidate_path_memory_gap_audit,outer_loop_spatial_flow_belief_safe_explore_exploit_memory_v2_2
super_light_cluster,no_memory_baseline,0,final_heldout,4,r10_l7_full_domain_randomisation_arena_wide_training,r10_l7_full_domain_randomisation_arena_wide_training,r10_super_light_cluster_no_memory_baseline_final_0004,0,launch_gate,launch_gate,lift_dwell_arc,primvar_lift_dwell_arc_transition_object_dc4fa17f89f7,not_active_no_candidate_path_memory,True,primvar_lift_dwell_arc_transition_object_dc4fa17f89f7,primvar_lift_dwell_arc_transition_object_dc4fa17f89f7,0.0,0.0,0.03,0.0,0.0,0.0,0.0,0.0,0.0,0.0,0.604769352252994,0.0,0.0,0.1,0.2,0.0,0.0,0,0,1.0,0.604769352252994,decision_level_baseline_vs_candidate_path_memory_gap_audit,outer_loop_spatial_flow_belief_safe_explore_exploit_memory_v2_2
super_light_cluster,no_memory_baseline,0,final_heldout,4,r10_l7_full_domain_randomisation_arena_wide_training,r10_l7_full_domain_randomisation_arena_wide_training,r10_super_light_cluster_no_memory_baseline_final_0004,1,inflight_nominal,inflight_stable,recovery,primvar_recovery_transition_object_a9d2daacfd0f,not_active_no_candidate_path_memory,True,primvar_recovery_transition_object_a9d2daacfd0f,primvar_recovery_transition_object_a9d2daacfd0f,0.0,0.0,0.03,0.0,0.0,0.0,0.0,0.0,0.0,0.0,0.6318617648617653,0.0,0.0,0.1,0.2,0.0,0.0,0,0,1.0,0.6318617648617653,decision_level_baseline_vs_candidate_path_memory_gap_audit,outer_loop_spatial_flow_belief_safe_explore_exploit_memory_v2_2
super_light_cluster,no_memory_baseline,0,final_heldout,4,r10_l7_full_domain_randomisation_arena_wide_training,r10_l7_full_domain_randomisation_arena_wide_training,r10_super_light_cluster_no_memory_baseline_final_0004,2,inflight_recovery_edge,recoverable_degraded,safe_exit_or_recovery_handoff,primvar_safe_exit_or_recovery_handoff_transition_object_89fe6c2843f5,not_active_no_candidate_path_memory,True,primvar_safe_exit_or_recovery_handoff_transition_object_89fe6c2843f5,primvar_safe_exit_or_recovery_handoff_transition_object_89fe6c2843f5,0.0,0.0,0.03,0.0,0.0,0.0,0.0,0.0,0.0,0.0,0.6717736218324165,0.0,0.0,0.1,0.2,0.0,0.0,0,0,1.0,0.6717736218324165,decision_level_baseline_vs_candidate_path_memory_gap_audit,outer_loop_spatial_flow_belief_safe_explore_exploit_memory_v2_2
super_light_cluster,no_memory_baseline,0,final_heldout,4,r10_l7_full_domain_randomisation_arena_wide_training,r10_l7_full_domain_randomisation_arena_wide_training,r10_super_light_cluster_no_memory_baseline_final_0004,3,inflight_recovery_edge,recoverable_degraded,safe_exit_or_recovery_handoff,primvar_safe_exit_or_recovery_handoff_transition_object_eb5ec1f84c14,not_active_no_candidate_path_memory,True,primvar_safe_exit_or_recovery_handoff_transition_object_eb5ec1f84c14,primvar_safe_exit_or_recovery_handoff_transition_object_eb5ec1f84c14,0.0,0.0,0.03,0.0,0.0,0.0,0.0,0.0,0.0,0.0,0.6745447363544618,0.0,0.0,0.1,0.2,0.0,0.0,0,0,1.0,0.6745447363544618,decision_level_baseline_vs_candidate_path_memory_gap_audit,outer_loop_spatial_flow_belief_safe_explore_exploit_memory_v2_2
super_light_cluster,no_memory_baseline,0,final_heldout,4,r10_l7_full_domain_randomisation_arena_wide_training,r10_l7_full_domain_randomisation_arena_wide_training,r10_super_light_cluster_no_memory_baseline_final_0004,4,inflight_boundary_near,boundary_near,mild_turn_right,primvar_mild_turn_right_transition_object_939eac7bb32e,not_active_no_candidate_path_memory,True,primvar_mild_turn_right_transition_object_939eac7bb32e,primvar_mild_turn_right_transition_object_939eac7bb32e,0.0,0.0,0.03,0.0,0.0,0.0,0.0,0.0,0.0,0.0,0.7891091798556737,0.0,0.0,0.1,0.2,0.0,0.0,0,0,1.0,0.7891091798556737,decision_level_baseline_vs_candidate_path_memory_gap_audit,outer_loop_spatial_flow_belief_safe_explore_exploit_memory_v2_2
super_light_cluster,no_memory_baseline,0,final_heldout,4,r10_l7_full_domain_randomisation_arena_wide_training,r10_l7_full_domain_randomisation_arena_wide_training,r10_super_light_cluster_no_memory_baseline_final_0004,5,inflight_boundary_near,boundary_near,mild_turn_right,primvar_mild_turn_right_transition_object_939eac7bb32e,not_active_no_candidate_path_memory,True,primvar_mild_turn_right_transition_object_939eac7bb32e,primvar_mild_turn_right_transition_object_939eac7bb32e,0.0,0.0,0.03,0.0,0.0,0.0,0.0,0.0,0.0,0.0,0.8643596303292265,0.0,0.0,0.1,0.2,0.0,0.0,0,0,1.0,0.8643596303292265,decision_level_baseline_vs_candidate_path_memory_gap_audit,outer_loop_spatial_flow_belief_safe_explore_exploit_memory_v2_2
super_light_cluster,no_memory_baseline,0,final_heldout,4,r10_l7_full_domain_randomisation_arena_wide_training,r10_l7_full_domain_randomisation_arena_wide_training,r10_super_light_cluster_no_memory_baseline_final_0004,6,inflight_boundary_near,boundary_near,lift_dwell_arc,primvar_lift_dwell_arc_transition_object_e77518a9ca96,not_active_no_candidate_path_memory,True,primvar_lift_dwell_arc_transition_object_e77518a9ca96,primvar_lift_dwell_arc_transition_object_e77518a9ca96,0.0,0.0,0.03,0.0,0.0,0.0,0.0,0.0,0.0,0.0,1.0,0.0,0.0,0.1,0.2,0.0,0.0,0,0,1.0,1.0,decision_level_baseline_vs_candidate_path_memory_gap_audit,outer_loop_spatial_flow_belief_safe_explore_exploit_memory_v2_2
super_light_cluster,no_memory_baseline,0,final_heldout,4,r10_l7_full_domain_randomisation_arena_wide_training,r10_l7_full_domain_randomisation_arena_wide_training,r10_super_light_cluster_no_memory_baseline_final_0004,7,inflight_boundary_near,boundary_near,lift_dwell_arc,primvar_lift_dwell_arc_transition_object_e77518a9ca96,not_active_no_candidate_path_memory,True,primvar_lift_dwell_arc_transition_object_e77518a9ca96,primvar_lift_dwell_arc_transition_object_e77518a9ca96,0.0,0.0,0.03,0.0,0.0,0.0,0.0,0.0,0.0,0.0,1.0,0.0,0.0,0.1,0.2,0.0,0.0,0,0,1.0,1.0,decision_level_baseline_vs_candidate_path_memory_gap_audit,outer_loop_spatial_flow_belief_safe_explore_exploit_memory_v2_2
super_light_cluster,no_memory_baseline,0,final_heldout,4,r10_l7_full_domain_randomisation_arena_wide_training,r10_l7_full_domain_randomisation_arena_wide_training,r10_super_light_cluster_no_memory_baseline_final_0004,8,inflight_boundary_near,boundary_near,lift_dwell_arc,primvar_lift_dwell_arc_transition_object_e77518a9ca96,not_active_no_candidate_path_memory,True,primvar_lift_dwell_arc_transition_object_e77518a9ca96,primvar_lift_dwell_arc_transition_object_e77518a9ca96,0.0,0.0,0.03,0.0,0.0,0.0,0.0,0.0,0.0,0.0,1.0,0.0,0.0,0.1,0.2,0.0,0.0,0,0,1.0,1.0,decision_level_baseline_vs_candidate_path_memory_gap_audit,outer_loop_spatial_flow_belief_safe_explore_exploit_memory_v2_2
super_light_cluster,no_memory_baseline,0,final_heldout,4,r10_l7_full_domain_randomisation_arena_wide_training,r10_l7_full_domain_randomisation_arena_wide_training,r10_super_light_cluster_no_memory_baseline_final_0004,9,inflight_boundary_near,boundary_near,lift_dwell_arc,primvar_lift_dwell_arc_transition_object_e77518a9ca96,not_active_no_candidate_path_memory,True,primvar_lift_dwell_arc_transition_object_e77518a9ca96,primvar_lift_dwell_arc_transition_object_e77518a9ca96,0.0,0.0,0.03,0.0,0.0,0.0,0.0,0.0,0.0,0.0,1.0,0.0,0.0,0.1,0.2,0.0,0.0,0,0,1.0,1.0,decision_level_baseline_vs_candidate_path_memory_gap_audit,outer_loop_spatial_flow_belief_safe_explore_exploit_memory_v2_2
super_light_cluster,no_memory_baseline,0,final_heldout,4,r10_l7_full_domain_randomisation_arena_wide_training,r10_l7_full_domain_randomisation_arena_wide_training,r10_super_light_cluster_no_memory_baseline_final_0004,10,inflight_boundary_near,boundary_near,mild_turn_left,primvar_mild_turn_left_transition_object_72b921ad790a,not_active_no_candidate_path_memory,True,primvar_mild_turn_left_transition_object_72b921ad790a,primvar_mild_turn_left_transition_object_72b921ad790a,0.0,0.0,0.03,0.0,0.0,0.0,0.0,0.0,0.0,0.0,1.0,0.0,0.0,0.1,0.2,0.0,0.0,0,0,1.0,1.0,decision_level_baseline_vs_candidate_path_memory_gap_audit,outer_loop_spatial_flow_belief_safe_explore_exploit_memory_v2_2
super_light_cluster,no_memory_baseline,0,final_heldout,5,r10_l7_full_domain_randomisation_arena_wide_training,r10_l7_full_domain_randomisation_arena_wide_training,r10_super_light_cluster_no_memory_baseline_final_0005,0,launch_gate,launch_gate,lift_dwell_arc,primvar_lift_dwell_arc_transition_object_0bb49fd72816,not_active_no_candidate_path_memory,True,primvar_lift_dwell_arc_transition_object_0bb49fd72816,primvar_lift_dwell_arc_transition_object_0bb49fd72816,0.0,0.0,0.03,0.0,0.0,0.0,0.0,0.0,0.0,0.0,0.774738300051828,0.0,0.0,0.1,0.2,0.0,0.0,0,0,1.0,0.774738300051828,decision_level_baseline_vs_candidate_path_memory_gap_audit,outer_loop_spatial_flow_belief_safe_explore_exploit_memory_v2_2
super_light_cluster,no_memory_baseline,0,final_heldout,5,r10_l7_full_domain_randomisation_arena_wide_training,r10_l7_full_domain_randomisation_arena_wide_training,r10_super_light_cluster_no_memory_baseline_final_0005,1,inflight_boundary_near,boundary_near,mild_turn_right,primvar_mild_turn_right_transition_object_40208f0dcfe3,not_active_no_candidate_path_memory,True,primvar_mild_turn_right_transition_object_40208f0dcfe3,primvar_mild_turn_right_transition_object_40208f0dcfe3,0.0,0.0,0.03,0.0,0.0,0.0,0.0,0.0,0.0,0.0,0.8106951337719379,0.0,0.0,0.1,0.2,0.0,0.0,0,0,1.0,0.8106951337719379,decision_level_baseline_vs_candidate_path_memory_gap_audit,outer_loop_spatial_flow_belief_safe_explore_exploit_memory_v2_2
super_light_cluster,no_memory_baseline,0,final_heldout,5,r10_l7_full_domain_randomisation_arena_wide_training,r10_l7_full_domain_randomisation_arena_wide_training,r10_super_light_cluster_no_memory_baseline_final_0005,2,inflight_boundary_near,boundary_near,lift_dwell_arc,primvar_lift_dwell_arc_transition_object_cd89af02a2de,not_active_no_candidate_path_memory,True,primvar_lift_dwell_arc_transition_object_cd89af02a2de,primvar_lift_dwell_arc_transition_object_cd89af02a2de,0.0,0.0,0.03,0.0,0.0,0.0,0.0,0.0,0.0,0.0,0.8581847314998274,0.0,0.0,0.1,0.2,0.0,0.0,0,0,1.0,0.8581847314998274,decision_level_baseline_vs_candidate_path_memory_gap_audit,outer_loop_spatial_flow_belief_safe_explore_exploit_memory_v2_2
super_light_cluster,no_memory_baseline,0,final_heldout,5,r10_l7_full_domain_randomisation_arena_wide_training,r10_l7_full_domain_randomisation_arena_wide_training,r10_super_light_cluster_no_memory_baseline_final_0005,3,inflight_boundary_near,boundary_near,lift_dwell_arc,primvar_lift_dwell_arc_transition_object_cd89af02a2de,not_active_no_candidate_path_memory,True,primvar_lift_dwell_arc_transition_object_cd89af02a2de,primvar_lift_dwell_arc_transition_object_cd89af02a2de,0.0,0.0,0.03,0.0,0.0,0.0,0.0,0.0,0.0,0.0,0.9760121522668784,0.0,0.0,0.1,0.2,0.0,0.0,0,0,1.0,0.9760121522668784,decision_level_baseline_vs_candidate_path_memory_gap_audit,outer_loop_spatial_flow_belief_safe_explore_exploit_memory_v2_2
super_light_cluster,no_memory_baseline,0,final_heldout,5,r10_l7_full_domain_randomisation_arena_wide_training,r10_l7_full_domain_randomisation_arena_wide_training,r10_super_light_cluster_no_memory_baseline_final_0005,4,inflight_boundary_near,boundary_near,energy_retaining_bank,primvar_energy_retaining_bank_transition_object_59f915f98b46,not_active_no_candidate_path_memory,True,primvar_energy_retaining_bank_transition_object_59f915f98b46,primvar_energy_retaining_bank_transition_object_59f915f98b46,0.0,0.0,0.03,0.0,0.0,0.0,0.0,0.0,0.0,0.0,1.0,0.0,0.0,0.1,0.2,0.0,0.0,0,0,1.0,1.0,decision_level_baseline_vs_candidate_path_memory_gap_audit,outer_loop_spatial_flow_belief_safe_explore_exploit_memory_v2_2
super_light_cluster,no_memory_baseline,0,final_heldout,5,r10_l7_full_domain_randomisation_arena_wide_training,r10_l7_full_domain_randomisation_arena_wide_training,r10_super_light_cluster_no_memory_baseline_final_0005,5,inflight_boundary_near,boundary_near,energy_retaining_bank,primvar_energy_retaining_bank_transition_object_59f915f98b46,not_active_no_candidate_path_memory,True,primvar_energy_retaining_bank_transition_object_59f915f98b46,primvar_energy_retaining_bank_transition_object_59f915f98b46,0.0,0.0,0.03,0.0,0.0,0.0,0.0,0.0,0.0,0.0,1.0,0.0,0.0,0.1,0.2,0.0,0.0,0,0,1.0,1.0,decision_level_baseline_vs_candidate_path_memory_gap_audit,outer_loop_spatial_flow_belief_safe_explore_exploit_memory_v2_2
super_light_cluster,no_memory_baseline,0,final_heldout,5,r10_l7_full_domain_randomisation_arena_wide_training,r10_l7_full_domain_randomisation_arena_wide_training,r10_super_light_cluster_no_memory_baseline_final_0005,6,inflight_boundary_near,boundary_near,energy_retaining_bank,primvar_energy_retaining_bank_transition_object_705bc67a6dc1,not_active_no_candidate_path_memory,True,primvar_energy_retaining_bank_transition_object_705bc67a6dc1,primvar_energy_retaining_bank_transition_object_705bc67a6dc1,0.0,0.0,0.03,0.0,0.0,0.0,0.0,0.0,0.0,0.0,1.0,0.0,0.0,0.1,0.2,0.0,0.0,0,0,1.0,1.0,decision_level_baseline_vs_candidate_path_memory_gap_audit,outer_loop_spatial_flow_belief_safe_explore_exploit_memory_v2_2
super_light_cluster,no_memory_baseline,0,final_heldout,5,r10_l7_full_domain_randomisation_arena_wide_training,r10_l7_full_domain_randomisation_arena_wide_training,r10_super_light_cluster_no_memory_baseline_final_0005,7,inflight_boundary_near,boundary_near,energy_retaining_bank,primvar_energy_retaining_bank_transition_object_705bc67a6dc1,not_active_no_candidate_path_memory,True,primvar_energy_retaining_bank_transition_object_705bc67a6dc1,primvar_energy_retaining_bank_transition_object_705bc67a6dc1,0.0,0.0,0.03,0.0,0.0,0.0,0.0,0.0,0.0,0.0,1.0,0.0,0.0,0.1,0.2,0.0,0.0,0,0,1.0,1.0,decision_level_baseline_vs_candidate_path_memory_gap_audit,outer_loop_spatial_flow_belief_safe_explore_exploit_memory_v2_2
super_light_cluster,no_memory_baseline,0,final_heldout,5,r10_l7_full_domain_randomisation_arena_wide_training,r10_l7_full_domain_randomisation_arena_wide_training,r10_super_light_cluster_no_memory_baseline_final_0005,8,inflight_boundary_near,boundary_near,energy_retaining_bank,primvar_energy_retaining_bank_transition_object_705bc67a6dc1,not_active_no_candidate_path_memory,True,primvar_energy_retaining_bank_transition_object_705bc67a6dc1,primvar_energy_retaining_bank_transition_object_705bc67a6dc1,0.0,0.0,0.03,0.0,0.0,0.0,0.0,0.0,0.0,0.0,1.0,0.0,0.0,0.1,0.2,0.0,0.0,0,0,1.0,1.0,decision_level_baseline_vs_candidate_path_memory_gap_audit,outer_loop_spatial_flow_belief_safe_explore_exploit_memory_v2_2
super_light_cluster,no_memory_baseline,0,final_heldout,6,r10_l7_full_domain_randomisation_arena_wide_training,r10_l7_full_domain_randomisation_arena_wide_training,r10_super_light_cluster_no_memory_baseline_final_0006,0,launch_gate,launch_gate,mild_turn_left,primvar_mild_turn_left_transition_object_c5942d118f74,not_active_no_candidate_path_memory,True,primvar_mild_turn_left_transition_object_c5942d118f74,primvar_mild_turn_left_transition_object_c5942d118f74,0.0,0.0,0.03,0.0,0.0,0.0,0.0,0.0,0.0,0.0,0.6393110014564335,0.0,0.0,0.1,0.2,0.0,0.0,0,0,1.0,0.6393110014564335,decision_level_baseline_vs_candidate_path_memory_gap_audit,outer_loop_spatial_flow_belief_safe_explore_exploit_memory_v2_2
super_light_cluster,no_memory_baseline,0,final_heldout,6,r10_l7_full_domain_randomisation_arena_wide_training,r10_l7_full_domain_randomisation_arena_wide_training,r10_super_light_cluster_no_memory_baseline_final_0006,1,inflight_nominal,inflight_stable,recovery,primvar_recovery_transition_object_a9d2daacfd0f,not_active_no_candidate_path_memory,True,primvar_recovery_transition_object_a9d2daacfd0f,primvar_recovery_transition_object_a9d2daacfd0f,0.0,0.0,0.03,0.0,0.0,0.0,0.0,0.0,0.0,0.0,0.6426449506487575,0.0,0.0,0.1,0.2,0.0,0.0,0,0,1.0,0.6426449506487575,decision_level_baseline_vs_candidate_path_memory_gap_audit,outer_loop_spatial_flow_belief_safe_explore_exploit_memory_v2_2
super_light_cluster,no_memory_baseline,0,final_heldout,6,r10_l7_full_domain_randomisation_arena_wide_training,r10_l7_full_domain_randomisation_arena_wide_training,r10_super_light_cluster_no_memory_baseline_final_0006,2,inflight_recovery_edge,recoverable_degraded,safe_exit_or_recovery_handoff,primvar_safe_exit_or_recovery_handoff_transition_object_89fe6c2843f5,not_active_no_candidate_path_memory,True,primvar_safe_exit_or_recovery_handoff_transition_object_89fe6c2843f5,primvar_safe_exit_or_recovery_handoff_transition_object_89fe6c2843f5,0.0,0.0,0.03,0.0,0.0,0.0,0.0,0.0,0.0,0.0,0.6891798984904569,0.0,0.0,0.1,0.2,0.0,0.0,0,0,1.0,0.6891798984904569,decision_level_baseline_vs_candidate_path_memory_gap_audit,outer_loop_spatial_flow_belief_safe_explore_exploit_memory_v2_2
super_light_cluster,no_memory_baseline,0,final_heldout,6,r10_l7_full_domain_randomisation_arena_wide_training,r10_l7_full_domain_randomisation_arena_wide_training,r10_super_light_cluster_no_memory_baseline_final_0006,3,inflight_recovery_edge,recoverable_degraded,safe_exit_or_recovery_handoff,primvar_safe_exit_or_recovery_handoff_transition_object_eb5ec1f84c14,not_active_no_candidate_path_memory,True,primvar_safe_exit_or_recovery_handoff_transition_object_eb5ec1f84c14,primvar_safe_exit_or_recovery_handoff_transition_object_eb5ec1f84c14,0.0,0.0,0.03,0.0,0.0,0.0,0.0,0.0,0.0,0.0,0.6921762198144559,0.0,0.0,0.1,0.2,0.0,0.0,0,0,1.0,0.6921762198144559,decision_level_baseline_vs_candidate_path_memory_gap_audit,outer_loop_spatial_flow_belief_safe_explore_exploit_memory_v2_2
super_light_cluster,no_memory_baseline,0,final_heldout,6,r10_l7_full_domain_randomisation_arena_wide_training,r10_l7_full_domain_randomisation_arena_wide_training,r10_super_light_cluster_no_memory_baseline_final_0006,4,inflight_recovery_edge,recoverable_degraded,safe_exit_or_recovery_handoff,primvar_safe_exit_or_recovery_handoff_transition_object_54443200afd9,not_active_no_candidate_path_memory,True,primvar_safe_exit_or_recovery_handoff_transition_object_54443200afd9,primvar_safe_exit_or_recovery_handoff_transition_object_54443200afd9,0.0,0.0,0.03,0.0,0.0,0.0,0.0,0.0,0.0,0.0,0.6858537583175269,0.0,0.0,0.1,0.2,0.0,0.0,0,0,1.0,0.6858537583175269,decision_level_baseline_vs_candidate_path_memory_gap_audit,outer_loop_spatial_flow_belief_safe_explore_exploit_memory_v2_2
super_light_cluster,no_memory_baseline,0,final_heldout,6,r10_l7_full_domain_randomisation_arena_wide_training,r10_l7_full_domain_randomisation_arena_wide_training,r10_super_light_cluster_no_memory_baseline_final_0006,5,inflight_recovery_edge,recoverable_degraded,safe_exit_or_recovery_handoff,primvar_safe_exit_or_recovery_handoff_transition_object_54443200afd9,not_active_no_candidate_path_memory,True,primvar_safe_exit_or_recovery_handoff_transition_object_54443200afd9,primvar_safe_exit_or_recovery_handoff_transition_object_54443200afd9,0.0,0.0,0.03,0.0,0.0,0.0,0.0,0.0,0.0,0.0,0.7314608675257969,0.0,0.0,0.1,0.2,0.0,0.0,0,0,1.0,0.7314608675257969,decision_level_baseline_vs_candidate_path_memory_gap_audit,outer_loop_spatial_flow_belief_safe_explore_exploit_memory_v2_2
super_light_cluster,no_memory_baseline,0,final_heldout,6,r10_l7_full_domain_randomisation_arena_wide_training,r10_l7_full_domain_randomisation_arena_wide_training,r10_super_light_cluster_no_memory_baseline_final_0006,6,inflight_recovery_edge,recoverable_degraded,safe_exit_or_recovery_handoff,primvar_safe_exit_or_recovery_handoff_transition_object_5e603211d22a,not_active_no_candidate_path_memory,True,primvar_safe_exit_or_recovery_handoff_transition_object_5e603211d22a,primvar_safe_exit_or_recovery_handoff_transition_object_5e603211d22a,0.0,0.0,0.03,0.0,0.0,0.0,0.0,0.0,0.0,0.0,0.7161995405429171,0.0,0.0,0.1,0.2,0.0,0.0,0,0,1.0,0.7161995405429171,decision_level_baseline_vs_candidate_path_memory_gap_audit,outer_loop_spatial_flow_belief_safe_explore_exploit_memory_v2_2
super_light_cluster,no_memory_baseline,0,final_heldout,6,r10_l7_full_domain_randomisation_arena_wide_training,r10_l7_full_domain_randomisation_arena_wide_training,r10_super_light_cluster_no_memory_baseline_final_0006,7,inflight_recovery_edge,recoverable_degraded,safe_exit_or_recovery_handoff,primvar_safe_exit_or_recovery_handoff_transition_object_5e603211d22a,not_active_no_candidate_path_memory,True,primvar_safe_exit_or_recovery_handoff_transition_object_5e603211d22a,primvar_safe_exit_or_recovery_handoff_transition_object_5e603211d22a,0.0,0.0,0.03,0.0,0.0,0.0,0.0,0.0,0.0,0.0,0.7622239349952089,0.0,0.0,0.1,0.2,0.0,0.0,0,0,1.0,0.7622239349952089,decision_level_baseline_vs_candidate_path_memory_gap_audit,outer_loop_spatial_flow_belief_safe_explore_exploit_memory_v2_2
super_light_cluster,no_memory_baseline,0,final_heldout,6,r10_l7_full_domain_randomisation_arena_wide_training,r10_l7_full_domain_randomisation_arena_wide_training,r10_super_light_cluster_no_memory_baseline_final_0006,8,inflight_boundary_near,boundary_near,lift_dwell_arc,primvar_lift_dwell_arc_transition_object_9643c5747c99,not_active_no_candidate_path_memory,True,primvar_lift_dwell_arc_transition_object_9643c5747c99,primvar_lift_dwell_arc_transition_object_9643c5747c99,0.0,0.0,0.03,0.0,0.0,0.0,0.0,0.0,0.0,0.0,0.8474180886362733,0.0,0.0,0.1,0.2,0.0,0.0,0,0,1.0,0.8474180886362733,decision_level_baseline_vs_candidate_path_memory_gap_audit,outer_loop_spatial_flow_belief_safe_explore_exploit_memory_v2_2
super_light_cluster,no_memory_baseline,0,final_heldout,6,r10_l7_full_domain_randomisation_arena_wide_training,r10_l7_full_domain_randomisation_arena_wide_training,r10_super_light_cluster_no_memory_baseline_final_0006,9,inflight_boundary_near,boundary_near,lift_dwell_arc,primvar_lift_dwell_arc_transition_object_9643c5747c99,not_active_no_candidate_path_memory,True,primvar_lift_dwell_arc_transition_object_9643c5747c99,primvar_lift_dwell_arc_transition_object_9643c5747c99,0.0,0.0,0.03,0.0,0.0,0.0,0.0,0.0,0.0,0.0,0.8905830057731747,0.0,0.0,0.1,0.2,0.0,0.0,0,0,1.0,0.8905830057731747,decision_level_baseline_vs_candidate_path_memory_gap_audit,outer_loop_spatial_flow_belief_safe_explore_exploit_memory_v2_2
super_light_cluster,no_memory_baseline,0,final_heldout,6,r10_l7_full_domain_randomisation_arena_wide_training,r10_l7_full_domain_randomisation_arena_wide_training,r10_super_light_cluster_no_memory_baseline_final_0006,10,inflight_boundary_near,boundary_near,lift_dwell_arc,primvar_lift_dwell_arc_transition_object_9643c5747c99,not_active_no_candidate_path_memory,True,primvar_lift_dwell_arc_transition_object_9643c5747c99,primvar_lift_dwell_arc_transition_object_9643c5747c99,0.0,0.0,0.03,0.0,0.0,0.0,0.0,0.0,0.0,0.0,0.9063658522239786,0.0,0.0,0.1,0.2,0.0,0.0,0,0,1.0,0.9063658522239786,decision_level_baseline_vs_candidate_path_memory_gap_audit,outer_loop_spatial_flow_belief_safe_explore_exploit_memory_v2_2
super_light_cluster,no_memory_baseline,0,final_heldout,6,r10_l7_full_domain_randomisation_arena_wide_training,r10_l7_full_domain_randomisation_arena_wide_training,r10_super_light_cluster_no_memory_baseline_final_0006,11,inflight_boundary_near,boundary_near,lift_dwell_arc,primvar_lift_dwell_arc_transition_object_3d4acb04abc7,not_active_no_candidate_path_memory,True,primvar_lift_dwell_arc_transition_object_3d4acb04abc7,primvar_lift_dwell_arc_transition_object_3d4acb04abc7,0.0,0.0,0.03,0.0,0.0,0.0,0.0,0.0,0.0,0.0,0.9105511988096536,0.0,0.0,0.1,0.2,0.0,0.0,0,0,1.0,0.9105511988096536,decision_level_baseline_vs_candidate_path_memory_gap_audit,outer_loop_spatial_flow_belief_safe_explore_exploit_memory_v2_2
super_light_cluster,no_memory_baseline,0,final_heldout,6,r10_l7_full_domain_randomisation_arena_wide_training,r10_l7_full_domain_randomisation_arena_wide_training,r10_super_light_cluster_no_memory_baseline_final_0006,12,inflight_boundary_near,boundary_near,lift_dwell_arc,primvar_lift_dwell_arc_transition_object_3d4acb04abc7,not_active_no_candidate_path_memory,True,primvar_lift_dwell_arc_transition_object_3d4acb04abc7,primvar_lift_dwell_arc_transition_object_3d4acb04abc7,0.0,0.0,0.03,0.0,0.0,0.0,0.0,0.0,0.0,0.0,0.7468487671447671,0.0,0.0,0.1,0.2,0.0,0.0,0,0,1.0,0.7468487671447671,decision_level_baseline_vs_candidate_path_memory_gap_audit,outer_loop_spatial_flow_belief_safe_explore_exploit_memory_v2_2
super_light_cluster,no_memory_baseline,0,final_heldout,7,r10_l7_full_domain_randomisation_arena_wide_training,r10_l7_full_domain_randomisation_arena_wide_training,r10_super_light_cluster_no_memory_baseline_final_0007,0,launch_gate,launch_gate,energy_retaining_bank,primvar_energy_retaining_bank_transition_object_948a3695e639,not_active_no_candidate_path_memory,True,primvar_energy_retaining_bank_transition_object_948a3695e639,primvar_energy_retaining_bank_transition_object_948a3695e639,0.0,0.0,0.03,0.0,0.0,0.0,0.0,0.0,0.0,0.0,0.4927694726210966,0.0,0.0,0.1,0.2,0.0,0.0,0,0,1.0,0.4927694726210966,decision_level_baseline_vs_candidate_path_memory_gap_audit,outer_loop_spatial_flow_belief_safe_explore_exploit_memory_v2_2
super_light_cluster,no_memory_baseline,0,final_heldout,7,r10_l7_full_domain_randomisation_arena_wide_training,r10_l7_full_domain_randomisation_arena_wide_training,r10_super_light_cluster_no_memory_baseline_final_0007,1,inflight_nominal,inflight_stable,energy_retaining_bank,primvar_energy_retaining_bank_transition_object_69c1057e81e7,not_active_no_candidate_path_memory,True,primvar_energy_retaining_bank_transition_object_69c1057e81e7,primvar_energy_retaining_bank_transition_object_69c1057e81e7,0.0,0.0,0.03,0.0,0.0,0.0,0.0,0.0,0.0,0.0,0.5069618663998179,0.0,0.0,0.1,0.2,0.0,0.0,0,0,1.0,0.5069618663998179,decision_level_baseline_vs_candidate_path_memory_gap_audit,outer_loop_spatial_flow_belief_safe_explore_exploit_memory_v2_2
super_light_cluster,no_memory_baseline,0,final_heldout,7,r10_l7_full_domain_randomisation_arena_wide_training,r10_l7_full_domain_randomisation_arena_wide_training,r10_super_light_cluster_no_memory_baseline_final_0007,2,inflight_nominal,inflight_stable,energy_retaining_bank,primvar_energy_retaining_bank_transition_object_69c1057e81e7,not_active_no_candidate_path_memory,True,primvar_energy_retaining_bank_transition_object_69c1057e81e7,primvar_energy_retaining_bank_transition_object_69c1057e81e7,0.0,0.0,0.03,0.0,0.0,0.0,0.0,0.0,0.0,0.0,0.5265362703452017,0.0,0.0,0.1,0.2,0.0,0.0,0,0,1.0,0.5265362703452017,decision_level_baseline_vs_candidate_path_memory_gap_audit,outer_loop_spatial_flow_belief_safe_explore_exploit_memory_v2_2
super_light_cluster,no_memory_baseline,0,final_heldout,7,r10_l7_full_domain_randomisation_arena_wide_training,r10_l7_full_domain_randomisation_arena_wide_training,r10_super_light_cluster_no_memory_baseline_final_0007,3,inflight_nominal,inflight_stable,lift_dwell_arc,primvar_lift_dwell_arc_transition_object_f5212e7a8993,not_active_no_candidate_path_memory,True,primvar_lift_dwell_arc_transition_object_f5212e7a8993,primvar_lift_dwell_arc_transition_object_f5212e7a8993,0.0,0.0,0.03,0.0,0.0,0.0,0.0,0.0,0.0,0.0,0.5989451140030497,0.0,0.0,0.1,0.2,0.0,0.0,0,0,1.0,0.5989451140030497,decision_level_baseline_vs_candidate_path_memory_gap_audit,outer_loop_spatial_flow_belief_safe_explore_exploit_memory_v2_2
super_light_cluster,no_memory_baseline,0,final_heldout,7,r10_l7_full_domain_randomisation_arena_wide_training,r10_l7_full_domain_randomisation_arena_wide_training,r10_super_light_cluster_no_memory_baseline_final_0007,4,inflight_nominal,inflight_stable,lift_dwell_arc,primvar_lift_dwell_arc_transition_object_f5212e7a8993,not_active_no_candidate_path_memory,True,primvar_lift_dwell_arc_transition_object_f5212e7a8993,primvar_lift_dwell_arc_transition_object_f5212e7a8993,0.0,0.0,0.03,0.0,0.0,0.0,0.0,0.0,0.0,0.0,0.6304099837113755,0.0,0.0,0.1,0.2,0.0,0.0,0,0,1.0,0.6304099837113755,decision_level_baseline_vs_candidate_path_memory_gap_audit,outer_loop_spatial_flow_belief_safe_explore_exploit_memory_v2_2
super_light_cluster,no_memory_baseline,0,final_heldout,7,r10_l7_full_domain_randomisation_arena_wide_training,r10_l7_full_domain_randomisation_arena_wide_training,r10_super_light_cluster_no_memory_baseline_final_0007,5,inflight_nominal,inflight_stable,lift_dwell_arc,primvar_lift_dwell_arc_transition_object_f5212e7a8993,not_active_no_candidate_path_memory,True,primvar_lift_dwell_arc_transition_object_f5212e7a8993,primvar_lift_dwell_arc_transition_object_f5212e7a8993,0.0,0.0,0.03,0.0,0.0,0.0,0.0,0.0,0.0,0.0,0.6672826819992581,0.0,0.0,0.1,0.2,0.0,0.0,0,0,1.0,0.6672826819992581,decision_level_baseline_vs_candidate_path_memory_gap_audit,outer_loop_spatial_flow_belief_safe_explore_exploit_memory_v2_2
super_light_cluster,no_memory_baseline,0,final_heldout,7,r10_l7_full_domain_randomisation_arena_wide_training,r10_l7_full_domain_randomisation_arena_wide_training,r10_super_light_cluster_no_memory_baseline_final_0007,6,inflight_nominal,inflight_stable,lift_dwell_arc,primvar_lift_dwell_arc_transition_object_f5212e7a8993,not_active_no_candidate_path_memory,True,primvar_lift_dwell_arc_transition_object_f5212e7a8993,primvar_lift_dwell_arc_transition_object_f5212e7a8993,0.0,0.0,0.03,0.0,0.0,0.0,0.0,0.0,0.0,0.0,0.7111996965263665,0.0,0.0,0.1,0.2,0.0,0.0,0,0,1.0,0.7111996965263665,decision_level_baseline_vs_candidate_path_memory_gap_audit,outer_loop_spatial_flow_belief_safe_explore_exploit_memory_v2_2
super_light_cluster,no_memory_baseline,0,final_heldout,7,r10_l7_full_domain_randomisation_arena_wide_training,r10_l7_full_domain_randomisation_arena_wide_training,r10_super_light_cluster_no_memory_baseline_final_0007,7,inflight_nominal,inflight_stable,lift_dwell_arc,primvar_lift_dwell_arc_transition_object_f5212e7a8993,not_active_no_candidate_path_memory,True,primvar_lift_dwell_arc_transition_object_f5212e7a8993,primvar_lift_dwell_arc_transition_object_f5212e7a8993,0.0,0.0,0.03,0.0,0.0,0.0,0.0,0.0,0.0,0.0,0.7653068565660373,0.0,0.0,0.1,0.2,0.0,0.0,0,0,1.0,0.7653068565660373,decision_level_baseline_vs_candidate_path_memory_gap_audit,outer_loop_spatial_flow_belief_safe_explore_exploit_memory_v2_2
super_light_cluster,no_memory_baseline,0,final_heldout,7,r10_l7_full_domain_randomisation_arena_wide_training,r10_l7_full_domain_randomisation_arena_wide_training,r10_super_light_cluster_no_memory_baseline_final_0007,8,inflight_nominal,inflight_stable,recovery,primvar_recovery_transition_object_4268876749b8,not_active_no_candidate_path_memory,True,primvar_recovery_transition_object_4268876749b8,primvar_recovery_transition_object_4268876749b8,0.0,0.0,0.03,0.0,0.0,0.0,0.0,0.0,0.0,0.0,0.8353612236186652,0.0,0.0,0.1,0.2,0.0,0.0,0,0,1.0,0.8353612236186652,decision_level_baseline_vs_candidate_path_memory_gap_audit,outer_loop_spatial_flow_belief_safe_explore_exploit_memory_v2_2
super_light_cluster,no_memory_baseline,0,final_heldout,7,r10_l7_full_domain_randomisation_arena_wide_training,r10_l7_full_domain_randomisation_arena_wide_training,r10_super_light_cluster_no_memory_baseline_final_0007,9,inflight_boundary_near,boundary_near,glide,primvar_glide_transition_object_719a7ba198c8,not_active_no_candidate_path_memory,True,primvar_glide_transition_object_719a7ba198c8,primvar_glide_transition_object_719a7ba198c8,0.0,0.0,0.03,0.0,0.0,0.0,0.0,0.0,0.0,0.0,0.931173877661098,0.0,0.0,0.1,0.2,0.0,0.0,0,0,1.0,0.931173877661098,decision_level_baseline_vs_candidate_path_memory_gap_audit,outer_loop_spatial_flow_belief_safe_explore_exploit_memory_v2_2
super_light_cluster,no_memory_baseline,0,final_heldout,7,r10_l7_full_domain_randomisation_arena_wide_training,r10_l7_full_domain_randomisation_arena_wide_training,r10_super_light_cluster_no_memory_baseline_final_0007,10,inflight_boundary_near,boundary_near,,,,False,,,0.0,0.0,0.0,0.0,0.0,0.0,0.0,0.0,0.0,0.0,1.0,0.0,0.0,0.0,0.0,0.0,0.0,0,0,0.0,0.0,decision_level_baseline_vs_candidate_path_memory_gap_audit,outer_loop_spatial_flow_belief_safe_explore_exploit_memory_v2_2
super_light_cluster,no_memory_baseline,0,final_heldout,8,r10_l7_full_domain_randomisation_arena_wide_training,r10_l7_full_domain_randomisation_arena_wide_training,r10_super_light_cluster_no_memory_baseline_final_0008,0,launch_gate,launch_gate,mild_turn_left,primvar_mild_turn_left_transition_object_2189de2270ec,not_active_no_candidate_path_memory,True,primvar_mild_turn_left_transition_object_2189de2270ec,primvar_mild_turn_left_transition_object_2189de2270ec,0.0,0.0,0.03,0.0,0.0,0.0,0.0,0.0,0.0,0.0,0.5334895425738861,0.0,0.0,0.1,0.2,0.0,0.0,0,0,1.0,0.5334895425738861,decision_level_baseline_vs_candidate_path_memory_gap_audit,outer_loop_spatial_flow_belief_safe_explore_exploit_memory_v2_2
super_light_cluster,no_memory_baseline,0,final_heldout,8,r10_l7_full_domain_randomisation_arena_wide_training,r10_l7_full_domain_randomisation_arena_wide_training,r10_super_light_cluster_no_memory_baseline_final_0008,1,inflight_nominal,inflight_stable,recovery,primvar_recovery_transition_object_4268876749b8,not_active_no_candidate_path_memory,True,primvar_recovery_transition_object_4268876749b8,primvar_recovery_transition_object_4268876749b8,0.0,0.0,0.03,0.0,0.0,0.0,0.0,0.0,0.0,0.0,0.5511246185248406,0.0,0.0,0.1,0.2,0.0,0.0,0,0,1.0,0.5511246185248406,decision_level_baseline_vs_candidate_path_memory_gap_audit,outer_loop_spatial_flow_belief_safe_explore_exploit_memory_v2_2
super_light_cluster,no_memory_baseline,0,final_heldout,8,r10_l7_full_domain_randomisation_arena_wide_training,r10_l7_full_domain_randomisation_arena_wide_training,r10_super_light_cluster_no_memory_baseline_final_0008,2,inflight_nominal,inflight_stable,recovery,primvar_recovery_transition_object_4268876749b8,not_active_no_candidate_path_memory,True,primvar_recovery_transition_object_4268876749b8,primvar_recovery_transition_object_4268876749b8,0.0,0.0,0.03,0.0,0.0,0.0,0.0,0.0,0.0,0.0,0.5785071701362199,0.0,0.0,0.1,0.2,0.0,0.0,0,0,1.0,0.5785071701362199,decision_level_baseline_vs_candidate_path_memory_gap_audit,outer_loop_spatial_flow_belief_safe_explore_exploit_memory_v2_2
super_light_cluster,no_memory_baseline,0,final_heldout,8,r10_l7_full_domain_randomisation_arena_wide_training,r10_l7_full_domain_randomisation_arena_wide_training,r10_super_light_cluster_no_memory_baseline_final_0008,3,inflight_nominal,inflight_stable,recovery,primvar_recovery_transition_object_4268876749b8,not_active_no_candidate_path_memory,True,primvar_recovery_transition_object_4268876749b8,primvar_recovery_transition_object_4268876749b8,0.0,0.0,0.03,0.0,0.0,0.0,0.0,0.0,0.0,0.0,0.6130420552856365,0.0,0.0,0.1,0.2,0.0,0.0,0,0,1.0,0.6130420552856365,decision_level_baseline_vs_candidate_path_memory_gap_audit,outer_loop_spatial_flow_belief_safe_explore_exploit_memory_v2_2
super_light_cluster,no_memory_baseline,0,final_heldout,8,r10_l7_full_domain_randomisation_arena_wide_training,r10_l7_full_domain_randomisation_arena_wide_training,r10_super_light_cluster_no_memory_baseline_final_0008,4,inflight_recovery_edge,recoverable_degraded,safe_exit_or_recovery_handoff,primvar_safe_exit_or_recovery_handoff_transition_object_54443200afd9,not_active_no_candidate_path_memory,True,primvar_safe_exit_or_recovery_handoff_transition_object_54443200afd9,primvar_safe_exit_or_recovery_handoff_transition_object_54443200afd9,0.0,0.0,0.03,0.0,0.0,0.0,0.0,0.0,0.0,0.0,0.6553917345662017,0.0,0.0,0.1,0.2,0.0,0.0,0,0,1.0,0.6553917345662017,decision_level_baseline_vs_candidate_path_memory_gap_audit,outer_loop_spatial_flow_belief_safe_explore_exploit_memory_v2_2
super_light_cluster,no_memory_baseline,0,final_heldout,8,r10_l7_full_domain_randomisation_arena_wide_training,r10_l7_full_domain_randomisation_arena_wide_training,r10_super_light_cluster_no_memory_baseline_final_0008,5,inflight_nominal,inflight_stable,recovery,primvar_recovery_transition_object_4268876749b8,not_active_no_candidate_path_memory,True,primvar_recovery_transition_object_4268876749b8,primvar_recovery_transition_object_4268876749b8,0.0,0.0,0.03,0.0,0.0,0.0,0.0,0.0,0.0,0.0,0.7046029182937118,0.0,0.0,0.1,0.2,0.0,0.0,0,0,1.0,0.7046029182937118,decision_level_baseline_vs_candidate_path_memory_gap_audit,outer_loop_spatial_flow_belief_safe_explore_exploit_memory_v2_2
super_light_cluster,no_memory_baseline,0,final_heldout,8,r10_l7_full_domain_randomisation_arena_wide_training,r10_l7_full_domain_randomisation_arena_wide_training,r10_super_light_cluster_no_memory_baseline_final_0008,6,inflight_nominal,inflight_stable,recovery,primvar_recovery_transition_object_4268876749b8,not_active_no_candidate_path_memory,True,primvar_recovery_transition_object_4268876749b8,primvar_recovery_transition_object_4268876749b8,0.0,0.0,0.03,0.0,0.0,0.0,0.0,0.0,0.0,0.0,0.7658508067024685,0.0,0.0,0.1,0.2,0.0,0.0,0,0,1.0,0.7658508067024685,decision_level_baseline_vs_candidate_path_memory_gap_audit,outer_loop_spatial_flow_belief_safe_explore_exploit_memory_v2_2
super_light_cluster,no_memory_baseline,0,final_heldout,8,r10_l7_full_domain_randomisation_arena_wide_training,r10_l7_full_domain_randomisation_arena_wide_training,r10_super_light_cluster_no_memory_baseline_final_0008,7,inflight_nominal,inflight_stable,recovery,primvar_recovery_transition_object_4268876749b8,not_active_no_candidate_path_memory,True,primvar_recovery_transition_object_4268876749b8,primvar_recovery_transition_object_4268876749b8,0.0,0.0,0.03,0.0,0.0,0.0,0.0,0.0,0.0,0.0,0.8446311261112457,0.0,0.0,0.1,0.2,0.0,0.0,0,0,1.0,0.8446311261112457,decision_level_baseline_vs_candidate_path_memory_gap_audit,outer_loop_spatial_flow_belief_safe_explore_exploit_memory_v2_2
super_light_cluster,no_memory_baseline,0,final_heldout,8,r10_l7_full_domain_randomisation_arena_wide_training,r10_l7_full_domain_randomisation_arena_wide_training,r10_super_light_cluster_no_memory_baseline_final_0008,8,inflight_nominal,inflight_stable,recovery,primvar_recovery_transition_object_4268876749b8,not_active_no_candidate_path_memory,True,primvar_recovery_transition_object_4268876749b8,primvar_recovery_transition_object_4268876749b8,0.0,0.0,0.03,0.0,0.0,0.0,0.0,0.0,0.0,0.0,0.951269177159114,0.0,0.0,0.1,0.2,0.0,0.0,0,0,1.0,0.951269177159114,decision_level_baseline_vs_candidate_path_memory_gap_audit,outer_loop_spatial_flow_belief_safe_explore_exploit_memory_v2_2
super_light_cluster,no_memory_baseline,0,final_heldout,8,r10_l7_full_domain_randomisation_arena_wide_training,r10_l7_full_domain_randomisation_arena_wide_training,r10_super_light_cluster_no_memory_baseline_final_0008,9,inflight_boundary_near,boundary_near,lift_dwell_arc,primvar_lift_dwell_arc_transition_object_3d4acb04abc7,not_active_no_candidate_path_memory,True,primvar_lift_dwell_arc_transition_object_3d4acb04abc7,primvar_lift_dwell_arc_transition_object_3d4acb04abc7,0.0,0.0,0.03,0.0,0.0,0.0,0.0,0.0,0.0,0.0,1.0,0.0,0.0,0.1,0.2,0.0,0.0,0,0,1.0,1.0,decision_level_baseline_vs_candidate_path_memory_gap_audit,outer_loop_spatial_flow_belief_safe_explore_exploit_memory_v2_2
super_light_cluster,no_memory_baseline,0,final_heldout,8,r10_l7_full_domain_randomisation_arena_wide_training,r10_l7_full_domain_randomisation_arena_wide_training,r10_super_light_cluster_no_memory_baseline_final_0008,10,inflight_boundary_near,boundary_near,energy_retaining_bank,primvar_energy_retaining_bank_transition_object_04f947aabe12,not_active_no_candidate_path_memory,True,primvar_energy_retaining_bank_transition_object_04f947aabe12,primvar_energy_retaining_bank_transition_object_04f947aabe12,0.0,0.0,0.03,0.0,0.0,0.0,0.0,0.0,0.0,0.0,1.0,0.0,0.0,0.1,0.2,0.0,0.0,0,0,1.0,1.0,decision_level_baseline_vs_candidate_path_memory_gap_audit,outer_loop_spatial_flow_belief_safe_explore_exploit_memory_v2_2
super_light_cluster,no_memory_baseline,0,final_heldout,8,r10_l7_full_domain_randomisation_arena_wide_training,r10_l7_full_domain_randomisation_arena_wide_training,r10_super_light_cluster_no_memory_baseline_final_0008,11,inflight_boundary_near,boundary_near,lift_dwell_arc,primvar_lift_dwell_arc_transition_object_3d4acb04abc7,not_active_no_candidate_path_memory,True,primvar_lift_dwell_arc_transition_object_3d4acb04abc7,primvar_lift_dwell_arc_transition_object_3d4acb04abc7,0.0,0.0,0.03,0.0,0.0,0.0,0.0,0.0,0.0,0.0,1.0,0.0,0.0,0.1,0.2,0.0,0.0,0,0,1.0,1.0,decision_level_baseline_vs_candidate_path_memory_gap_audit,outer_loop_spatial_flow_belief_safe_explore_exploit_memory_v2_2
super_light_cluster,no_memory_baseline,0,final_heldout,9,r10_l7_full_domain_randomisation_arena_wide_training,r10_l7_full_domain_randomisation_arena_wide_training,r10_super_light_cluster_no_memory_baseline_final_0009,0,launch_gate,launch_gate,lift_dwell_arc,primvar_lift_dwell_arc_transition_object_b9b9dc090f76,not_active_no_candidate_path_memory,True,primvar_lift_dwell_arc_transition_object_b9b9dc090f76,primvar_lift_dwell_arc_transition_object_b9b9dc090f76,0.0,0.0,0.03,0.0,0.0,0.0,0.0,0.0,0.0,0.0,0.6703887170390879,0.0,0.0,0.1,0.2,0.0,0.0,0,0,1.0,0.6703887170390879,decision_level_baseline_vs_candidate_path_memory_gap_audit,outer_loop_spatial_flow_belief_safe_explore_exploit_memory_v2_2
super_light_cluster,no_memory_baseline,0,final_heldout,9,r10_l7_full_domain_randomisation_arena_wide_training,r10_l7_full_domain_randomisation_arena_wide_training,r10_super_light_cluster_no_memory_baseline_final_0009,1,inflight_boundary_near,boundary_near,lift_dwell_arc,primvar_lift_dwell_arc_transition_object_1938e7e5b41e,not_active_no_candidate_path_memory,True,primvar_lift_dwell_arc_transition_object_1938e7e5b41e,primvar_lift_dwell_arc_transition_object_1938e7e5b41e,0.0,0.0,0.03,0.0,0.0,0.0,0.0,0.0,0.0,0.0,0.7200386405222665,0.0,0.0,0.1,0.2,0.0,0.0,0,0,1.0,0.7200386405222665,decision_level_baseline_vs_candidate_path_memory_gap_audit,outer_loop_spatial_flow_belief_safe_explore_exploit_memory_v2_2
super_light_cluster,no_memory_baseline,0,final_heldout,9,r10_l7_full_domain_randomisation_arena_wide_training,r10_l7_full_domain_randomisation_arena_wide_training,r10_super_light_cluster_no_memory_baseline_final_0009,2,inflight_boundary_near,boundary_near,lift_dwell_arc,primvar_lift_dwell_arc_transition_object_1938e7e5b41e,not_active_no_candidate_path_memory,True,primvar_lift_dwell_arc_transition_object_1938e7e5b41e,primvar_lift_dwell_arc_transition_object_1938e7e5b41e,0.0,0.0,0.03,0.0,0.0,0.0,0.0,0.0,0.0,0.0,0.7894944643183108,0.0,0.0,0.1,0.2,0.0,0.0,0,0,1.0,0.7894944643183108,decision_level_baseline_vs_candidate_path_memory_gap_audit,outer_loop_spatial_flow_belief_safe_explore_exploit_memory_v2_2
super_light_cluster,no_memory_baseline,0,final_heldout,9,r10_l7_full_domain_randomisation_arena_wide_training,r10_l7_full_domain_randomisation_arena_wide_training,r10_super_light_cluster_no_memory_baseline_final_0009,3,inflight_boundary_near,boundary_near,lift_dwell_arc,primvar_lift_dwell_arc_transition_object_1938e7e5b41e,not_active_no_candidate_path_memory,True,primvar_lift_dwell_arc_transition_object_1938e7e5b41e,primvar_lift_dwell_arc_transition_object_1938e7e5b41e,0.0,0.0,0.03,0.0,0.0,0.0,0.0,0.0,0.0,0.0,0.8805038785499194,0.0,0.0,0.1,0.2,0.0,0.0,0,0,1.0,0.8805038785499194,decision_level_baseline_vs_candidate_path_memory_gap_audit,outer_loop_spatial_flow_belief_safe_explore_exploit_memory_v2_2
super_light_cluster,no_memory_baseline,0,final_heldout,9,r10_l7_full_domain_randomisation_arena_wide_training,r10_l7_full_domain_randomisation_arena_wide_training,r10_super_light_cluster_no_memory_baseline_final_0009,4,inflight_boundary_near,boundary_near,energy_retaining_bank,primvar_energy_retaining_bank_transition_object_59f915f98b46,not_active_no_candidate_path_memory,True,primvar_energy_retaining_bank_transition_object_59f915f98b46,primvar_energy_retaining_bank_transition_object_59f915f98b46,0.0,0.0,0.03,0.0,0.0,0.0,0.0,0.0,0.0,0.0,1.0,0.0,0.0,0.1,0.2,0.0,0.0,0,0,1.0,1.0,decision_level_baseline_vs_candidate_path_memory_gap_audit,outer_loop_spatial_flow_belief_safe_explore_exploit_memory_v2_2
super_light_cluster,no_memory_baseline,0,final_heldout,9,r10_l7_full_domain_randomisation_arena_wide_training,r10_l7_full_domain_randomisation_arena_wide_training,r10_super_light_cluster_no_memory_baseline_final_0009,5,inflight_boundary_near,boundary_near,energy_retaining_bank,primvar_energy_retaining_bank_transition_object_59f915f98b46,not_active_no_candidate_path_memory,True,primvar_energy_retaining_bank_transition_object_59f915f98b46,primvar_energy_retaining_bank_transition_object_59f915f98b46,0.0,0.0,0.03,0.0,0.0,0.0,0.0,0.0,0.0,0.0,1.0,0.0,0.0,0.1,0.2,0.0,0.0,0,0,1.0,1.0,decision_level_baseline_vs_candidate_path_memory_gap_audit,outer_loop_spatial_flow_belief_safe_explore_exploit_memory_v2_2
super_light_cluster,no_memory_baseline,0,final_heldout,9,r10_l7_full_domain_randomisation_arena_wide_training,r10_l7_full_domain_randomisation_arena_wide_training,r10_super_light_cluster_no_memory_baseline_final_0009,6,inflight_boundary_near,boundary_near,energy_retaining_bank,primvar_energy_retaining_bank_transition_object_59f915f98b46,not_active_no_candidate_path_memory,True,primvar_energy_retaining_bank_transition_object_59f915f98b46,primvar_energy_retaining_bank_transition_object_59f915f98b46,0.0,0.0,0.03,0.0,0.0,0.0,0.0,0.0,0.0,0.0,1.0,0.0,0.0,0.1,0.2,0.0,0.0,0,0,1.0,1.0,decision_level_baseline_vs_candidate_path_memory_gap_audit,outer_loop_spatial_flow_belief_safe_explore_exploit_memory_v2_2
super_light_cluster,no_memory_baseline,0,final_heldout,9,r10_l7_full_domain_randomisation_arena_wide_training,r10_l7_full_domain_randomisation_arena_wide_training,r10_super_light_cluster_no_memory_baseline_final_0009,7,inflight_boundary_near,boundary_near,energy_retaining_bank,primvar_energy_retaining_bank_transition_object_59f915f98b46,not_active_no_candidate_path_memory,True,primvar_energy_retaining_bank_transition_object_59f915f98b46,primvar_energy_retaining_bank_transition_object_59f915f98b46,0.0,0.0,0.03,0.0,0.0,0.0,0.0,0.0,0.0,0.0,1.0,0.0,0.0,0.1,0.2,0.0,0.0,0,0,1.0,1.0,decision_level_baseline_vs_candidate_path_memory_gap_audit,outer_loop_spatial_flow_belief_safe_explore_exploit_memory_v2_2
super_light_cluster,no_memory_baseline,0,final_heldout,9,r10_l7_full_domain_randomisation_arena_wide_training,r10_l7_full_domain_randomisation_arena_wide_training,r10_super_light_cluster_no_memory_baseline_final_0009,8,inflight_boundary_near,boundary_near,safe_exit_or_recovery_handoff,primvar_safe_exit_or_recovery_handoff_transition_object_6683ccb4c539,not_active_no_candidate_path_memory,True,primvar_safe_exit_or_recovery_handoff_transition_object_6683ccb4c539,primvar_safe_exit_or_recovery_handoff_transition_object_6683ccb4c539,0.0,0.0,0.03,0.0,0.0,0.0,0.0,0.0,0.0,0.0,1.0,0.0,0.0,0.1,0.2,0.0,0.0,0,0,1.0,1.0,decision_level_baseline_vs_candidate_path_memory_gap_audit,outer_loop_spatial_flow_belief_safe_explore_exploit_memory_v2_2
light_cluster,spatial_flow_belief_memory_h30,30,final_heldout,2,r10_l7_full_domain_randomisation_arena_wide_training,r10_l7_full_domain_randomisation_arena_wide_training,r10_light_cluster_spatial_flow_belief_memory_h30_final_0002,0,launch_gate,launch_gate,mild_turn_left,primvar_mild_turn_left_transition_object_c5942d118f74,baseline_and_memory_winner_match,True,primvar_mild_turn_left_transition_object_c5942d118f74,primvar_mild_turn_left_transition_object_c5942d118f74,0.0,0.0,0.03,0.0,1.0,0.0002231121566149,0.0002231121566149,0.0,0.0,0.0180900364646399,0.6161392398793547,0.012322784797587,0.0,0.1,0.2,0.0,0.0,7,0,0.98190996353536,0.6161392398793547,decision_level_baseline_vs_candidate_path_memory_gap_audit,outer_loop_spatial_flow_belief_safe_explore_exploit_memory_v2_2
light_cluster,spatial_flow_belief_memory_h30,30,final_heldout,2,r10_l7_full_domain_randomisation_arena_wide_training,r10_l7_full_domain_randomisation_arena_wide_training,r10_light_cluster_spatial_flow_belief_memory_h30_final_0002,1,inflight_nominal,inflight_stable,mild_turn_left,primvar_mild_turn_left_transition_object_c0027154e9bd,baseline_and_memory_winner_match,True,primvar_mild_turn_left_transition_object_c0027154e9bd,primvar_mild_turn_left_transition_object_c0027154e9bd,0.0,0.0,0.03,0.0,1.0,0.0002894031182729,0.0002894031182729,0.0,0.0,0.0436167638485213,0.6404841247269136,0.0128096824945382,0.0,0.1,0.2,0.0,0.0,7,0,0.9563832361514786,0.6404841247269136,decision_level_baseline_vs_candidate_path_memory_gap_audit,outer_loop_spatial_flow_belief_safe_explore_exploit_memory_v2_2
light_cluster,spatial_flow_belief_memory_h30,30,final_heldout,2,r10_l7_full_domain_randomisation_arena_wide_training,r10_l7_full_domain_randomisation_arena_wide_training,r10_light_cluster_spatial_flow_belief_memory_h30_final_0002,2,inflight_recovery_edge,recoverable_degraded,safe_exit_or_recovery_handoff,primvar_safe_exit_or_recovery_handoff_transition_object_89fe6c2843f5,baseline_and_memory_winner_match,True,primvar_safe_exit_or_recovery_handoff_transition_object_89fe6c2843f5,primvar_safe_exit_or_recovery_handoff_transition_object_89fe6c2843f5,0.0,0.0,0.03,0.0,1.0,0.0007663945821743,0.0007663945821743,0.0,0.0,0.0695609261443381,0.6245310942695957,0.0124906218853919,0.0,0.1,0.2,0.0,0.0,7,0,0.9304390738556618,0.6245310942695957,decision_level_baseline_vs_candidate_path_memory_gap_audit,outer_loop_spatial_flow_belief_safe_explore_exploit_memory_v2_2
light_cluster,spatial_flow_belief_memory_h30,30,final_heldout,2,r10_l7_full_domain_randomisation_arena_wide_training,r10_l7_full_domain_randomisation_arena_wide_training,r10_light_cluster_spatial_flow_belief_memory_h30_final_0002,3,inflight_recovery_edge,recoverable_degraded,safe_exit_or_recovery_handoff,primvar_safe_exit_or_recovery_handoff_transition_object_89fe6c2843f5,baseline_and_memory_winner_match,True,primvar_safe_exit_or_recovery_handoff_transition_object_89fe6c2843f5,primvar_safe_exit_or_recovery_handoff_transition_object_89fe6c2843f5,0.0,0.0,0.03,0.0,1.0,0.0012019395889221,0.0012019395889221,0.0,0.0,0.0608832736922552,0.6854000097504324,0.0137080001950086,0.0,0.1,0.2,0.0,0.0,7,0,0.9391167263077448,0.6854000097504324,decision_level_baseline_vs_candidate_path_memory_gap_audit,outer_loop_spatial_flow_belief_safe_explore_exploit_memory_v2_2
light_cluster,spatial_flow_belief_memory_h30,30,final_heldout,2,r10_l7_full_domain_randomisation_arena_wide_training,r10_l7_full_domain_randomisation_arena_wide_training,r10_light_cluster_spatial_flow_belief_memory_h30_final_0002,4,inflight_recovery_edge,recoverable_degraded,safe_exit_or_recovery_handoff,primvar_safe_exit_or_recovery_handoff_transition_object_eb5ec1f84c14,baseline_and_memory_winner_match,True,primvar_safe_exit_or_recovery_handoff_transition_object_eb5ec1f84c14,primvar_safe_exit_or_recovery_handoff_transition_object_eb5ec1f84c14,0.0,0.0,0.03,0.0,1.0,0.0010888413501737,0.0010888413501737,0.0,0.0,0.0714292230146027,0.6905709267698988,0.0138114185353979,0.0,0.1,0.2,0.0,0.0,7,0,0.9285707769853973,0.6905709267698988,decision_level_baseline_vs_candidate_path_memory_gap_audit,outer_loop_spatial_flow_belief_safe_explore_exploit_memory_v2_2
light_cluster,spatial_flow_belief_memory_h30,30,final_heldout,2,r10_l7_full_domain_randomisation_arena_wide_training,r10_l7_full_domain_randomisation_arena_wide_training,r10_light_cluster_spatial_flow_belief_memory_h30_final_0002,5,inflight_recovery_edge,recoverable_degraded,safe_exit_or_recovery_handoff,primvar_safe_exit_or_recovery_handoff_transition_object_eb5ec1f84c14,baseline_and_memory_winner_match,True,primvar_safe_exit_or_recovery_handoff_transition_object_eb5ec1f84c14,primvar_safe_exit_or_recovery_handoff_transition_object_eb5ec1f84c14,0.0,0.0,0.03,0.0,1.0,0.0005708834273952,0.0005708834273952,0.0,0.0,0.0546013025786466,0.7736457698287387,0.0154729153965747,0.0,0.1,0.2,0.0,0.0,5,0,0.9453986974213534,0.7736457698287387,decision_level_baseline_vs_candidate_path_memory_gap_audit,outer_loop_spatial_flow_belief_safe_explore_exploit_memory_v2_2
light_cluster,spatial_flow_belief_memory_h30,30,final_heldout,2,r10_l7_full_domain_randomisation_arena_wide_training,r10_l7_full_domain_randomisation_arena_wide_training,r10_light_cluster_spatial_flow_belief_memory_h30_final_0002,6,inflight_recovery_edge,recoverable_degraded,safe_exit_or_recovery_handoff,primvar_safe_exit_or_recovery_handoff_transition_object_eb5ec1f84c14,baseline_and_memory_winner_match,True,primvar_safe_exit_or_recovery_handoff_transition_object_eb5ec1f84c14,primvar_safe_exit_or_recovery_handoff_transition_object_eb5ec1f84c14,0.0,0.0,0.03,0.0,1.0,0.0001004681847857,0.0001004681847857,0.0,0.0,0.0800000000000025,0.8392085158808752,0.0167841703176175,0.0,0.1,0.2,0.0,0.0,0,0,0.9199999999999974,0.8392085158808752,decision_level_baseline_vs_candidate_path_memory_gap_audit,outer_loop_spatial_flow_belief_safe_explore_exploit_memory_v2_2
light_cluster,spatial_flow_belief_memory_h30,30,final_heldout,2,r10_l7_full_domain_randomisation_arena_wide_training,r10_l7_full_domain_randomisation_arena_wide_training,r10_light_cluster_spatial_flow_belief_memory_h30_final_0002,7,inflight_recovery_edge,recoverable_degraded,safe_exit_or_recovery_handoff,primvar_safe_exit_or_recovery_handoff_transition_object_eb5ec1f84c14,baseline_and_memory_winner_match,True,primvar_safe_exit_or_recovery_handoff_transition_object_eb5ec1f84c14,primvar_safe_exit_or_recovery_handoff_transition_object_eb5ec1f84c14,0.0,0.0,0.03,0.0,1.0,-0.0002594859791515,-0.0002594859791515,0.0,0.0,0.0394719979058799,0.96052800209412,0.0192105600418824,0.0,0.1,0.2,0.0,0.0,0,0,0.96052800209412,0.96052800209412,decision_level_baseline_vs_candidate_path_memory_gap_audit,outer_loop_spatial_flow_belief_safe_explore_exploit_memory_v2_2
light_cluster,spatial_flow_belief_memory_h30,30,final_heldout,2,r10_l7_full_domain_randomisation_arena_wide_training,r10_l7_full_domain_randomisation_arena_wide_training,r10_light_cluster_spatial_flow_belief_memory_h30_final_0002,8,inflight_boundary_near,boundary_near,mild_turn_right,primvar_mild_turn_right_transition_object_79dc6a9b8274,baseline_and_memory_winner_match,True,primvar_mild_turn_right_transition_object_79dc6a9b8274,primvar_mild_turn_right_transition_object_79dc6a9b8274,0.0,0.0,0.03,0.0,1.0,-0.0002739025399403,-0.0002739025399403,0.0,0.0,0.0293368146545047,0.9706631853454952,0.0194132637069099,0.0,0.1,0.2,0.0,0.0,0,0,0.9706631853454952,0.9706631853454952,decision_level_baseline_vs_candidate_path_memory_gap_audit,outer_loop_spatial_flow_belief_safe_explore_exploit_memory_v2_2
light_cluster,spatial_flow_belief_memory_h30,30,final_heldout,2,r10_l7_full_domain_randomisation_arena_wide_training,r10_l7_full_domain_randomisation_arena_wide_training,r10_light_cluster_spatial_flow_belief_memory_h30_final_0002,9,inflight_boundary_near,boundary_near,energy_retaining_bank,primvar_energy_retaining_bank_transition_object_f378f7a74cce,baseline_and_memory_winner_match,True,primvar_energy_retaining_bank_transition_object_f378f7a74cce,primvar_energy_retaining_bank_transition_object_f378f7a74cce,0.0,0.0,0.03,0.0,1.0,-0.0002802677709941,-0.0002802677709941,0.0,0.0,0.0377178869800362,0.9622821130199636,0.0192456422603992,0.0,0.1,0.2,0.0,0.0,0,0,0.9622821130199636,0.9622821130199636,decision_level_baseline_vs_candidate_path_memory_gap_audit,outer_loop_spatial_flow_belief_safe_explore_exploit_memory_v2_2
light_cluster,spatial_flow_belief_memory_h30,30,final_heldout,2,r10_l7_full_domain_randomisation_arena_wide_training,r10_l7_full_domain_randomisation_arena_wide_training,r10_light_cluster_spatial_flow_belief_memory_h30_final_0002,10,inflight_boundary_near,boundary_near,energy_retaining_bank,primvar_energy_retaining_bank_transition_object_f378f7a74cce,baseline_and_memory_winner_match,True,primvar_energy_retaining_bank_transition_object_f378f7a74cce,primvar_energy_retaining_bank_transition_object_f378f7a74cce,0.0,0.0,0.03,0.0,1.0,-0.0002120869879282,-0.0002120869879282,0.0,0.0,0.0285620575997359,0.971437942400264,0.0194287588480052,0.0,0.1,0.2,0.0,0.0,0,0,0.971437942400264,0.971437942400264,decision_level_baseline_vs_candidate_path_memory_gap_audit,outer_loop_spatial_flow_belief_safe_explore_exploit_memory_v2_2
light_cluster,spatial_flow_belief_memory_h30,30,final_heldout,2,r10_l7_full_domain_randomisation_arena_wide_training,r10_l7_full_domain_randomisation_arena_wide_training,r10_light_cluster_spatial_flow_belief_memory_h30_final_0002,11,inflight_boundary_near,boundary_near,energy_retaining_bank,primvar_energy_retaining_bank_transition_object_f378f7a74cce,baseline_and_memory_winner_match,True,primvar_energy_retaining_bank_transition_object_f378f7a74cce,primvar_energy_retaining_bank_transition_object_f378f7a74cce,0.0,0.0,0.03,0.0,1.0,-0.0003072607180105,-0.0003072607180105,0.0,0.0,0.0411858724434511,0.9588141275565488,0.0191762825511309,0.0,0.1,0.2,0.0,0.0,0,0,0.9588141275565488,0.9588141275565488,decision_level_baseline_vs_candidate_path_memory_gap_audit,outer_loop_spatial_flow_belief_safe_explore_exploit_memory_v2_2
super_light_cluster,spatial_flow_belief_memory_h3,3,final_heldout,0,r10_l7_full_domain_randomisation_arena_wide_training,r10_l7_full_domain_randomisation_arena_wide_training,r10_super_light_cluster_spatial_flow_belief_memory_h3_final_0000,0,launch_gate,launch_gate,lift_dwell_arc,primvar_lift_dwell_arc_transition_object_6ae229f6947e,baseline_and_memory_winner_match,True,primvar_lift_dwell_arc_transition_object_6ae229f6947e,primvar_lift_dwell_arc_transition_object_6ae229f6947e,0.0,0.0,0.03,0.0,1.0,8.977904336893161e-05,8.977904336893161e-05,0.0,0.0,0.0308852367765116,0.6841063062219218,0.0136821261244384,0.0,0.1,0.2,0.0,0.0,7,0,0.9691147632234884,0.6841063062219218,decision_level_baseline_vs_candidate_path_memory_gap_audit,outer_loop_spatial_flow_belief_safe_explore_exploit_memory_v2_2
super_light_cluster,spatial_flow_belief_memory_h3,3,final_heldout,0,r10_l7_full_domain_randomisation_arena_wide_training,r10_l7_full_domain_randomisation_arena_wide_training,r10_super_light_cluster_spatial_flow_belief_memory_h3_final_0000,1,inflight_boundary_near,boundary_near,lift_dwell_arc,primvar_lift_dwell_arc_transition_object_cd89af02a2de,baseline_and_memory_winner_match,True,primvar_lift_dwell_arc_transition_object_cd89af02a2de,primvar_lift_dwell_arc_transition_object_cd89af02a2de,0.0,0.0,0.03,0.0,1.0,0.000165334457976,0.000165334457976,0.0,0.0,0.0896263856526538,0.6968258473404232,0.0139365169468084,0.0,0.1,0.2,0.0,0.0,7,0,0.9103736143473462,0.6968258473404232,decision_level_baseline_vs_candidate_path_memory_gap_audit,outer_loop_spatial_flow_belief_safe_explore_exploit_memory_v2_2
super_light_cluster,spatial_flow_belief_memory_h3,3,final_heldout,0,r10_l7_full_domain_randomisation_arena_wide_training,r10_l7_full_domain_randomisation_arena_wide_training,r10_super_light_cluster_spatial_flow_belief_memory_h3_final_0000,2,inflight_boundary_near,boundary_near,lift_dwell_arc,primvar_lift_dwell_arc_transition_object_cd89af02a2de,baseline_and_memory_winner_match,True,primvar_lift_dwell_arc_transition_object_cd89af02a2de,primvar_lift_dwell_arc_transition_object_cd89af02a2de,0.0,0.0,0.03,0.0,1.0,-2.7923278966723863e-05,-2.7923278966723863e-05,0.0,0.0,0.0632647119750635,0.7880905293563063,0.0157618105871261,0.0,0.1,0.2,0.0,0.0,7,0,0.9367352880249364,0.7880905293563063,decision_level_baseline_vs_candidate_path_memory_gap_audit,outer_loop_spatial_flow_belief_safe_explore_exploit_memory_v2_2
super_light_cluster,spatial_flow_belief_memory_h3,3,final_heldout,0,r10_l7_full_domain_randomisation_arena_wide_training,r10_l7_full_domain_randomisation_arena_wide_training,r10_super_light_cluster_spatial_flow_belief_memory_h3_final_0000,3,inflight_boundary_near,boundary_near,lift_dwell_arc,primvar_lift_dwell_arc_transition_object_cd89af02a2de,baseline_and_memory_winner_match,True,primvar_lift_dwell_arc_transition_object_cd89af02a2de,primvar_lift_dwell_arc_transition_object_cd89af02a2de,0.0,0.0,0.03,0.0,1.0,-3.256878402080332e-05,-3.256878402080332e-05,0.0,0.0,0.0482300134194028,0.9026908172661404,0.0180538163453228,0.0,0.1,0.2,0.0,0.0,0,0,0.9517699865805972,0.9026908172661404,decision_level_baseline_vs_candidate_path_memory_gap_audit,outer_loop_spatial_flow_belief_safe_explore_exploit_memory_v2_2
super_light_cluster,spatial_flow_belief_memory_h3,3,final_heldout,0,r10_l7_full_domain_randomisation_arena_wide_training,r10_l7_full_domain_randomisation_arena_wide_training,r10_super_light_cluster_spatial_flow_belief_memory_h3_final_0000,4,inflight_boundary_near,boundary_near,energy_retaining_bank,primvar_energy_retaining_bank_transition_object_705bc67a6dc1,rejected_exploration_cross_family_without_memory_confidence,False,primvar_energy_retaining_bank_transition_object_705bc67a6dc1,primvar_lift_dwell_arc_transition_object_1938e7e5b41e,2.349017626279704e-05,4.387704714226004e-06,0.03,0.0,1.0,-2.834401570006584e-05,-2.834401570006584e-05,0.0,4387.704714226004,0.0400371933484996,0.9599628066515004,0.01919925613303,0.0,0.1,0.2,0.0,0.0,0,0,0.9590076830740742,0.9590076830740742,decision_level_baseline_vs_candidate_path_memory_gap_audit,outer_loop_spatial_flow_belief_safe_explore_exploit_memory_v2_2
super_light_cluster,spatial_flow_belief_memory_h3,3,final_heldout,0,r10_l7_full_domain_randomisation_arena_wide_training,r10_l7_full_domain_randomisation_arena_wide_training,r10_super_light_cluster_spatial_flow_belief_memory_h3_final_0000,5,inflight_boundary_near,boundary_near,energy_retaining_bank,primvar_energy_retaining_bank_transition_object_705bc67a6dc1,rejected_exploration_cross_family_without_memory_confidence,False,primvar_energy_retaining_bank_transition_object_705bc67a6dc1,primvar_lift_dwell_arc_transition_object_1938e7e5b41e,2.5308089059983274e-06,5.338120039333205e-07,0.03,0.0,1.0,-3.071814908506276e-05,-3.071814908506276e-05,0.0,533.8120039333205,0.038592115730103,0.961407884269897,0.0192281576853979,0.0,0.1,0.2,0.0,0.0,0,0,0.9613080344247916,0.9613080344247916,decision_level_baseline_vs_candidate_path_memory_gap_audit,outer_loop_spatial_flow_belief_safe_explore_exploit_memory_v2_2
super_light_cluster,spatial_flow_belief_memory_h3,3,final_heldout,0,r10_l7_full_domain_randomisation_arena_wide_training,r10_l7_full_domain_randomisation_arena_wide_training,r10_super_light_cluster_spatial_flow_belief_memory_h3_final_0000,6,inflight_boundary_near,boundary_near,energy_retaining_bank,primvar_energy_retaining_bank_transition_object_705bc67a6dc1,baseline_and_memory_winner_match,True,primvar_energy_retaining_bank_transition_object_705bc67a6dc1,primvar_energy_retaining_bank_transition_object_705bc67a6dc1,0.0,0.0,0.03,0.0,1.0,-2.3418982272316317e-05,-2.3418982272316317e-05,0.0,0.0,0.028729232793986,0.971270767206014,0.0194254153441202,0.0,0.1,0.2,0.0,0.0,0,0,0.971270767206014,0.971270767206014,decision_level_baseline_vs_candidate_path_memory_gap_audit,outer_loop_spatial_flow_belief_safe_explore_exploit_memory_v2_2
super_light_cluster,spatial_flow_belief_memory_h3,3,final_heldout,0,r10_l7_full_domain_randomisation_arena_wide_training,r10_l7_full_domain_randomisation_arena_wide_training,r10_super_light_cluster_spatial_flow_belief_memory_h3_final_0000,7,inflight_boundary_near,boundary_near,energy_retaining_bank,primvar_energy_retaining_bank_transition_object_705bc67a6dc1,baseline_and_memory_winner_match,True,primvar_energy_retaining_bank_transition_object_705bc67a6dc1,primvar_energy_retaining_bank_transition_object_705bc67a6dc1,0.0,0.0,0.03,0.0,1.0,-7.534905399064762e-05,-7.534905399064762e-05,0.0,0.0,0.0406095343468283,0.9593904656531717,0.0191878093130634,0.0,0.1,0.2,0.0,0.0,0,0,0.9593904656531717,0.9593904656531717,decision_level_baseline_vs_candidate_path_memory_gap_audit,outer_loop_spatial_flow_belief_safe_explore_exploit_memory_v2_2
super_light_cluster,spatial_flow_belief_memory_h3,3,final_heldout,0,r10_l7_full_domain_randomisation_arena_wide_training,r10_l7_full_domain_randomisation_arena_wide_training,r10_super_light_cluster_spatial_flow_belief_memory_h3_final_0000,8,inflight_boundary_near,boundary_near,energy_retaining_bank,primvar_energy_retaining_bank_transition_object_59f915f98b46,baseline_and_memory_winner_match,True,primvar_energy_retaining_bank_transition_object_59f915f98b46,primvar_energy_retaining_bank_transition_object_59f915f98b46,0.0,0.0,0.03,0.0,1.0,-0.0001782863346646,-0.0001782863346646,0.0,0.0,0.0486196049047707,0.9513803950952292,0.0190276079019045,0.0,0.1,0.2,0.0,0.0,0,0,0.9513803950952292,0.9513803950952292,decision_level_baseline_vs_candidate_path_memory_gap_audit,outer_loop_spatial_flow_belief_safe_explore_exploit_memory_v2_2
light_cluster,spatial_flow_belief_memory_h30,30,final_heldout,6,r10_l7_full_domain_randomisation_arena_wide_training,r10_l7_full_domain_randomisation_arena_wide_training,r10_light_cluster_spatial_flow_belief_memory_h30_final_0006,0,launch_gate,launch_gate,mild_turn_left,primvar_mild_turn_left_transition_object_c5942d118f74,baseline_and_memory_winner_match,True,primvar_mild_turn_left_transition_object_c5942d118f74,primvar_mild_turn_left_transition_object_c5942d118f74,0.0,0.0,0.03,0.0,1.0,0.0,0.0,0.0,0.0,8.758755529420687e-16,0.6393110014564329,0.0127862200291286,0.0,0.1,0.2,0.0,0.0,7,0,0.9999999999999992,0.6393110014564329,decision_level_baseline_vs_candidate_path_memory_gap_audit,outer_loop_spatial_flow_belief_safe_explore_exploit_memory_v2_2
light_cluster,spatial_flow_belief_memory_h30,30,final_heldout,6,r10_l7_full_domain_randomisation_arena_wide_training,r10_l7_full_domain_randomisation_arena_wide_training,r10_light_cluster_spatial_flow_belief_memory_h30_final_0006,1,inflight_nominal,inflight_stable,recovery,primvar_recovery_transition_object_a9d2daacfd0f,baseline_and_memory_winner_match,True,primvar_recovery_transition_object_a9d2daacfd0f,primvar_recovery_transition_object_a9d2daacfd0f,0.0,0.0,0.03,0.0,1.0,0.0002099759965927,0.0002099759965927,0.0,0.0,0.0336140207139541,0.6210430699659321,0.0124208613993186,0.0,0.1,0.2,0.0,0.0,7,0,0.966385979286046,0.6210430699659321,decision_level_baseline_vs_candidate_path_memory_gap_audit,outer_loop_spatial_flow_belief_safe_explore_exploit_memory_v2_2
light_cluster,spatial_flow_belief_memory_h30,30,final_heldout,6,r10_l7_full_domain_randomisation_arena_wide_training,r10_l7_full_domain_randomisation_arena_wide_training,r10_light_cluster_spatial_flow_belief_memory_h30_final_0006,2,inflight_recovery_edge,recoverable_degraded,safe_exit_or_recovery_handoff,primvar_safe_exit_or_recovery_handoff_transition_object_89fe6c2843f5,baseline_and_memory_winner_match,True,primvar_safe_exit_or_recovery_handoff_transition_object_89fe6c2843f5,primvar_safe_exit_or_recovery_handoff_transition_object_89fe6c2843f5,0.0,0.0,0.03,0.0,1.0,0.0002618468654912,0.0002618468654912,0.0,0.0,0.0358403661019077,0.6644794386184834,0.0132895887723696,0.0,0.1,0.2,0.0,0.0,7,0,0.9641596338980922,0.6644794386184834,decision_level_baseline_vs_candidate_path_memory_gap_audit,outer_loop_spatial_flow_belief_safe_explore_exploit_memory_v2_2
light_cluster,spatial_flow_belief_memory_h30,30,final_heldout,6,r10_l7_full_domain_randomisation_arena_wide_training,r10_l7_full_domain_randomisation_arena_wide_training,r10_light_cluster_spatial_flow_belief_memory_h30_final_0006,3,inflight_recovery_edge,recoverable_degraded,safe_exit_or_recovery_handoff,primvar_safe_exit_or_recovery_handoff_transition_object_eb5ec1f84c14,baseline_and_memory_winner_match,True,primvar_safe_exit_or_recovery_handoff_transition_object_eb5ec1f84c14,primvar_safe_exit_or_recovery_handoff_transition_object_eb5ec1f84c14,0.0,0.0,0.03,0.0,1.0,0.000239403708271,0.000239403708271,0.0,0.0,0.0369515728589265,0.6665992197967656,0.0133319843959353,0.0,0.1,0.2,0.0,0.0,7,0,0.9630484271410734,0.6665992197967656,decision_level_baseline_vs_candidate_path_memory_gap_audit,outer_loop_spatial_flow_belief_safe_explore_exploit_memory_v2_2
light_cluster,spatial_flow_belief_memory_h30,30,final_heldout,6,r10_l7_full_domain_randomisation_arena_wide_training,r10_l7_full_domain_randomisation_arena_wide_training,r10_light_cluster_spatial_flow_belief_memory_h30_final_0006,4,inflight_recovery_edge,recoverable_degraded,safe_exit_or_recovery_handoff,primvar_safe_exit_or_recovery_handoff_transition_object_54443200afd9,baseline_and_memory_winner_match,True,primvar_safe_exit_or_recovery_handoff_transition_object_54443200afd9,primvar_safe_exit_or_recovery_handoff_transition_object_54443200afd9,0.0,0.0,0.03,0.0,1.0,0.0002033768116446,0.0002033768116446,0.0,0.0,0.0372687225389714,0.6602928648964803,0.0132058572979296,0.0,0.1,0.2,0.0,0.0,7,0,0.9627312774610286,0.6602928648964803,decision_level_baseline_vs_candidate_path_memory_gap_audit,outer_loop_spatial_flow_belief_safe_explore_exploit_memory_v2_2
light_cluster,spatial_flow_belief_memory_h30,30,final_heldout,6,r10_l7_full_domain_randomisation_arena_wide_training,r10_l7_full_domain_randomisation_arena_wide_training,r10_light_cluster_spatial_flow_belief_memory_h30_final_0006,5,inflight_recovery_edge,recoverable_degraded,safe_exit_or_recovery_handoff,primvar_safe_exit_or_recovery_handoff_transition_object_54443200afd9,baseline_and_memory_winner_match,True,primvar_safe_exit_or_recovery_handoff_transition_object_54443200afd9,primvar_safe_exit_or_recovery_handoff_transition_object_54443200afd9,0.0,0.0,0.03,0.0,1.0,0.0001110830779739,0.0001110830779739,0.0,0.0,0.0368613813400264,0.7044982095526219,0.0140899641910524,0.0,0.1,0.2,1.9841432315442638e-32,1.6032663230219613e-29,7,3,0.9631386186599736,0.7044982095526219,decision_level_baseline_vs_candidate_path_memory_gap_audit,outer_loop_spatial_flow_belief_safe_explore_exploit_memory_v2_2
light_cluster,spatial_flow_belief_memory_h30,30,final_heldout,6,r10_l7_full_domain_randomisation_arena_wide_training,r10_l7_full_domain_randomisation_arena_wide_training,r10_light_cluster_spatial_flow_belief_memory_h30_final_0006,6,inflight_recovery_edge,recoverable_degraded,safe_exit_or_recovery_handoff,primvar_safe_exit_or_recovery_handoff_transition_object_5e603211d22a,baseline_and_memory_winner_match,True,primvar_safe_exit_or_recovery_handoff_transition_object_5e603211d22a,primvar_safe_exit_or_recovery_handoff_transition_object_5e603211d22a,0.0,0.0,0.03,0.0,1.0,-3.917960237714846e-06,-3.917960237714846e-06,0.0,0.0,0.0362668710722456,0.6902252241440456,0.0138045044828809,0.0,0.1,0.2,1.2367961923717548e-32,1.4269772670262774e-29,7,3,0.9637331289277544,0.6902252241440456,decision_level_baseline_vs_candidate_path_memory_gap_audit,outer_loop_spatial_flow_belief_safe_explore_exploit_memory_v2_2
light_cluster,spatial_flow_belief_memory_h30,30,final_heldout,6,r10_l7_full_domain_randomisation_arena_wide_training,r10_l7_full_domain_randomisation_arena_wide_training,r10_light_cluster_spatial_flow_belief_memory_h30_final_0006,7,inflight_recovery_edge,recoverable_degraded,safe_exit_or_recovery_handoff,primvar_safe_exit_or_recovery_handoff_transition_object_5e603211d22a,baseline_and_memory_winner_match,True,primvar_safe_exit_or_recovery_handoff_transition_object_5e603211d22a,primvar_safe_exit_or_recovery_handoff_transition_object_5e603211d22a,0.0,0.0,0.03,0.0,1.0,-0.0001043762717363,-0.0001043762717363,0.0,0.0,0.0326827468992584,0.7373123630472037,0.014746247260944,0.0,0.1,0.2,9.807713540164505e-34,8.340817378850151e-31,6,2,0.9673172531007416,0.7373123630472037,decision_level_baseline_vs_candidate_path_memory_gap_audit,outer_loop_spatial_flow_belief_safe_explore_exploit_memory_v2_2
light_cluster,spatial_flow_belief_memory_h30,30,final_heldout,6,r10_l7_full_domain_randomisation_arena_wide_training,r10_l7_full_domain_randomisation_arena_wide_training,r10_light_cluster_spatial_flow_belief_memory_h30_final_0006,8,inflight_boundary_near,boundary_near,energy_retaining_bank,primvar_energy_retaining_bank_transition_object_dfab686f7773,baseline_and_memory_winner_match,True,primvar_energy_retaining_bank_transition_object_dfab686f7773,primvar_energy_retaining_bank_transition_object_dfab686f7773,0.0,0.0,0.03,0.0,1.0,-0.000277334793954,-0.000277334793954,0.0,0.0,0.0763989554093095,0.751294553579634,0.0150258910715926,0.0,0.1,0.2,0.0,0.0,3,0,0.9236010445906904,0.751294553579634,decision_level_baseline_vs_candidate_path_memory_gap_audit,outer_loop_spatial_flow_belief_safe_explore_exploit_memory_v2_2
light_cluster,spatial_flow_belief_memory_h30,30,final_heldout,6,r10_l7_full_domain_randomisation_arena_wide_training,r10_l7_full_domain_randomisation_arena_wide_training,r10_light_cluster_spatial_flow_belief_memory_h30_final_0006,9,inflight_boundary_near,boundary_near,energy_retaining_bank,primvar_energy_retaining_bank_transition_object_dfab686f7773,baseline_and_memory_winner_match,True,primvar_energy_retaining_bank_transition_object_dfab686f7773,primvar_energy_retaining_bank_transition_object_dfab686f7773,0.0,0.0,0.03,0.0,1.0,-0.0002539310521861,-0.0002539310521861,0.0,0.0,0.0412931620180981,0.8070790888281354,0.0161415817765627,0.0,0.1,0.2,0.0,0.0,0,0,0.9587068379819018,0.8070790888281354,decision_level_baseline_vs_candidate_path_memory_gap_audit,outer_loop_spatial_flow_belief_safe_explore_exploit_memory_v2_2
light_cluster,spatial_flow_belief_memory_h30,30,final_heldout,6,r10_l7_full_domain_randomisation_arena_wide_training,r10_l7_full_domain_randomisation_arena_wide_training,r10_light_cluster_spatial_flow_belief_memory_h30_final_0006,10,inflight_boundary_near,boundary_near,energy_retaining_bank,primvar_energy_retaining_bank_transition_object_dfab686f7773,baseline_and_memory_winner_match,True,primvar_energy_retaining_bank_transition_object_dfab686f7773,primvar_energy_retaining_bank_transition_object_dfab686f7773,0.0,0.0,0.03,0.0,1.0,-0.0002749558191856,-0.0002749558191856,0.0,0.0,0.0339737194223304,0.8112604565339105,0.0162252091306782,0.0,0.1,0.2,0.0,0.0,0,0,0.9660262805776696,0.8112604565339105,decision_level_baseline_vs_candidate_path_memory_gap_audit,outer_loop_spatial_flow_belief_safe_explore_exploit_memory_v2_2
light_cluster,spatial_flow_belief_memory_h30,30,final_heldout,6,r10_l7_full_domain_randomisation_arena_wide_training,r10_l7_full_domain_randomisation_arena_wide_training,r10_light_cluster_spatial_flow_belief_memory_h30_final_0006,11,inflight_boundary_near,boundary_near,lift_dwell_arc,primvar_lift_dwell_arc_transition_object_3d4acb04abc7,baseline_and_memory_winner_match,True,primvar_lift_dwell_arc_transition_object_3d4acb04abc7,primvar_lift_dwell_arc_transition_object_3d4acb04abc7,0.0,0.0,0.03,0.0,1.0,-0.0003257623253561,-0.0003257623253561,0.0,0.0,0.0337828786252095,0.886430757153534,0.0177286151430706,0.0,0.1,0.2,0.0,0.0,0,0,0.9662171213747904,0.886430757153534,decision_level_baseline_vs_candidate_path_memory_gap_audit,outer_loop_spatial_flow_belief_safe_explore_exploit_memory_v2_2
light_cluster,spatial_flow_belief_memory_h30,30,final_heldout,6,r10_l7_full_domain_randomisation_arena_wide_training,r10_l7_full_domain_randomisation_arena_wide_training,r10_light_cluster_spatial_flow_belief_memory_h30_final_0006,12,inflight_boundary_near,boundary_near,lift_dwell_arc,primvar_lift_dwell_arc_transition_object_3d4acb04abc7,baseline_and_memory_winner_match,True,primvar_lift_dwell_arc_transition_object_3d4acb04abc7,primvar_lift_dwell_arc_transition_object_3d4acb04abc7,0.0,0.0,0.03,0.0,1.0,-0.0003450063555874,-0.0003450063555874,0.0,0.0,0.0318247014449998,0.7340717995469596,0.0146814359909391,0.0,0.1,0.2,0.0,0.0,0,0,0.9681752985550002,0.7340717995469596,decision_level_baseline_vs_candidate_path_memory_gap_audit,outer_loop_spatial_flow_belief_safe_explore_exploit_memory_v2_2
super_light_cluster,spatial_flow_belief_memory_h3,3,final_heldout,1,r10_l7_full_domain_randomisation_arena_wide_training,r10_l7_full_domain_randomisation_arena_wide_training,r10_super_light_cluster_spatial_flow_belief_memory_h3_final_0001,0,launch_gate,launch_gate,mild_turn_left,primvar_mild_turn_left_transition_object_dab2e653a49b,baseline_and_memory_winner_match,True,primvar_mild_turn_left_transition_object_dab2e653a49b,primvar_mild_turn_left_transition_object_dab2e653a49b,0.0,0.0,0.03,0.0,1.0,0.0,0.0,0.0,0.0,0.0,0.5971880228933993,0.0119437604578679,0.0,0.1,0.2,0.0,0.0,7,0,1.0,0.5971880228933993,decision_level_baseline_vs_candidate_path_memory_gap_audit,outer_loop_spatial_flow_belief_safe_explore_exploit_memory_v2_2
super_light_cluster,spatial_flow_belief_memory_h3,3,final_heldout,1,r10_l7_full_domain_randomisation_arena_wide_training,r10_l7_full_domain_randomisation_arena_wide_training,r10_super_light_cluster_spatial_flow_belief_memory_h3_final_0001,1,inflight_nominal,inflight_stable,lift_entry,primvar_lift_entry_transition_object_a65393bbc7f9,baseline_and_memory_winner_match,True,primvar_lift_entry_transition_object_a65393bbc7f9,primvar_lift_entry_transition_object_a65393bbc7f9,0.0,0.0,0.03,0.0,1.0,3.436254479405321e-05,3.436254479405321e-05,0.0,0.0,0.0296220624029685,0.5699914072148662,0.0113998281442973,0.0,0.1,0.2,0.0,0.0,7,0,0.9703779375970314,0.5699914072148662,decision_level_baseline_vs_candidate_path_memory_gap_audit,outer_loop_spatial_flow_belief_safe_explore_exploit_memory_v2_2
super_light_cluster,spatial_flow_belief_memory_h3,3,final_heldout,1,r10_l7_full_domain_randomisation_arena_wide_training,r10_l7_full_domain_randomisation_arena_wide_training,r10_super_light_cluster_spatial_flow_belief_memory_h3_final_0001,2,inflight_recovery_edge,recoverable_degraded,safe_exit_or_recovery_handoff,primvar_safe_exit_or_recovery_handoff_transition_object_eb5ec1f84c14,baseline_and_memory_winner_match,True,primvar_safe_exit_or_recovery_handoff_transition_object_eb5ec1f84c14,primvar_safe_exit_or_recovery_handoff_transition_object_eb5ec1f84c14,0.0,0.0,0.03,0.0,1.0,-5.798387442382258e-05,-5.798387442382258e-05,0.0,0.0,0.0407533363433017,0.5922355220398775,0.0118447104407975,0.0,0.1,0.2,0.0,0.0,7,0,0.9592466636566982,0.5922355220398775,decision_level_baseline_vs_candidate_path_memory_gap_audit,outer_loop_spatial_flow_belief_safe_explore_exploit_memory_v2_2
super_light_cluster,spatial_flow_belief_memory_h3,3,final_heldout,1,r10_l7_full_domain_randomisation_arena_wide_training,r10_l7_full_domain_randomisation_arena_wide_training,r10_super_light_cluster_spatial_flow_belief_memory_h3_final_0001,3,inflight_nominal,inflight_stable,lift_entry,primvar_lift_entry_transition_object_a65393bbc7f9,baseline_and_memory_winner_match,True,primvar_lift_entry_transition_object_a65393bbc7f9,primvar_lift_entry_transition_object_a65393bbc7f9,0.0,0.0,0.03,0.0,1.0,-0.0001161898179899,-0.0001161898179899,0.0,0.0,0.0319856378567139,0.6446181435101302,0.0128923628702026,0.0,0.1,0.2,0.0,0.0,7,0,0.968014362143286,0.6446181435101302,decision_level_baseline_vs_candidate_path_memory_gap_audit,outer_loop_spatial_flow_belief_safe_explore_exploit_memory_v2_2
super_light_cluster,spatial_flow_belief_memory_h3,3,final_heldout,1,r10_l7_full_domain_randomisation_arena_wide_training,r10_l7_full_domain_randomisation_arena_wide_training,r10_super_light_cluster_spatial_flow_belief_memory_h3_final_0001,4,inflight_recovery_edge,recoverable_degraded,safe_exit_or_recovery_handoff,primvar_safe_exit_or_recovery_handoff_transition_object_89fe6c2843f5,baseline_and_memory_winner_match,True,primvar_safe_exit_or_recovery_handoff_transition_object_89fe6c2843f5,primvar_safe_exit_or_recovery_handoff_transition_object_89fe6c2843f5,0.0,0.0,0.03,0.0,1.0,-0.000148639845819,-0.000148639845819,0.0,0.0,0.0340102565706534,0.7450049598349315,0.0149000991966986,0.0,0.1,0.2,0.0,0.0,7,0,0.9659897434293466,0.7450049598349315,decision_level_baseline_vs_candidate_path_memory_gap_audit,outer_loop_spatial_flow_belief_safe_explore_exploit_memory_v2_2
super_light_cluster,spatial_flow_belief_memory_h3,3,final_heldout,1,r10_l7_full_domain_randomisation_arena_wide_training,r10_l7_full_domain_randomisation_arena_wide_training,r10_super_light_cluster_spatial_flow_belief_memory_h3_final_0001,5,inflight_recovery_edge,recoverable_degraded,safe_exit_or_recovery_handoff,primvar_safe_exit_or_recovery_handoff_transition_object_89fe6c2843f5,baseline_and_memory_winner_match,True,primvar_safe_exit_or_recovery_handoff_transition_object_89fe6c2843f5,primvar_safe_exit_or_recovery_handoff_transition_object_89fe6c2843f5,0.0,0.0,0.03,0.0,1.0,-0.0002086715722001,-0.0002086715722001,0.0,0.0,0.0387767594245568,0.819420008662033,0.0163884001732406,0.0,0.1,0.2,0.0,0.0,5,0,0.9612232405754432,0.819420008662033,decision_level_baseline_vs_candidate_path_memory_gap_audit,outer_loop_spatial_flow_belief_safe_explore_exploit_memory_v2_2
super_light_cluster,spatial_flow_belief_memory_h3,3,final_heldout,1,r10_l7_full_domain_randomisation_arena_wide_training,r10_l7_full_domain_randomisation_arena_wide_training,r10_super_light_cluster_spatial_flow_belief_memory_h3_final_0001,6,inflight_recovery_edge,recoverable_degraded,safe_exit_or_recovery_handoff,primvar_safe_exit_or_recovery_handoff_transition_object_89fe6c2843f5,baseline_and_memory_winner_match,True,primvar_safe_exit_or_recovery_handoff_transition_object_89fe6c2843f5,primvar_safe_exit_or_recovery_handoff_transition_object_89fe6c2843f5,0.0,0.0,0.03,0.0,1.0,-0.000217591475861,-0.000217591475861,0.0,0.0,0.0432475362543019,0.9208957934940504,0.018417915869881,0.0,0.1,0.2,0.0,0.0,0,0,0.956752463745698,0.9208957934940504,decision_level_baseline_vs_candidate_path_memory_gap_audit,outer_loop_spatial_flow_belief_safe_explore_exploit_memory_v2_2
super_light_cluster,spatial_flow_belief_memory_h3,3,final_heldout,1,r10_l7_full_domain_randomisation_arena_wide_training,r10_l7_full_domain_randomisation_arena_wide_training,r10_super_light_cluster_spatial_flow_belief_memory_h3_final_0001,7,inflight_boundary_near,boundary_near,energy_retaining_bank,primvar_energy_retaining_bank_transition_object_f378f7a74cce,baseline_and_memory_winner_match,True,primvar_energy_retaining_bank_transition_object_f378f7a74cce,primvar_energy_retaining_bank_transition_object_f378f7a74cce,0.0,0.0,0.03,0.0,1.0,-0.0001271724972011,-0.0001271724972011,0.0,0.0,0.027393984682633,0.972606015317367,0.0194521203063473,0.0,0.1,0.2,0.0,0.0,0,0,0.972606015317367,0.972606015317367,decision_level_baseline_vs_candidate_path_memory_gap_audit,outer_loop_spatial_flow_belief_safe_explore_exploit_memory_v2_2
super_light_cluster,spatial_flow_belief_memory_h3,3,final_heldout,1,r10_l7_full_domain_randomisation_arena_wide_training,r10_l7_full_domain_randomisation_arena_wide_training,r10_super_light_cluster_spatial_flow_belief_memory_h3_final_0001,8,inflight_boundary_near,boundary_near,mild_turn_left,primvar_mild_turn_left_transition_object_dce8f75ea53c,baseline_and_memory_winner_match,True,primvar_mild_turn_left_transition_object_dce8f75ea53c,primvar_mild_turn_left_transition_object_dce8f75ea53c,0.0,0.0,0.03,0.0,1.0,-7.997773919332651e-05,-7.997773919332651e-05,0.0,0.0,0.0394804207088439,0.960519579291156,0.0192103915858231,0.0,0.1,0.2,0.0,0.0,0,0,0.960519579291156,0.960519579291156,decision_level_baseline_vs_candidate_path_memory_gap_audit,outer_loop_spatial_flow_belief_safe_explore_exploit_memory_v2_2
super_light_cluster,spatial_flow_belief_memory_h3,3,final_heldout,1,r10_l7_full_domain_randomisation_arena_wide_training,r10_l7_full_domain_randomisation_arena_wide_training,r10_super_light_cluster_spatial_flow_belief_memory_h3_final_0001,9,inflight_boundary_near,boundary_near,mild_turn_left,primvar_mild_turn_left_transition_object_dce8f75ea53c,baseline_and_memory_winner_match,True,primvar_mild_turn_left_transition_object_dce8f75ea53c,primvar_mild_turn_left_transition_object_dce8f75ea53c,0.0,0.0,0.03,0.0,1.0,-2.492493163686049e-05,-2.492493163686049e-05,0.0,0.0,0.0299600380865076,0.9700399619134924,0.0194007992382698,0.0,0.1,0.2,0.0,0.0,0,0,0.9700399619134924,0.9700399619134924,decision_level_baseline_vs_candidate_path_memory_gap_audit,outer_loop_spatial_flow_belief_safe_explore_exploit_memory_v2_2
super_light_cluster,spatial_flow_belief_memory_h3,3,final_heldout,1,r10_l7_full_domain_randomisation_arena_wide_training,r10_l7_full_domain_randomisation_arena_wide_training,r10_super_light_cluster_spatial_flow_belief_memory_h3_final_0001,10,inflight_boundary_near,boundary_near,mild_turn_left,primvar_mild_turn_left_transition_object_dce8f75ea53c,baseline_and_memory_winner_match,True,primvar_mild_turn_left_transition_object_dce8f75ea53c,primvar_mild_turn_left_transition_object_dce8f75ea53c,0.0,0.0,0.03,0.0,1.0,6.877599105514776e-05,6.877599105514776e-05,0.0,0.0,0.0363466137960379,0.963653386203962,0.0192730677240792,0.0,0.1,0.2,0.0,0.0,0,0,0.963653386203962,0.963653386203962,decision_level_baseline_vs_candidate_path_memory_gap_audit,outer_loop_spatial_flow_belief_safe_explore_exploit_memory_v2_2
super_light_cluster,spatial_flow_belief_memory_h3,3,final_heldout,1,r10_l7_full_domain_randomisation_arena_wide_training,r10_l7_full_domain_randomisation_arena_wide_training,r10_super_light_cluster_spatial_flow_belief_memory_h3_final_0001,11,inflight_boundary_near,boundary_near,mild_turn_left,primvar_mild_turn_left_transition_object_dce8f75ea53c,baseline_and_memory_winner_match,True,primvar_mild_turn_left_transition_object_dce8f75ea53c,primvar_mild_turn_left_transition_object_dce8f75ea53c,0.0,0.0,0.03,0.0,1.0,9.05291889203852e-05,9.05291889203852e-05,0.0,0.0,0.0325659985075834,0.9674340014924164,0.0193486800298483,0.0,0.1,0.2,0.0,0.0,0,0,0.9674340014924164,0.9674340014924164,decision_level_baseline_vs_candidate_path_memory_gap_audit,outer_loop_spatial_flow_belief_safe_explore_exploit_memory_v2_2
super_light_cluster,spatial_flow_belief_memory_h3,3,final_heldout,2,r10_l7_full_domain_randomisation_arena_wide_training,r10_l7_full_domain_randomisation_arena_wide_training,r10_super_light_cluster_spatial_flow_belief_memory_h3_final_0002,0,launch_gate,launch_gate,mild_turn_left,primvar_mild_turn_left_transition_object_c5942d118f74,baseline_and_memory_winner_match,True,primvar_mild_turn_left_transition_object_c5942d118f74,primvar_mild_turn_left_transition_object_c5942d118f74,0.0,0.0,0.03,0.0,1.0,-1.4962992964884236e-05,-1.4962992964884236e-05,0.0,0.0,0.0056802551421175,0.6239262605992566,0.0124785252119851,0.0,0.1,0.2,0.0,0.0,7,0,0.9943197448578824,0.6239262605992566,decision_level_baseline_vs_candidate_path_memory_gap_audit,outer_loop_spatial_flow_belief_safe_explore_exploit_memory_v2_2
super_light_cluster,spatial_flow_belief_memory_h3,3,final_heldout,2,r10_l7_full_domain_randomisation_arena_wide_training,r10_l7_full_domain_randomisation_arena_wide_training,r10_super_light_cluster_spatial_flow_belief_memory_h3_final_0002,1,inflight_nominal,inflight_stable,mild_turn_left,primvar_mild_turn_left_transition_object_c0027154e9bd,baseline_and_memory_winner_match,True,primvar_mild_turn_left_transition_object_c0027154e9bd,primvar_mild_turn_left_transition_object_c0027154e9bd,0.0,0.0,0.03,0.0,1.0,0.0002209715930572,0.0002209715930572,0.0,0.0,0.0397639780543415,0.6430643122959425,0.0128612862459188,0.0,0.1,0.2,0.0,0.0,7,0,0.9602360219456584,0.6430643122959425,decision_level_baseline_vs_candidate_path_memory_gap_audit,outer_loop_spatial_flow_belief_safe_explore_exploit_memory_v2_2
super_light_cluster,spatial_flow_belief_memory_h3,3,final_heldout,2,r10_l7_full_domain_randomisation_arena_wide_training,r10_l7_full_domain_randomisation_arena_wide_training,r10_super_light_cluster_spatial_flow_belief_memory_h3_final_0002,2,inflight_recovery_edge,recoverable_degraded,safe_exit_or_recovery_handoff,primvar_safe_exit_or_recovery_handoff_transition_object_89fe6c2843f5,baseline_and_memory_winner_match,True,primvar_safe_exit_or_recovery_handoff_transition_object_89fe6c2843f5,primvar_safe_exit_or_recovery_handoff_transition_object_89fe6c2843f5,0.0,0.0,0.03,0.0,1.0,0.0003337773849785,0.0003337773849785,0.0,0.0,0.034572494914617,0.6480160959818777,0.0129603219196375,0.0,0.1,0.2,0.0,0.0,7,0,0.965427505085383,0.6480160959818777,decision_level_baseline_vs_candidate_path_memory_gap_audit,outer_loop_spatial_flow_belief_safe_explore_exploit_memory_v2_2
super_light_cluster,spatial_flow_belief_memory_h3,3,final_heldout,2,r10_l7_full_domain_randomisation_arena_wide_training,r10_l7_full_domain_randomisation_arena_wide_training,r10_super_light_cluster_spatial_flow_belief_memory_h3_final_0002,3,inflight_recovery_edge,recoverable_degraded,safe_exit_or_recovery_handoff,primvar_safe_exit_or_recovery_handoff_transition_object_89fe6c2843f5,baseline_and_memory_winner_match,True,primvar_safe_exit_or_recovery_handoff_transition_object_89fe6c2843f5,primvar_safe_exit_or_recovery_handoff_transition_object_89fe6c2843f5,0.0,0.0,0.03,0.0,1.0,0.000374989691504,0.000374989691504,0.0,0.0,0.0299890392080935,0.7079476952760947,0.0141589539055218,0.0,0.1,0.2,0.0,0.0,7,0,0.9700109607919064,0.7079476952760947,decision_level_baseline_vs_candidate_path_memory_gap_audit,outer_loop_spatial_flow_belief_safe_explore_exploit_memory_v2_2
super_light_cluster,spatial_flow_belief_memory_h3,3,final_heldout,2,r10_l7_full_domain_randomisation_arena_wide_training,r10_l7_full_domain_randomisation_arena_wide_training,r10_super_light_cluster_spatial_flow_belief_memory_h3_final_0002,4,inflight_recovery_edge,recoverable_degraded,safe_exit_or_recovery_handoff,primvar_safe_exit_or_recovery_handoff_transition_object_eb5ec1f84c14,baseline_and_memory_winner_match,True,primvar_safe_exit_or_recovery_handoff_transition_object_eb5ec1f84c14,primvar_safe_exit_or_recovery_handoff_transition_object_eb5ec1f84c14,0.0,0.0,0.03,0.0,1.0,0.0004374000488854,0.0004374000488854,0.0,0.0,0.0320053488932232,0.7198901579622121,0.0143978031592442,0.0,0.1,0.2,0.0,0.0,7,0,0.9679946511067768,0.7198901579622121,decision_level_baseline_vs_candidate_path_memory_gap_audit,outer_loop_spatial_flow_belief_safe_explore_exploit_memory_v2_2
super_light_cluster,spatial_flow_belief_memory_h3,3,final_heldout,2,r10_l7_full_domain_randomisation_arena_wide_training,r10_l7_full_domain_randomisation_arena_wide_training,r10_super_light_cluster_spatial_flow_belief_memory_h3_final_0002,5,inflight_recovery_edge,recoverable_degraded,safe_exit_or_recovery_handoff,primvar_safe_exit_or_recovery_handoff_transition_object_eb5ec1f84c14,baseline_and_memory_winner_match,True,primvar_safe_exit_or_recovery_handoff_transition_object_eb5ec1f84c14,primvar_safe_exit_or_recovery_handoff_transition_object_eb5ec1f84c14,0.0,0.0,0.03,0.0,1.0,0.0003073051863242,0.0003073051863242,0.0,0.0,0.0329928355280935,0.7913285730436593,0.0158265714608731,0.0,0.1,0.2,0.0,0.0,5,0,0.9670071644719064,0.7913285730436593,decision_level_baseline_vs_candidate_path_memory_gap_audit,outer_loop_spatial_flow_belief_safe_explore_exploit_memory_v2_2
super_light_cluster,spatial_flow_belief_memory_h3,3,final_heldout,2,r10_l7_full_domain_randomisation_arena_wide_training,r10_l7_full_domain_randomisation_arena_wide_training,r10_super_light_cluster_spatial_flow_belief_memory_h3_final_0002,6,inflight_recovery_edge,recoverable_degraded,safe_exit_or_recovery_handoff,primvar_safe_exit_or_recovery_handoff_transition_object_eb5ec1f84c14,baseline_and_memory_winner_match,True,primvar_safe_exit_or_recovery_handoff_transition_object_eb5ec1f84c14,primvar_safe_exit_or_recovery_handoff_transition_object_eb5ec1f84c14,0.0,0.0,0.03,0.0,1.0,9.17728148491781e-06,9.17728148491781e-06,0.0,0.0,0.0347939991596418,0.88044466900495,0.017608893380099,0.0,0.1,0.2,0.0,0.0,0,0,0.965206000840358,0.88044466900495,decision_level_baseline_vs_candidate_path_memory_gap_audit,outer_loop_spatial_flow_belief_safe_explore_exploit_memory_v2_2
super_light_cluster,spatial_flow_belief_memory_h3,3,final_heldout,2,r10_l7_full_domain_randomisation_arena_wide_training,r10_l7_full_domain_randomisation_arena_wide_training,r10_super_light_cluster_spatial_flow_belief_memory_h3_final_0002,7,inflight_recovery_edge,recoverable_degraded,safe_exit_or_recovery_handoff,primvar_safe_exit_or_recovery_handoff_transition_object_eb5ec1f84c14,baseline_and_memory_winner_match,True,primvar_safe_exit_or_recovery_handoff_transition_object_eb5ec1f84c14,primvar_safe_exit_or_recovery_handoff_transition_object_eb5ec1f84c14,0.0,0.0,0.03,0.0,1.0,-0.0002594859791515,-0.0002594859791515,0.0,0.0,0.0394719979058783,0.9605280020941216,0.0192105600418824,0.0,0.1,0.2,0.0,0.0,0,0,0.9605280020941216,0.9605280020941216,decision_level_baseline_vs_candidate_path_memory_gap_audit,outer_loop_spatial_flow_belief_safe_explore_exploit_memory_v2_2
super_light_cluster,spatial_flow_belief_memory_h3,3,final_heldout,2,r10_l7_full_domain_randomisation_arena_wide_training,r10_l7_full_domain_randomisation_arena_wide_training,r10_super_light_cluster_spatial_flow_belief_memory_h3_final_0002,8,inflight_boundary_near,boundary_near,mild_turn_left,primvar_mild_turn_left_transition_object_dce8f75ea53c,baseline_and_memory_winner_match,True,primvar_mild_turn_left_transition_object_dce8f75ea53c,primvar_mild_turn_left_transition_object_dce8f75ea53c,0.0,0.0,0.03,0.0,1.0,-0.00027390253994,-0.00027390253994,0.0,0.0,0.0293368146545044,0.9706631853454956,0.0194132637069099,0.0,0.1,0.2,0.0,0.0,0,0,0.9706631853454956,0.9706631853454956,decision_level_baseline_vs_candidate_path_memory_gap_audit,outer_loop_spatial_flow_belief_safe_explore_exploit_memory_v2_2
super_light_cluster,spatial_flow_belief_memory_h3,3,final_heldout,2,r10_l7_full_domain_randomisation_arena_wide_training,r10_l7_full_domain_randomisation_arena_wide_training,r10_super_light_cluster_spatial_flow_belief_memory_h3_final_0002,9,inflight_boundary_near,boundary_near,energy_retaining_bank,primvar_energy_retaining_bank_transition_object_f378f7a74cce,baseline_and_memory_winner_match,True,primvar_energy_retaining_bank_transition_object_f378f7a74cce,primvar_energy_retaining_bank_transition_object_f378f7a74cce,0.0,0.0,0.03,0.0,1.0,-0.0002799804864903,-0.0002799804864903,0.0,0.0,0.0377164073403615,0.9622835926596384,0.0192456718531927,0.0,0.1,0.2,0.0,0.0,0,0,0.9622835926596384,0.9622835926596384,decision_level_baseline_vs_candidate_path_memory_gap_audit,outer_loop_spatial_flow_belief_safe_explore_exploit_memory_v2_2
super_light_cluster,spatial_flow_belief_memory_h3,3,final_heldout,2,r10_l7_full_domain_randomisation_arena_wide_training,r10_l7_full_domain_randomisation_arena_wide_training,r10_super_light_cluster_spatial_flow_belief_memory_h3_final_0002,10,inflight_boundary_near,boundary_near,energy_retaining_bank,primvar_energy_retaining_bank_transition_object_f378f7a74cce,baseline_and_memory_winner_match,True,primvar_energy_retaining_bank_transition_object_f378f7a74cce,primvar_energy_retaining_bank_transition_object_f378f7a74cce,0.0,0.0,0.03,0.0,1.0,-0.0002072176890146,-0.0002072176890146,0.0,0.0,0.0283516757132409,0.971648324286759,0.0194329664857351,0.0,0.1,0.2,0.0,0.0,0,0,0.971648324286759,0.971648324286759,decision_level_baseline_vs_candidate_path_memory_gap_audit,outer_loop_spatial_flow_belief_safe_explore_exploit_memory_v2_2
super_light_cluster,spatial_flow_belief_memory_h3,3,final_heldout,2,r10_l7_full_domain_randomisation_arena_wide_training,r10_l7_full_domain_randomisation_arena_wide_training,r10_super_light_cluster_spatial_flow_belief_memory_h3_final_0002,11,inflight_boundary_near,boundary_near,energy_retaining_bank,primvar_energy_retaining_bank_transition_object_f378f7a74cce,baseline_and_memory_winner_match,True,primvar_energy_retaining_bank_transition_object_f378f7a74cce,primvar_energy_retaining_bank_transition_object_f378f7a74cce,0.0,0.0,0.03,0.0,1.0,-0.0002980055732448,-0.0002980055732448,0.0,0.0,0.0403519777821519,0.959648022217848,0.0191929604443569,0.0,0.1,0.2,0.0,0.0,0,0,0.959648022217848,0.959648022217848,decision_level_baseline_vs_candidate_path_memory_gap_audit,outer_loop_spatial_flow_belief_safe_explore_exploit_memory_v2_2
super_light_cluster,spatial_flow_belief_memory_h3,3,final_heldout,3,r10_l7_full_domain_randomisation_arena_wide_training,r10_l7_full_domain_randomisation_arena_wide_training,r10_super_light_cluster_spatial_flow_belief_memory_h3_final_0003,0,launch_gate,launch_gate,energy_retaining_bank,primvar_energy_retaining_bank_transition_object_b3a90a619980,baseline_and_memory_winner_match,True,primvar_energy_retaining_bank_transition_object_b3a90a619980,primvar_energy_retaining_bank_transition_object_b3a90a619980,0.0,0.0,0.03,0.0,1.0,6.21377568293946e-05,6.21377568293946e-05,0.0,0.0,0.0067644440096473,0.744108289697633,0.0148821657939526,0.0,0.1,0.2,0.0,0.0,7,0,0.9932355559903528,0.744108289697633,decision_level_baseline_vs_candidate_path_memory_gap_audit,outer_loop_spatial_flow_belief_safe_explore_exploit_memory_v2_2
super_light_cluster,spatial_flow_belief_memory_h3,3,final_heldout,3,r10_l7_full_domain_randomisation_arena_wide_training,r10_l7_full_domain_randomisation_arena_wide_training,r10_super_light_cluster_spatial_flow_belief_memory_h3_final_0003,1,inflight_boundary_near,boundary_near,mild_turn_right,primvar_mild_turn_right_transition_object_40208f0dcfe3,baseline_and_memory_winner_match,True,primvar_mild_turn_right_transition_object_40208f0dcfe3,primvar_mild_turn_right_transition_object_40208f0dcfe3,0.0,0.0,0.03,0.0,1.0,4.319097042260189e-05,4.319097042260189e-05,0.0,0.0,0.0388979698645681,0.7941572647152075,0.0158831452943041,0.0,0.1,0.2,0.0,0.0,7,0,0.9611020301354318,0.7941572647152075,decision_level_baseline_vs_candidate_path_memory_gap_audit,outer_loop_spatial_flow_belief_safe_explore_exploit_memory_v2_2
super_light_cluster,spatial_flow_belief_memory_h3,3,final_heldout,3,r10_l7_full_domain_randomisation_arena_wide_training,r10_l7_full_domain_randomisation_arena_wide_training,r10_super_light_cluster_spatial_flow_belief_memory_h3_final_0003,2,inflight_boundary_near,boundary_near,mild_turn_right,primvar_mild_turn_right_transition_object_40208f0dcfe3,baseline_and_memory_winner_match,True,primvar_mild_turn_right_transition_object_40208f0dcfe3,primvar_mild_turn_right_transition_object_40208f0dcfe3,0.0,0.0,0.03,0.0,1.0,1.4580691730214925e-05,1.4580691730214925e-05,0.0,0.0,0.0343134442918935,0.8968023058718358,0.0179360461174367,0.0,0.1,0.2,0.0,0.0,1,0,0.9656865557081064,0.8968023058718358,decision_level_baseline_vs_candidate_path_memory_gap_audit,outer_loop_spatial_flow_belief_safe_explore_exploit_memory_v2_2
super_light_cluster,spatial_flow_belief_memory_h3,3,final_heldout,3,r10_l7_full_domain_randomisation_arena_wide_training,r10_l7_full_domain_randomisation_arena_wide_training,r10_super_light_cluster_spatial_flow_belief_memory_h3_final_0003,3,inflight_boundary_near,boundary_near,safe_exit_or_recovery_handoff,primvar_safe_exit_or_recovery_handoff_transition_object_6683ccb4c539,baseline_and_memory_winner_match,True,primvar_safe_exit_or_recovery_handoff_transition_object_6683ccb4c539,primvar_safe_exit_or_recovery_handoff_transition_object_6683ccb4c539,0.0,0.0,0.03,0.0,1.0,1.388779046451738e-05,1.388779046451738e-05,0.0,0.0,0.0424174091014311,0.9575825908985688,0.0191516518179713,0.0,0.1,0.2,0.0,0.0,0,0,0.9575825908985688,0.9575825908985688,decision_level_baseline_vs_candidate_path_memory_gap_audit,outer_loop_spatial_flow_belief_safe_explore_exploit_memory_v2_2
super_light_cluster,spatial_flow_belief_memory_h3,3,final_heldout,3,r10_l7_full_domain_randomisation_arena_wide_training,r10_l7_full_domain_randomisation_arena_wide_training,r10_super_light_cluster_spatial_flow_belief_memory_h3_final_0003,4,inflight_boundary_near,boundary_near,safe_exit_or_recovery_handoff,primvar_safe_exit_or_recovery_handoff_transition_object_6683ccb4c539,baseline_and_memory_winner_match,True,primvar_safe_exit_or_recovery_handoff_transition_object_6683ccb4c539,primvar_safe_exit_or_recovery_handoff_transition_object_6683ccb4c539,0.0,0.0,0.03,0.0,1.0,6.480010776188649e-06,6.480010776188649e-06,0.0,0.0,0.0275170391026809,0.972482960897319,0.0194496592179463,0.0,0.1,0.2,0.0,0.0,0,0,0.972482960897319,0.972482960897319,decision_level_baseline_vs_candidate_path_memory_gap_audit,outer_loop_spatial_flow_belief_safe_explore_exploit_memory_v2_2
super_light_cluster,spatial_flow_belief_memory_h3,3,final_heldout,3,r10_l7_full_domain_randomisation_arena_wide_training,r10_l7_full_domain_randomisation_arena_wide_training,r10_super_light_cluster_spatial_flow_belief_memory_h3_final_0003,5,inflight_boundary_near,boundary_near,energy_retaining_bank,primvar_energy_retaining_bank_transition_object_59f915f98b46,rejected_exploration_cross_family_without_memory_confidence,False,primvar_energy_retaining_bank_transition_object_59f915f98b46,primvar_lift_dwell_arc_transition_object_cd89af02a2de,2.077747007112052e-06,6.706830890657045e-08,0.03,0.0,1.0,1.528660736815901e-05,1.528660736815901e-05,0.0,67.06830890657045,0.0291976878148198,0.9708023121851802,0.0194160462437036,0.0,0.1,0.2,0.0,0.0,0,0,0.9707017782502748,0.9707017782502748,decision_level_baseline_vs_candidate_path_memory_gap_audit,outer_loop_spatial_flow_belief_safe_explore_exploit_memory_v2_2
super_light_cluster,spatial_flow_belief_memory_h3,3,final_heldout,3,r10_l7_full_domain_randomisation_arena_wide_training,r10_l7_full_domain_randomisation_arena_wide_training,r10_super_light_cluster_spatial_flow_belief_memory_h3_final_0003,6,inflight_boundary_near,boundary_near,energy_retaining_bank,primvar_energy_retaining_bank_transition_object_59f915f98b46,baseline_and_memory_winner_match,True,primvar_energy_retaining_bank_transition_object_59f915f98b46,primvar_energy_retaining_bank_transition_object_59f915f98b46,0.0,0.0,0.03,0.0,1.0,1.241888912595357e-05,1.241888912595357e-05,0.0,0.0,0.0337286578311707,0.9662713421688292,0.0193254268433765,0.0,0.1,0.2,0.0,0.0,0,0,0.9662713421688292,0.9662713421688292,decision_level_baseline_vs_candidate_path_memory_gap_audit,outer_loop_spatial_flow_belief_safe_explore_exploit_memory_v2_2
super_light_cluster,spatial_flow_belief_memory_h3,3,final_heldout,3,r10_l7_full_domain_randomisation_arena_wide_training,r10_l7_full_domain_randomisation_arena_wide_training,r10_super_light_cluster_spatial_flow_belief_memory_h3_final_0003,7,inflight_boundary_near,boundary_near,energy_retaining_bank,primvar_energy_retaining_bank_transition_object_59f915f98b46,baseline_and_memory_winner_match,True,primvar_energy_retaining_bank_transition_object_59f915f98b46,primvar_energy_retaining_bank_transition_object_59f915f98b46,0.0,0.0,0.03,0.0,1.0,3.963676382889858e-06,3.963676382889858e-06,0.0,0.0,0.0317796263734369,0.9682203736265632,0.0193644074725312,0.0,0.1,0.2,0.0,0.0,0,0,0.9682203736265632,0.9682203736265632,decision_level_baseline_vs_candidate_path_memory_gap_audit,outer_loop_spatial_flow_belief_safe_explore_exploit_memory_v2_2
super_light_cluster,spatial_flow_belief_memory_h3,3,final_heldout,5,r10_l7_full_domain_randomisation_arena_wide_training,r10_l7_full_domain_randomisation_arena_wide_training,r10_super_light_cluster_spatial_flow_belief_memory_h3_final_0005,0,launch_gate,launch_gate,lift_dwell_arc,primvar_lift_dwell_arc_transition_object_0bb49fd72816,baseline_and_memory_winner_match,True,primvar_lift_dwell_arc_transition_object_0bb49fd72816,primvar_lift_dwell_arc_transition_object_0bb49fd72816,0.0,0.0,0.03,0.0,1.0,1.1350103961138558e-06,1.1350103961138558e-06,0.0,0.0,0.000422575806761,0.7744109143896548,0.015488218287793,0.0,0.1,0.2,0.0,0.0,7,0,0.9995774241932388,0.7744109143896548,decision_level_baseline_vs_candidate_path_memory_gap_audit,outer_loop_spatial_flow_belief_safe_explore_exploit_memory_v2_2
super_light_cluster,spatial_flow_belief_memory_h3,3,final_heldout,5,r10_l7_full_domain_randomisation_arena_wide_training,r10_l7_full_domain_randomisation_arena_wide_training,r10_super_light_cluster_spatial_flow_belief_memory_h3_final_0005,1,inflight_boundary_near,boundary_near,mild_turn_right,primvar_mild_turn_right_transition_object_40208f0dcfe3,baseline_and_memory_winner_match,True,primvar_mild_turn_right_transition_object_40208f0dcfe3,primvar_mild_turn_right_transition_object_40208f0dcfe3,0.0,0.0,0.03,0.0,1.0,0.0004205640414368,0.0004205640414368,0.0,0.0,0.0341490820969322,0.7830106390931766,0.0156602127818635,0.0,0.1,0.2,0.0,0.0,7,0,0.9658509179030678,0.7830106390931766,decision_level_baseline_vs_candidate_path_memory_gap_audit,outer_loop_spatial_flow_belief_safe_explore_exploit_memory_v2_2
super_light_cluster,spatial_flow_belief_memory_h3,3,final_heldout,5,r10_l7_full_domain_randomisation_arena_wide_training,r10_l7_full_domain_randomisation_arena_wide_training,r10_super_light_cluster_spatial_flow_belief_memory_h3_final_0005,2,inflight_boundary_near,boundary_near,lift_dwell_arc,primvar_lift_dwell_arc_transition_object_cd89af02a2de,baseline_and_memory_winner_match,True,primvar_lift_dwell_arc_transition_object_cd89af02a2de,primvar_lift_dwell_arc_transition_object_cd89af02a2de,0.0,0.0,0.03,0.0,1.0,0.0003767643894683,0.0003767643894683,0.0,0.0,0.0331108891161548,0.8297694720139595,0.0165953894402791,0.0,0.1,0.2,0.0,0.0,6,0,0.9668891108838452,0.8297694720139595,decision_level_baseline_vs_candidate_path_memory_gap_audit,outer_loop_spatial_flow_belief_safe_explore_exploit_memory_v2_2
super_light_cluster,spatial_flow_belief_memory_h3,3,final_heldout,5,r10_l7_full_domain_randomisation_arena_wide_training,r10_l7_full_domain_randomisation_arena_wide_training,r10_super_light_cluster_spatial_flow_belief_memory_h3_final_0005,3,inflight_boundary_near,boundary_near,lift_dwell_arc,primvar_lift_dwell_arc_transition_object_cd89af02a2de,baseline_and_memory_winner_match,True,primvar_lift_dwell_arc_transition_object_cd89af02a2de,primvar_lift_dwell_arc_transition_object_cd89af02a2de,0.0,0.0,0.03,0.0,1.0,0.0002466627335386,0.0002466627335386,0.0,0.0,0.0376626492791246,0.9392529488838876,0.0187850589776777,0.0,0.1,0.2,0.0,0.0,0,0,0.9623373507208756,0.9392529488838876,decision_level_baseline_vs_candidate_path_memory_gap_audit,outer_loop_spatial_flow_belief_safe_explore_exploit_memory_v2_2
super_light_cluster,spatial_flow_belief_memory_h3,3,final_heldout,5,r10_l7_full_domain_randomisation_arena_wide_training,r10_l7_full_domain_randomisation_arena_wide_training,r10_super_light_cluster_spatial_flow_belief_memory_h3_final_0005,4,inflight_boundary_near,boundary_near,energy_retaining_bank,primvar_energy_retaining_bank_transition_object_59f915f98b46,baseline_and_memory_winner_match,True,primvar_energy_retaining_bank_transition_object_59f915f98b46,primvar_energy_retaining_bank_transition_object_59f915f98b46,0.0,0.0,0.03,0.0,1.0,0.0001672085838539,0.0001672085838539,0.0,0.0,0.0443132605899467,0.9556867394100532,0.019113734788201,0.0,0.1,0.2,0.0,0.0,0,0,0.9556867394100532,0.9556867394100532,decision_level_baseline_vs_candidate_path_memory_gap_audit,outer_loop_spatial_flow_belief_safe_explore_exploit_memory_v2_2
super_light_cluster,spatial_flow_belief_memory_h3,3,final_heldout,5,r10_l7_full_domain_randomisation_arena_wide_training,r10_l7_full_domain_randomisation_arena_wide_training,r10_super_light_cluster_spatial_flow_belief_memory_h3_final_0005,5,inflight_boundary_near,boundary_near,energy_retaining_bank,primvar_energy_retaining_bank_transition_object_59f915f98b46,baseline_and_memory_winner_match,True,primvar_energy_retaining_bank_transition_object_59f915f98b46,primvar_energy_retaining_bank_transition_object_59f915f98b46,0.0,0.0,0.03,0.0,1.0,6.37256797495489e-05,6.37256797495489e-05,0.0,0.0,0.0358728723354882,0.9641271276645116,0.0192825425532902,0.0,0.1,0.2,0.0,0.0,0,0,0.9641271276645116,0.9641271276645116,decision_level_baseline_vs_candidate_path_memory_gap_audit,outer_loop_spatial_flow_belief_safe_explore_exploit_memory_v2_2
super_light_cluster,spatial_flow_belief_memory_h3,3,final_heldout,5,r10_l7_full_domain_randomisation_arena_wide_training,r10_l7_full_domain_randomisation_arena_wide_training,r10_super_light_cluster_spatial_flow_belief_memory_h3_final_0005,6,inflight_boundary_near,boundary_near,energy_retaining_bank,primvar_energy_retaining_bank_transition_object_705bc67a6dc1,baseline_and_memory_winner_match,True,primvar_energy_retaining_bank_transition_object_705bc67a6dc1,primvar_energy_retaining_bank_transition_object_705bc67a6dc1,0.0,0.0,0.03,0.0,1.0,-8.101655994963153e-07,-8.101655994963153e-07,0.0,0.0,0.0431221732237726,0.9568778267762272,0.0191375565355245,0.0,0.1,0.2,0.0,0.0,0,0,0.9568778267762272,0.9568778267762272,decision_level_baseline_vs_candidate_path_memory_gap_audit,outer_loop_spatial_flow_belief_safe_explore_exploit_memory_v2_2
super_light_cluster,spatial_flow_belief_memory_h3,3,final_heldout,5,r10_l7_full_domain_randomisation_arena_wide_training,r10_l7_full_domain_randomisation_arena_wide_training,r10_super_light_cluster_spatial_flow_belief_memory_h3_final_0005,7,inflight_boundary_near,boundary_near,energy_retaining_bank,primvar_energy_retaining_bank_transition_object_705bc67a6dc1,baseline_and_memory_winner_match,True,primvar_energy_retaining_bank_transition_object_705bc67a6dc1,primvar_energy_retaining_bank_transition_object_705bc67a6dc1,0.0,0.0,0.03,0.0,1.0,-2.1038651177640588e-05,-2.1038651177640588e-05,0.0,0.0,0.0334935691636361,0.966506430836364,0.0193301286167272,0.0,0.1,0.2,0.0,0.0,0,0,0.966506430836364,0.966506430836364,decision_level_baseline_vs_candidate_path_memory_gap_audit,outer_loop_spatial_flow_belief_safe_explore_exploit_memory_v2_2
super_light_cluster,spatial_flow_belief_memory_h3,3,final_heldout,5,r10_l7_full_domain_randomisation_arena_wide_training,r10_l7_full_domain_randomisation_arena_wide_training,r10_super_light_cluster_spatial_flow_belief_memory_h3_final_0005,8,inflight_boundary_near,boundary_near,energy_retaining_bank,primvar_energy_retaining_bank_transition_object_705bc67a6dc1,baseline_and_memory_winner_match,True,primvar_energy_retaining_bank_transition_object_705bc67a6dc1,primvar_energy_retaining_bank_transition_object_705bc67a6dc1,0.0,0.0,0.03,0.0,1.0,-4.6229223860772e-05,-4.6229223860772e-05,0.0,0.0,0.0359479431020755,0.9640520568979244,0.0192810411379584,0.0,0.1,0.2,0.0,0.0,0,0,0.9640520568979244,0.9640520568979244,decision_level_baseline_vs_candidate_path_memory_gap_audit,outer_loop_spatial_flow_belief_safe_explore_exploit_memory_v2_2
super_light_cluster,spatial_flow_belief_memory_h3,3,final_heldout,4,r10_l7_full_domain_randomisation_arena_wide_training,r10_l7_full_domain_randomisation_arena_wide_training,r10_super_light_cluster_spatial_flow_belief_memory_h3_final_0004,0,launch_gate,launch_gate,lift_dwell_arc,primvar_lift_dwell_arc_transition_object_dc4fa17f89f7,baseline_and_memory_winner_match,True,primvar_lift_dwell_arc_transition_object_dc4fa17f89f7,primvar_lift_dwell_arc_transition_object_dc4fa17f89f7,0.0,0.0,0.03,0.0,1.0,4.82565804422741e-05,4.82565804422741e-05,0.0,0.0,0.0055021732084173,0.6014418065257556,0.0120288361305151,0.0,0.1,0.2,0.0,0.0,7,0,0.9944978267915826,0.6014418065257556,decision_level_baseline_vs_candidate_path_memory_gap_audit,outer_loop_spatial_flow_belief_safe_explore_exploit_memory_v2_2
super_light_cluster,spatial_flow_belief_memory_h3,3,final_heldout,4,r10_l7_full_domain_randomisation_arena_wide_training,r10_l7_full_domain_randomisation_arena_wide_training,r10_super_light_cluster_spatial_flow_belief_memory_h3_final_0004,1,inflight_nominal,inflight_stable,recovery,primvar_recovery_transition_object_a9d2daacfd0f,baseline_and_memory_winner_match,True,primvar_recovery_transition_object_a9d2daacfd0f,primvar_recovery_transition_object_a9d2daacfd0f,0.0,0.0,0.03,0.0,1.0,0.0005850791544164,0.0005850791544164,0.0,0.0,0.0548737062192915,0.5971891680055377,0.0119437833601107,0.0,0.1,0.2,0.0,0.0,7,0,0.9451262937807084,0.5971891680055377,decision_level_baseline_vs_candidate_path_memory_gap_audit,outer_loop_spatial_flow_belief_safe_explore_exploit_memory_v2_2
super_light_cluster,spatial_flow_belief_memory_h3,3,final_heldout,4,r10_l7_full_domain_randomisation_arena_wide_training,r10_l7_full_domain_randomisation_arena_wide_training,r10_super_light_cluster_spatial_flow_belief_memory_h3_final_0004,2,inflight_recovery_edge,recoverable_degraded,safe_exit_or_recovery_handoff,primvar_safe_exit_or_recovery_handoff_transition_object_89fe6c2843f5,baseline_and_memory_winner_match,True,primvar_safe_exit_or_recovery_handoff_transition_object_89fe6c2843f5,primvar_safe_exit_or_recovery_handoff_transition_object_89fe6c2843f5,0.0,0.0,0.03,0.0,1.0,0.0002802958263405,0.0002802958263405,0.0,0.0,0.024930316661271,0.6550260927154454,0.0131005218543089,0.0,0.1,0.2,0.0,0.0,7,0,0.9750696833387288,0.6550260927154454,decision_level_baseline_vs_candidate_path_memory_gap_audit,outer_loop_spatial_flow_belief_safe_explore_exploit_memory_v2_2
super_light_cluster,spatial_flow_belief_memory_h3,3,final_heldout,4,r10_l7_full_domain_randomisation_arena_wide_training,r10_l7_full_domain_randomisation_arena_wide_training,r10_super_light_cluster_spatial_flow_belief_memory_h3_final_0004,3,inflight_recovery_edge,recoverable_degraded,safe_exit_or_recovery_handoff,primvar_safe_exit_or_recovery_handoff_transition_object_eb5ec1f84c14,baseline_and_memory_winner_match,True,primvar_safe_exit_or_recovery_handoff_transition_object_eb5ec1f84c14,primvar_safe_exit_or_recovery_handoff_transition_object_eb5ec1f84c14,0.0,0.0,0.03,0.0,1.0,0.0001084965769739,0.0001084965769739,0.0,0.0,0.034839984344693,0.6510436083000772,0.0130208721660015,0.0,0.1,0.2,0.0,0.0,7,0,0.965160015655307,0.6510436083000772,decision_level_baseline_vs_candidate_path_memory_gap_audit,outer_loop_spatial_flow_belief_safe_explore_exploit_memory_v2_2
super_light_cluster,spatial_flow_belief_memory_h3,3,final_heldout,4,r10_l7_full_domain_randomisation_arena_wide_training,r10_l7_full_domain_randomisation_arena_wide_training,r10_super_light_cluster_spatial_flow_belief_memory_h3_final_0004,4,inflight_boundary_near,boundary_near,mild_turn_right,primvar_mild_turn_right_transition_object_939eac7bb32e,baseline_and_memory_winner_match,True,primvar_mild_turn_right_transition_object_939eac7bb32e,primvar_mild_turn_right_transition_object_939eac7bb32e,0.0,0.0,0.03,0.0,1.0,-0.0002653334245052,-0.0002653334245052,0.0,0.0,0.0329682219904461,0.763093653239493,0.0152618730647898,0.0,0.1,0.2,0.0,0.0,7,0,0.967031778009554,0.763093653239493,decision_level_baseline_vs_candidate_path_memory_gap_audit,outer_loop_spatial_flow_belief_safe_explore_exploit_memory_v2_2
super_light_cluster,spatial_flow_belief_memory_h3,3,final_heldout,4,r10_l7_full_domain_randomisation_arena_wide_training,r10_l7_full_domain_randomisation_arena_wide_training,r10_super_light_cluster_spatial_flow_belief_memory_h3_final_0004,5,inflight_boundary_near,boundary_near,mild_turn_right,primvar_mild_turn_right_transition_object_939eac7bb32e,baseline_and_memory_winner_match,True,primvar_mild_turn_right_transition_object_939eac7bb32e,primvar_mild_turn_right_transition_object_939eac7bb32e,0.0,0.0,0.03,0.0,1.0,-0.0005271962818118,-0.0005271962818118,0.0,0.0,0.0398250144078242,0.8299364955978233,0.0165987299119564,0.0,0.1,0.2,0.0,0.0,3,0,0.9601749855921756,0.8299364955978233,decision_level_baseline_vs_candidate_path_memory_gap_audit,outer_loop_spatial_flow_belief_safe_explore_exploit_memory_v2_2
super_light_cluster,spatial_flow_belief_memory_h3,3,final_heldout,4,r10_l7_full_domain_randomisation_arena_wide_training,r10_l7_full_domain_randomisation_arena_wide_training,r10_super_light_cluster_spatial_flow_belief_memory_h3_final_0004,6,inflight_boundary_near,boundary_near,lift_dwell_arc,primvar_lift_dwell_arc_transition_object_e77518a9ca96,baseline_and_memory_winner_match,True,primvar_lift_dwell_arc_transition_object_e77518a9ca96,primvar_lift_dwell_arc_transition_object_e77518a9ca96,0.0,0.0,0.03,0.0,1.0,-0.0004543910990035,-0.0004543910990035,0.0,0.0,0.0308595720222329,0.969140427977767,0.0193828085595553,0.0,0.1,0.2,0.0,0.0,0,0,0.969140427977767,0.969140427977767,decision_level_baseline_vs_candidate_path_memory_gap_audit,outer_loop_spatial_flow_belief_safe_explore_exploit_memory_v2_2
super_light_cluster,spatial_flow_belief_memory_h3,3,final_heldout,4,r10_l7_full_domain_randomisation_arena_wide_training,r10_l7_full_domain_randomisation_arena_wide_training,r10_super_light_cluster_spatial_flow_belief_memory_h3_final_0004,7,inflight_boundary_near,boundary_near,lift_dwell_arc,primvar_lift_dwell_arc_transition_object_e77518a9ca96,baseline_and_memory_winner_match,True,primvar_lift_dwell_arc_transition_object_e77518a9ca96,primvar_lift_dwell_arc_transition_object_e77518a9ca96,0.0,0.0,0.03,0.0,1.0,-0.0005206231763037,-0.0005206231763037,0.0,0.0,0.041180978780501,0.9588190212194988,0.0191763804243899,0.0,0.1,0.2,0.0,0.0,0,0,0.9588190212194988,0.9588190212194988,decision_level_baseline_vs_candidate_path_memory_gap_audit,outer_loop_spatial_flow_belief_safe_explore_exploit_memory_v2_2
super_light_cluster,spatial_flow_belief_memory_h3,3,final_heldout,4,r10_l7_full_domain_randomisation_arena_wide_training,r10_l7_full_domain_randomisation_arena_wide_training,r10_super_light_cluster_spatial_flow_belief_memory_h3_final_0004,8,inflight_boundary_near,boundary_near,lift_dwell_arc,primvar_lift_dwell_arc_transition_object_e77518a9ca96,baseline_and_memory_winner_match,True,primvar_lift_dwell_arc_transition_object_e77518a9ca96,primvar_lift_dwell_arc_transition_object_e77518a9ca96,0.0,0.0,0.03,0.0,1.0,-0.0003939945111353,-0.0003939945111353,0.0,0.0,0.0393160832339158,0.960683916766084,0.0192136783353216,0.0,0.1,0.2,0.0,0.0,0,0,0.960683916766084,0.960683916766084,decision_level_baseline_vs_candidate_path_memory_gap_audit,outer_loop_spatial_flow_belief_safe_explore_exploit_memory_v2_2
super_light_cluster,spatial_flow_belief_memory_h3,3,final_heldout,4,r10_l7_full_domain_randomisation_arena_wide_training,r10_l7_full_domain_randomisation_arena_wide_training,r10_super_light_cluster_spatial_flow_belief_memory_h3_final_0004,9,inflight_boundary_near,boundary_near,lift_dwell_arc,primvar_lift_dwell_arc_transition_object_e77518a9ca96,baseline_and_memory_winner_match,True,primvar_lift_dwell_arc_transition_object_e77518a9ca96,primvar_lift_dwell_arc_transition_object_e77518a9ca96,0.0,0.0,0.03,0.0,1.0,-0.000241363510669,-0.000241363510669,0.0,0.0,0.0317656034949243,0.9682343965050756,0.0193646879301015,0.0,0.1,0.2,0.0,0.0,0,0,0.9682343965050756,0.9682343965050756,decision_level_baseline_vs_candidate_path_memory_gap_audit,outer_loop_spatial_flow_belief_safe_explore_exploit_memory_v2_2
super_light_cluster,spatial_flow_belief_memory_h3,3,final_heldout,4,r10_l7_full_domain_randomisation_arena_wide_training,r10_l7_full_domain_randomisation_arena_wide_training,r10_super_light_cluster_spatial_flow_belief_memory_h3_final_0004,10,inflight_boundary_near,boundary_near,mild_turn_left,primvar_mild_turn_left_transition_object_72b921ad790a,baseline_and_memory_winner_match,True,primvar_mild_turn_left_transition_object_72b921ad790a,primvar_mild_turn_left_transition_object_72b921ad790a,0.0,0.0,0.03,0.0,1.0,-0.0002236981199752,-0.0002236981199752,0.0,0.0,0.0369571080294312,0.9630428919705688,0.0192608578394113,0.0,0.1,0.2,0.0,0.0,0,0,0.9630428919705688,0.9630428919705688,decision_level_baseline_vs_candidate_path_memory_gap_audit,outer_loop_spatial_flow_belief_safe_explore_exploit_memory_v2_2
light_cluster,spatial_flow_belief_memory_h30,30,final_heldout,7,r10_l7_full_domain_randomisation_arena_wide_training,r10_l7_full_domain_randomisation_arena_wide_training,r10_light_cluster_spatial_flow_belief_memory_h30_final_0007,0,launch_gate,launch_gate,recovery,primvar_recovery_transition_object_60f061408cda,baseline_and_memory_winner_match,True,primvar_recovery_transition_object_60f061408cda,primvar_recovery_transition_object_60f061408cda,0.0,0.0,0.03,0.0,1.0,-4.971299503164772e-07,-4.971299503164772e-07,0.0,0.0,0.0125297589888545,0.4832784285364097,0.0096655685707281,0.0,0.1,0.2,0.0,0.0,7,0,0.9874702410111454,0.4832784285364097,decision_level_baseline_vs_candidate_path_memory_gap_audit,outer_loop_spatial_flow_belief_safe_explore_exploit_memory_v2_2
light_cluster,spatial_flow_belief_memory_h30,30,final_heldout,7,r10_l7_full_domain_randomisation_arena_wide_training,r10_l7_full_domain_randomisation_arena_wide_training,r10_light_cluster_spatial_flow_belief_memory_h30_final_0007,1,inflight_nominal,inflight_stable,glide,primvar_glide_transition_object_9fabfcb9ede1,baseline_and_memory_winner_match,True,primvar_glide_transition_object_9fabfcb9ede1,primvar_glide_transition_object_9fabfcb9ede1,0.0,0.0,0.03,0.0,1.0,-0.0001629891798473,-0.0001629891798473,0.0,0.0,0.0862910821134121,0.4584325330172386,0.0091686506603447,0.0,0.1,0.2,0.0,0.0,7,0,0.9137089178865878,0.4584325330172386,decision_level_baseline_vs_candidate_path_memory_gap_audit,outer_loop_spatial_flow_belief_safe_explore_exploit_memory_v2_2
light_cluster,spatial_flow_belief_memory_h30,30,final_heldout,7,r10_l7_full_domain_randomisation_arena_wide_training,r10_l7_full_domain_randomisation_arena_wide_training,r10_light_cluster_spatial_flow_belief_memory_h30_final_0007,2,inflight_nominal,inflight_stable,glide,primvar_glide_transition_object_9fabfcb9ede1,baseline_and_memory_winner_match,True,primvar_glide_transition_object_9fabfcb9ede1,primvar_glide_transition_object_9fabfcb9ede1,0.0,0.0,0.03,0.0,1.0,-0.000311018232769,-0.000311018232769,0.0,0.0,0.1018631363451877,0.4683203296770568,0.0093664065935411,0.0,0.1,0.2,1.1425485588889647e-11,5.324170314394075e-09,7,4,0.8981368636548123,0.4683203296770568,decision_level_baseline_vs_candidate_path_memory_gap_audit,outer_loop_spatial_flow_belief_safe_explore_exploit_memory_v2_2
light_cluster,spatial_flow_belief_memory_h30,30,final_heldout,7,r10_l7_full_domain_randomisation_arena_wide_training,r10_l7_full_domain_randomisation_arena_wide_training,r10_light_cluster_spatial_flow_belief_memory_h30_final_0007,3,inflight_nominal,inflight_stable,lift_dwell_arc,primvar_lift_dwell_arc_transition_object_f5212e7a8993,baseline_and_memory_winner_match,True,primvar_lift_dwell_arc_transition_object_f5212e7a8993,primvar_lift_dwell_arc_transition_object_f5212e7a8993,0.0,0.0,0.03,0.0,1.0,-0.0003762388332679,-0.0003762388332679,0.0,0.0,0.1203270996932218,0.5272234557134103,0.0105444691142682,0.0,0.1,0.2,0.0,0.0,7,0,0.8796729003067781,0.5272234557134103,decision_level_baseline_vs_candidate_path_memory_gap_audit,outer_loop_spatial_flow_belief_safe_explore_exploit_memory_v2_2
light_cluster,spatial_flow_belief_memory_h30,30,final_heldout,7,r10_l7_full_domain_randomisation_arena_wide_training,r10_l7_full_domain_randomisation_arena_wide_training,r10_light_cluster_spatial_flow_belief_memory_h30_final_0007,4,inflight_nominal,inflight_stable,lift_dwell_arc,primvar_lift_dwell_arc_transition_object_f5212e7a8993,baseline_and_memory_winner_match,True,primvar_lift_dwell_arc_transition_object_f5212e7a8993,primvar_lift_dwell_arc_transition_object_f5212e7a8993,0.0,0.0,0.03,0.0,1.0,-0.0003520562686614,-0.0003520562686614,0.0,0.0,0.0616198261845591,0.5920108032575045,0.01184021606515,0.0,0.1,0.2,0.0,0.0,7,0,0.9383801738154408,0.5920108032575045,decision_level_baseline_vs_candidate_path_memory_gap_audit,outer_loop_spatial_flow_belief_safe_explore_exploit_memory_v2_2
light_cluster,spatial_flow_belief_memory_h30,30,final_heldout,7,r10_l7_full_domain_randomisation_arena_wide_training,r10_l7_full_domain_randomisation_arena_wide_training,r10_light_cluster_spatial_flow_belief_memory_h30_final_0007,5,inflight_nominal,inflight_stable,lift_dwell_arc,primvar_lift_dwell_arc_transition_object_f5212e7a8993,baseline_and_memory_winner_match,True,primvar_lift_dwell_arc_transition_object_f5212e7a8993,primvar_lift_dwell_arc_transition_object_f5212e7a8993,0.0,0.0,0.03,0.0,1.0,-0.0003443026164571,-0.0003443026164571,0.0,0.0,0.0384674688968244,0.6421002050149239,0.0128420041002984,0.0,0.1,0.2,0.0,0.0,7,0,0.9615325311031756,0.6421002050149239,decision_level_baseline_vs_candidate_path_memory_gap_audit,outer_loop_spatial_flow_belief_safe_explore_exploit_memory_v2_2
light_cluster,spatial_flow_belief_memory_h30,30,final_heldout,7,r10_l7_full_domain_randomisation_arena_wide_training,r10_l7_full_domain_randomisation_arena_wide_training,r10_light_cluster_spatial_flow_belief_memory_h30_final_0007,6,inflight_nominal,inflight_stable,lift_dwell_arc,primvar_lift_dwell_arc_transition_object_f5212e7a8993,baseline_and_memory_winner_match,True,primvar_lift_dwell_arc_transition_object_f5212e7a8993,primvar_lift_dwell_arc_transition_object_f5212e7a8993,0.0,0.0,0.03,0.0,1.0,-0.0003283785937817,-0.0003283785937817,0.0,0.0,0.0331494238844084,0.6883814683111774,0.0137676293662235,0.0,0.1,0.2,0.0,0.0,7,0,0.9668505761155916,0.6883814683111774,decision_level_baseline_vs_candidate_path_memory_gap_audit,outer_loop_spatial_flow_belief_safe_explore_exploit_memory_v2_2
light_cluster,spatial_flow_belief_memory_h30,30,final_heldout,7,r10_l7_full_domain_randomisation_arena_wide_training,r10_l7_full_domain_randomisation_arena_wide_training,r10_light_cluster_spatial_flow_belief_memory_h30_final_0007,7,inflight_nominal,inflight_stable,lift_dwell_arc,primvar_lift_dwell_arc_transition_object_f5212e7a8993,baseline_and_memory_winner_match,True,primvar_lift_dwell_arc_transition_object_f5212e7a8993,primvar_lift_dwell_arc_transition_object_f5212e7a8993,0.0,0.0,0.03,0.0,1.0,-0.000408257653667,-0.000408257653667,0.0,0.0,0.0390506395697039,0.7372468965189903,0.0147449379303798,0.0,0.1,0.2,0.0,0.0,7,0,0.960949360430296,0.7372468965189903,decision_level_baseline_vs_candidate_path_memory_gap_audit,outer_loop_spatial_flow_belief_safe_explore_exploit_memory_v2_2
light_cluster,spatial_flow_belief_memory_h30,30,final_heldout,7,r10_l7_full_domain_randomisation_arena_wide_training,r10_l7_full_domain_randomisation_arena_wide_training,r10_light_cluster_spatial_flow_belief_memory_h30_final_0007,8,inflight_nominal,inflight_stable,recovery,primvar_recovery_transition_object_4268876749b8,baseline_and_memory_winner_match,True,primvar_recovery_transition_object_4268876749b8,primvar_recovery_transition_object_4268876749b8,0.0,0.0,0.03,0.0,1.0,-0.0007326175886988,-0.0007326175886988,0.0,0.0,0.0633413883680314,0.7866123916890615,0.0157322478337812,0.0,0.1,0.2,0.0,0.0,3,0,0.9366586116319686,0.7866123916890615,decision_level_baseline_vs_candidate_path_memory_gap_audit,outer_loop_spatial_flow_belief_safe_explore_exploit_memory_v2_2
light_cluster,spatial_flow_belief_memory_h30,30,final_heldout,7,r10_l7_full_domain_randomisation_arena_wide_training,r10_l7_full_domain_randomisation_arena_wide_training,r10_light_cluster_spatial_flow_belief_memory_h30_final_0007,9,inflight_boundary_near,boundary_near,lift_dwell_arc,primvar_lift_dwell_arc_transition_object_3d4acb04abc7,baseline_and_memory_winner_match,True,primvar_lift_dwell_arc_transition_object_3d4acb04abc7,primvar_lift_dwell_arc_transition_object_3d4acb04abc7,0.0,0.0,0.03,0.0,1.0,-0.0003958647226378,-0.0003958647226378,0.0,0.0,0.0351457236974337,0.905158193467955,0.0181031638693591,0.0,0.1,0.2,0.0,0.0,0,0,0.9648542763025664,0.905158193467955,decision_level_baseline_vs_candidate_path_memory_gap_audit,outer_loop_spatial_flow_belief_safe_explore_exploit_memory_v2_2
light_cluster,spatial_flow_belief_memory_h30,30,final_heldout,7,r10_l7_full_domain_randomisation_arena_wide_training,r10_l7_full_domain_randomisation_arena_wide_training,r10_light_cluster_spatial_flow_belief_memory_h30_final_0007,10,inflight_boundary_near,boundary_near,,,,False,,,0.0,0.0,0.0,0.0,0.0,0.0,0.0,0.0,0.0,0.0,1.0,0.0,0.0,0.0,0.0,0.0,0.0,0,0,0.0,0.0,decision_level_baseline_vs_candidate_path_memory_gap_audit,outer_loop_spatial_flow_belief_safe_explore_exploit_memory_v2_2
super_light_cluster,spatial_flow_belief_memory_h3,3,final_heldout,6,r10_l7_full_domain_randomisation_arena_wide_training,r10_l7_full_domain_randomisation_arena_wide_training,r10_super_light_cluster_spatial_flow_belief_memory_h3_final_0006,0,launch_gate,launch_gate,mild_turn_left,primvar_mild_turn_left_transition_object_c5942d118f74,baseline_and_memory_winner_match,True,primvar_mild_turn_left_transition_object_c5942d118f74,primvar_mild_turn_left_transition_object_c5942d118f74,0.0,0.0,0.03,0.0,1.0,0.0,0.0,0.0,0.0,0.0,0.6393110014564335,0.0127862200291286,0.0,0.1,0.2,0.0,0.0,7,0,1.0,0.6393110014564335,decision_level_baseline_vs_candidate_path_memory_gap_audit,outer_loop_spatial_flow_belief_safe_explore_exploit_memory_v2_2
super_light_cluster,spatial_flow_belief_memory_h3,3,final_heldout,6,r10_l7_full_domain_randomisation_arena_wide_training,r10_l7_full_domain_randomisation_arena_wide_training,r10_super_light_cluster_spatial_flow_belief_memory_h3_final_0006,1,inflight_nominal,inflight_stable,recovery,primvar_recovery_transition_object_a9d2daacfd0f,baseline_and_memory_winner_match,True,primvar_recovery_transition_object_a9d2daacfd0f,primvar_recovery_transition_object_a9d2daacfd0f,0.0,0.0,0.03,0.0,1.0,0.0002099759965927,0.0002099759965927,0.0,0.0,0.0336140207139541,0.6210430699659321,0.0124208613993186,0.0,0.1,0.2,0.0,0.0,7,0,0.966385979286046,0.6210430699659321,decision_level_baseline_vs_candidate_path_memory_gap_audit,outer_loop_spatial_flow_belief_safe_explore_exploit_memory_v2_2
super_light_cluster,spatial_flow_belief_memory_h3,3,final_heldout,6,r10_l7_full_domain_randomisation_arena_wide_training,r10_l7_full_domain_randomisation_arena_wide_training,r10_super_light_cluster_spatial_flow_belief_memory_h3_final_0006,2,inflight_recovery_edge,recoverable_degraded,safe_exit_or_recovery_handoff,primvar_safe_exit_or_recovery_handoff_transition_object_89fe6c2843f5,baseline_and_memory_winner_match,True,primvar_safe_exit_or_recovery_handoff_transition_object_89fe6c2843f5,primvar_safe_exit_or_recovery_handoff_transition_object_89fe6c2843f5,0.0,0.0,0.03,0.0,1.0,0.0002618468654912,0.0002618468654912,0.0,0.0,0.0358403661019077,0.6644794386184834,0.0132895887723696,0.0,0.1,0.2,0.0,0.0,7,0,0.9641596338980922,0.6644794386184834,decision_level_baseline_vs_candidate_path_memory_gap_audit,outer_loop_spatial_flow_belief_safe_explore_exploit_memory_v2_2
super_light_cluster,spatial_flow_belief_memory_h3,3,final_heldout,6,r10_l7_full_domain_randomisation_arena_wide_training,r10_l7_full_domain_randomisation_arena_wide_training,r10_super_light_cluster_spatial_flow_belief_memory_h3_final_0006,3,inflight_recovery_edge,recoverable_degraded,safe_exit_or_recovery_handoff,primvar_safe_exit_or_recovery_handoff_transition_object_eb5ec1f84c14,baseline_and_memory_winner_match,True,primvar_safe_exit_or_recovery_handoff_transition_object_eb5ec1f84c14,primvar_safe_exit_or_recovery_handoff_transition_object_eb5ec1f84c14,0.0,0.0,0.03,0.0,1.0,0.000239403708271,0.000239403708271,0.0,0.0,0.0369515728589265,0.6665992197967656,0.0133319843959353,0.0,0.1,0.2,0.0,0.0,7,0,0.9630484271410734,0.6665992197967656,decision_level_baseline_vs_candidate_path_memory_gap_audit,outer_loop_spatial_flow_belief_safe_explore_exploit_memory_v2_2
super_light_cluster,spatial_flow_belief_memory_h3,3,final_heldout,6,r10_l7_full_domain_randomisation_arena_wide_training,r10_l7_full_domain_randomisation_arena_wide_training,r10_super_light_cluster_spatial_flow_belief_memory_h3_final_0006,4,inflight_recovery_edge,recoverable_degraded,safe_exit_or_recovery_handoff,primvar_safe_exit_or_recovery_handoff_transition_object_54443200afd9,baseline_and_memory_winner_match,True,primvar_safe_exit_or_recovery_handoff_transition_object_54443200afd9,primvar_safe_exit_or_recovery_handoff_transition_object_54443200afd9,0.0,0.0,0.03,0.0,1.0,0.0002033768116446,0.0002033768116446,0.0,0.0,0.0372687225389714,0.6602928648964803,0.0132058572979296,0.0,0.1,0.2,0.0,0.0,7,0,0.9627312774610286,0.6602928648964803,decision_level_baseline_vs_candidate_path_memory_gap_audit,outer_loop_spatial_flow_belief_safe_explore_exploit_memory_v2_2
super_light_cluster,spatial_flow_belief_memory_h3,3,final_heldout,6,r10_l7_full_domain_randomisation_arena_wide_training,r10_l7_full_domain_randomisation_arena_wide_training,r10_super_light_cluster_spatial_flow_belief_memory_h3_final_0006,5,inflight_recovery_edge,recoverable_degraded,safe_exit_or_recovery_handoff,primvar_safe_exit_or_recovery_handoff_transition_object_54443200afd9,baseline_and_memory_winner_match,True,primvar_safe_exit_or_recovery_handoff_transition_object_54443200afd9,primvar_safe_exit_or_recovery_handoff_transition_object_54443200afd9,0.0,0.0,0.03,0.0,1.0,0.0001110830779739,0.0001110830779739,0.0,0.0,0.0368613813400264,0.7044982095526219,0.0140899641910524,0.0,0.1,0.2,0.0,0.0,7,0,0.9631386186599736,0.7044982095526219,decision_level_baseline_vs_candidate_path_memory_gap_audit,outer_loop_spatial_flow_belief_safe_explore_exploit_memory_v2_2
super_light_cluster,spatial_flow_belief_memory_h3,3,final_heldout,6,r10_l7_full_domain_randomisation_arena_wide_training,r10_l7_full_domain_randomisation_arena_wide_training,r10_super_light_cluster_spatial_flow_belief_memory_h3_final_0006,6,inflight_recovery_edge,recoverable_degraded,safe_exit_or_recovery_handoff,primvar_safe_exit_or_recovery_handoff_transition_object_5e603211d22a,baseline_and_memory_winner_match,True,primvar_safe_exit_or_recovery_handoff_transition_object_5e603211d22a,primvar_safe_exit_or_recovery_handoff_transition_object_5e603211d22a,0.0,0.0,0.03,0.0,1.0,-3.870092281976767e-06,-3.870092281976767e-06,0.0,0.0,0.0362937370348589,0.6902059827539657,0.0138041196550793,0.0,0.1,0.2,0.0,0.0,7,0,0.9637062629651412,0.6902059827539657,decision_level_baseline_vs_candidate_path_memory_gap_audit,outer_loop_spatial_flow_belief_safe_explore_exploit_memory_v2_2
super_light_cluster,spatial_flow_belief_memory_h3,3,final_heldout,6,r10_l7_full_domain_randomisation_arena_wide_training,r10_l7_full_domain_randomisation_arena_wide_training,r10_super_light_cluster_spatial_flow_belief_memory_h3_final_0006,7,inflight_recovery_edge,recoverable_degraded,safe_exit_or_recovery_handoff,primvar_safe_exit_or_recovery_handoff_transition_object_5e603211d22a,baseline_and_memory_winner_match,True,primvar_safe_exit_or_recovery_handoff_transition_object_5e603211d22a,primvar_safe_exit_or_recovery_handoff_transition_object_5e603211d22a,0.0,0.0,0.03,0.0,1.0,-0.0001043762717363,-0.0001043762717363,0.0,0.0,0.0326827468992584,0.7373123630472037,0.014746247260944,0.0,0.1,0.2,0.0,0.0,6,0,0.9673172531007416,0.7373123630472037,decision_level_baseline_vs_candidate_path_memory_gap_audit,outer_loop_spatial_flow_belief_safe_explore_exploit_memory_v2_2
super_light_cluster,spatial_flow_belief_memory_h3,3,final_heldout,6,r10_l7_full_domain_randomisation_arena_wide_training,r10_l7_full_domain_randomisation_arena_wide_training,r10_super_light_cluster_spatial_flow_belief_memory_h3_final_0006,8,inflight_boundary_near,boundary_near,lift_dwell_arc,primvar_lift_dwell_arc_transition_object_9643c5747c99,baseline_and_memory_winner_match,True,primvar_lift_dwell_arc_transition_object_9643c5747c99,primvar_lift_dwell_arc_transition_object_9643c5747c99,0.0,0.0,0.03,0.0,1.0,-0.0002104494804542,-0.0002104494804542,0.0,0.0,0.0348903706698222,0.8178513574114414,0.0163570271482288,0.0,0.1,0.2,0.0,0.0,1,0,0.9651096293301776,0.8178513574114414,decision_level_baseline_vs_candidate_path_memory_gap_audit,outer_loop_spatial_flow_belief_safe_explore_exploit_memory_v2_2
super_light_cluster,spatial_flow_belief_memory_h3,3,final_heldout,6,r10_l7_full_domain_randomisation_arena_wide_training,r10_l7_full_domain_randomisation_arena_wide_training,r10_super_light_cluster_spatial_flow_belief_memory_h3_final_0006,9,inflight_boundary_near,boundary_near,lift_dwell_arc,primvar_lift_dwell_arc_transition_object_9643c5747c99,baseline_and_memory_winner_match,True,primvar_lift_dwell_arc_transition_object_9643c5747c99,primvar_lift_dwell_arc_transition_object_9643c5747c99,0.0,0.0,0.03,0.0,1.0,-0.0002542083481261,-0.0002542083481261,0.0,0.0,0.0412931620177678,0.8538080174255124,0.0170761603485102,0.0,0.1,0.2,0.0,0.0,0,0,0.9587068379822322,0.8538080174255124,decision_level_baseline_vs_candidate_path_memory_gap_audit,outer_loop_spatial_flow_belief_safe_explore_exploit_memory_v2_2
super_light_cluster,spatial_flow_belief_memory_h3,3,final_heldout,6,r10_l7_full_domain_randomisation_arena_wide_training,r10_l7_full_domain_randomisation_arena_wide_training,r10_super_light_cluster_spatial_flow_belief_memory_h3_final_0006,10,inflight_boundary_near,boundary_near,lift_dwell_arc,primvar_lift_dwell_arc_transition_object_9643c5747c99,baseline_and_memory_winner_match,True,primvar_lift_dwell_arc_transition_object_9643c5747c99,primvar_lift_dwell_arc_transition_object_9643c5747c99,0.0,0.0,0.03,0.0,1.0,-0.0002746130087899,-0.0002746130087899,0.0,0.0,0.033845926228532,0.8756890604535452,0.0175137812090709,0.0,0.1,0.2,0.0,0.0,0,0,0.966154073771468,0.8756890604535452,decision_level_baseline_vs_candidate_path_memory_gap_audit,outer_loop_spatial_flow_belief_safe_explore_exploit_memory_v2_2
super_light_cluster,spatial_flow_belief_memory_h3,3,final_heldout,6,r10_l7_full_domain_randomisation_arena_wide_training,r10_l7_full_domain_randomisation_arena_wide_training,r10_super_light_cluster_spatial_flow_belief_memory_h3_final_0006,11,inflight_boundary_near,boundary_near,lift_dwell_arc,primvar_lift_dwell_arc_transition_object_3d4acb04abc7,baseline_and_memory_winner_match,True,primvar_lift_dwell_arc_transition_object_3d4acb04abc7,primvar_lift_dwell_arc_transition_object_3d4acb04abc7,0.0,0.0,0.03,0.0,1.0,-0.0003251096404499,-0.0003251096404499,0.0,0.0,0.0337597094497542,0.8798112548987141,0.0175962250979742,0.0,0.1,0.2,0.0,0.0,0,0,0.9662402905502456,0.8798112548987141,decision_level_baseline_vs_candidate_path_memory_gap_audit,outer_loop_spatial_flow_belief_safe_explore_exploit_memory_v2_2
super_light_cluster,spatial_flow_belief_memory_h3,3,final_heldout,6,r10_l7_full_domain_randomisation_arena_wide_training,r10_l7_full_domain_randomisation_arena_wide_training,r10_super_light_cluster_spatial_flow_belief_memory_h3_final_0006,12,inflight_boundary_near,boundary_near,lift_dwell_arc,primvar_lift_dwell_arc_transition_object_3d4acb04abc7,baseline_and_memory_winner_match,True,primvar_lift_dwell_arc_transition_object_3d4acb04abc7,primvar_lift_dwell_arc_transition_object_3d4acb04abc7,0.0,0.0,0.03,0.0,1.0,-0.0003421202359348,-0.0003421202359348,0.0,0.0,0.0319371940295085,0.7229965131577655,0.0144599302631553,0.0,0.1,0.2,0.0,0.0,0,0,0.9680628059704914,0.7229965131577655,decision_level_baseline_vs_candidate_path_memory_gap_audit,outer_loop_spatial_flow_belief_safe_explore_exploit_memory_v2_2
super_light_cluster,spatial_flow_belief_memory_h3,3,final_heldout,7,r10_l7_full_domain_randomisation_arena_wide_training,r10_l7_full_domain_randomisation_arena_wide_training,r10_super_light_cluster_spatial_flow_belief_memory_h3_final_0007,0,launch_gate,launch_gate,energy_retaining_bank,primvar_energy_retaining_bank_transition_object_948a3695e639,baseline_and_memory_winner_match,True,primvar_energy_retaining_bank_transition_object_948a3695e639,primvar_energy_retaining_bank_transition_object_948a3695e639,0.0,0.0,0.03,0.0,1.0,2.197960895400364e-06,2.197960895400364e-06,0.0,0.0,0.0002369982742935,0.4926526871064609,0.0098530537421292,0.0,0.1,0.2,0.0,0.0,7,0,0.9997630017257064,0.4926526871064609,decision_level_baseline_vs_candidate_path_memory_gap_audit,outer_loop_spatial_flow_belief_safe_explore_exploit_memory_v2_2
super_light_cluster,spatial_flow_belief_memory_h3,3,final_heldout,7,r10_l7_full_domain_randomisation_arena_wide_training,r10_l7_full_domain_randomisation_arena_wide_training,r10_super_light_cluster_spatial_flow_belief_memory_h3_final_0007,1,inflight_nominal,inflight_stable,energy_retaining_bank,primvar_energy_retaining_bank_transition_object_69c1057e81e7,baseline_and_memory_winner_match,True,primvar_energy_retaining_bank_transition_object_69c1057e81e7,primvar_energy_retaining_bank_transition_object_69c1057e81e7,0.0,0.0,0.03,0.0,1.0,-6.755879513620222e-05,-6.755879513620222e-05,0.0,0.0,0.0400175389872802,0.4866745001460988,0.0097334900029219,0.0,0.1,0.2,0.0,0.0,7,0,0.9599824610127198,0.4866745001460988,decision_level_baseline_vs_candidate_path_memory_gap_audit,outer_loop_spatial_flow_belief_safe_explore_exploit_memory_v2_2
super_light_cluster,spatial_flow_belief_memory_h3,3,final_heldout,7,r10_l7_full_domain_randomisation_arena_wide_training,r10_l7_full_domain_randomisation_arena_wide_training,r10_super_light_cluster_spatial_flow_belief_memory_h3_final_0007,2,inflight_nominal,inflight_stable,energy_retaining_bank,primvar_energy_retaining_bank_transition_object_69c1057e81e7,baseline_and_memory_winner_match,True,primvar_energy_retaining_bank_transition_object_69c1057e81e7,primvar_energy_retaining_bank_transition_object_69c1057e81e7,0.0,0.0,0.03,0.0,1.0,-0.0001842238016043,-0.0001842238016043,0.0,0.0,0.0367438327371155,0.507189309697613,0.0101437861939522,0.0,0.1,0.2,0.0,0.0,7,0,0.9632561672628844,0.507189309697613,decision_level_baseline_vs_candidate_path_memory_gap_audit,outer_loop_spatial_flow_belief_safe_explore_exploit_memory_v2_2
super_light_cluster,spatial_flow_belief_memory_h3,3,final_heldout,7,r10_l7_full_domain_randomisation_arena_wide_training,r10_l7_full_domain_randomisation_arena_wide_training,r10_super_light_cluster_spatial_flow_belief_memory_h3_final_0007,3,inflight_nominal,inflight_stable,lift_dwell_arc,primvar_lift_dwell_arc_transition_object_f5212e7a8993,baseline_and_memory_winner_match,True,primvar_lift_dwell_arc_transition_object_f5212e7a8993,primvar_lift_dwell_arc_transition_object_f5212e7a8993,0.0,0.0,0.03,0.0,1.0,-0.0002839076713276,-0.0002839076713276,0.0,0.0,0.0394414851719513,0.5753218291702857,0.0115064365834057,0.0,0.1,0.2,0.0,0.0,7,0,0.9605585148280488,0.5753218291702857,decision_level_baseline_vs_candidate_path_memory_gap_audit,outer_loop_spatial_flow_belief_safe_explore_exploit_memory_v2_2
super_light_cluster,spatial_flow_belief_memory_h3,3,final_heldout,7,r10_l7_full_domain_randomisation_arena_wide_training,r10_l7_full_domain_randomisation_arena_wide_training,r10_super_light_cluster_spatial_flow_belief_memory_h3_final_0007,4,inflight_nominal,inflight_stable,lift_dwell_arc,primvar_lift_dwell_arc_transition_object_f5212e7a8993,baseline_and_memory_winner_match,True,primvar_lift_dwell_arc_transition_object_f5212e7a8993,primvar_lift_dwell_arc_transition_object_f5212e7a8993,0.0,0.0,0.03,0.0,1.0,-0.0002529934648547,-0.0002529934648547,0.0,0.0,0.0297142870493002,0.611677800496631,0.0122335560099326,0.0,0.1,0.2,0.0,0.0,7,0,0.9702857129506998,0.611677800496631,decision_level_baseline_vs_candidate_path_memory_gap_audit,outer_loop_spatial_flow_belief_safe_explore_exploit_memory_v2_2
super_light_cluster,spatial_flow_belief_memory_h3,3,final_heldout,7,r10_l7_full_domain_randomisation_arena_wide_training,r10_l7_full_domain_randomisation_arena_wide_training,r10_super_light_cluster_spatial_flow_belief_memory_h3_final_0007,5,inflight_nominal,inflight_stable,lift_dwell_arc,primvar_lift_dwell_arc_transition_object_f5212e7a8993,baseline_and_memory_winner_match,True,primvar_lift_dwell_arc_transition_object_f5212e7a8993,primvar_lift_dwell_arc_transition_object_f5212e7a8993,0.0,0.0,0.03,0.0,1.0,-0.0003150805203258,-0.0003150805203258,0.0,0.0,0.0342120612636868,0.6444535660025021,0.01288907132005,0.0,0.1,0.2,0.0,0.0,7,0,0.9657879387363132,0.6444535660025021,decision_level_baseline_vs_candidate_path_memory_gap_audit,outer_loop_spatial_flow_belief_safe_explore_exploit_memory_v2_2
super_light_cluster,spatial_flow_belief_memory_h3,3,final_heldout,7,r10_l7_full_domain_randomisation_arena_wide_training,r10_l7_full_domain_randomisation_arena_wide_training,r10_super_light_cluster_spatial_flow_belief_memory_h3_final_0007,6,inflight_nominal,inflight_stable,lift_dwell_arc,primvar_lift_dwell_arc_transition_object_f5212e7a8993,baseline_and_memory_winner_match,True,primvar_lift_dwell_arc_transition_object_f5212e7a8993,primvar_lift_dwell_arc_transition_object_f5212e7a8993,0.0,0.0,0.03,0.0,1.0,-0.0003004949282274,-0.0003004949282274,0.0,0.0,0.0309458951287467,0.689190985302065,0.0137838197060413,0.0,0.1,0.2,0.0,0.0,7,0,0.9690541048712532,0.689190985302065,decision_level_baseline_vs_candidate_path_memory_gap_audit,outer_loop_spatial_flow_belief_safe_explore_exploit_memory_v2_2
super_light_cluster,spatial_flow_belief_memory_h3,3,final_heldout,7,r10_l7_full_domain_randomisation_arena_wide_training,r10_l7_full_domain_randomisation_arena_wide_training,r10_super_light_cluster_spatial_flow_belief_memory_h3_final_0007,7,inflight_nominal,inflight_stable,lift_dwell_arc,primvar_lift_dwell_arc_transition_object_f5212e7a8993,baseline_and_memory_winner_match,True,primvar_lift_dwell_arc_transition_object_f5212e7a8993,primvar_lift_dwell_arc_transition_object_f5212e7a8993,0.0,0.0,0.03,0.0,1.0,-0.0004375426658833,-0.0004375426658833,0.0,0.0,0.042853617337007,0.7325106893893685,0.0146502137877873,0.0,0.1,0.2,0.0,0.0,7,0,0.9571463826629928,0.7325106893893685,decision_level_baseline_vs_candidate_path_memory_gap_audit,outer_loop_spatial_flow_belief_safe_explore_exploit_memory_v2_2
super_light_cluster,spatial_flow_belief_memory_h3,3,final_heldout,7,r10_l7_full_domain_randomisation_arena_wide_training,r10_l7_full_domain_randomisation_arena_wide_training,r10_super_light_cluster_spatial_flow_belief_memory_h3_final_0007,8,inflight_nominal,inflight_stable,recovery,primvar_recovery_transition_object_4268876749b8,baseline_and_memory_winner_match,True,primvar_recovery_transition_object_4268876749b8,primvar_recovery_transition_object_4268876749b8,0.0,0.0,0.03,0.0,1.0,-0.00038755875235,-0.00038755875235,0.0,0.0,0.0361137743387923,0.8051931768975232,0.0161038635379504,0.0,0.1,0.2,0.0,0.0,4,0,0.9638862256612076,0.8051931768975232,decision_level_baseline_vs_candidate_path_memory_gap_audit,outer_loop_spatial_flow_belief_safe_explore_exploit_memory_v2_2
super_light_cluster,spatial_flow_belief_memory_h3,3,final_heldout,7,r10_l7_full_domain_randomisation_arena_wide_training,r10_l7_full_domain_randomisation_arena_wide_training,r10_super_light_cluster_spatial_flow_belief_memory_h3_final_0007,9,inflight_boundary_near,boundary_near,glide,primvar_glide_transition_object_719a7ba198c8,baseline_and_memory_winner_match,True,primvar_glide_transition_object_719a7ba198c8,primvar_glide_transition_object_719a7ba198c8,0.0,0.0,0.03,0.0,1.0,-0.0004304100260861,-0.0004304100260861,0.0,0.0,0.0383240381753866,0.8954875344256912,0.0179097506885138,0.0,0.1,0.2,0.0,0.0,0,0,0.9616759618246132,0.8954875344256912,decision_level_baseline_vs_candidate_path_memory_gap_audit,outer_loop_spatial_flow_belief_safe_explore_exploit_memory_v2_2
super_light_cluster,spatial_flow_belief_memory_h3,3,final_heldout,7,r10_l7_full_domain_randomisation_arena_wide_training,r10_l7_full_domain_randomisation_arena_wide_training,r10_super_light_cluster_spatial_flow_belief_memory_h3_final_0007,10,inflight_boundary_near,boundary_near,,,,False,,,0.0,0.0,0.0,0.0,0.0,0.0,0.0,0.0,0.0,0.0,1.0,0.0,0.0,0.0,0.0,0.0,0.0,0,0,0.0,0.0,decision_level_baseline_vs_candidate_path_memory_gap_audit,outer_loop_spatial_flow_belief_safe_explore_exploit_memory_v2_2
super_light_cluster,spatial_flow_belief_memory_h3,3,final_heldout,8,r10_l7_full_domain_randomisation_arena_wide_training,r10_l7_full_domain_randomisation_arena_wide_training,r10_super_light_cluster_spatial_flow_belief_memory_h3_final_0008,0,launch_gate,launch_gate,mild_turn_left,primvar_mild_turn_left_transition_object_2189de2270ec,baseline_and_memory_winner_match,True,primvar_mild_turn_left_transition_object_2189de2270ec,primvar_mild_turn_left_transition_object_2189de2270ec,0.0,0.0,0.03,0.0,1.0,2.7008934296191e-05,2.7008934296191e-05,0.0,0.0,0.0182941736532772,0.5237297922398321,0.0104745958447966,0.0,0.1,0.2,0.0,0.0,7,0,0.9817058263467228,0.5237297922398321,decision_level_baseline_vs_candidate_path_memory_gap_audit,outer_loop_spatial_flow_belief_safe_explore_exploit_memory_v2_2
super_light_cluster,spatial_flow_belief_memory_h3,3,final_heldout,8,r10_l7_full_domain_randomisation_arena_wide_training,r10_l7_full_domain_randomisation_arena_wide_training,r10_super_light_cluster_spatial_flow_belief_memory_h3_final_0008,1,inflight_nominal,inflight_stable,recovery,primvar_recovery_transition_object_4268876749b8,baseline_and_memory_winner_match,True,primvar_recovery_transition_object_4268876749b8,primvar_recovery_transition_object_4268876749b8,0.0,0.0,0.03,0.0,1.0,-0.0001262487638209,-0.0001262487638209,0.0,0.0,0.0776635113006858,0.5083223454859505,0.010166446909719,0.0,0.1,0.2,0.0,0.0,7,0,0.9223364886993142,0.5083223454859505,decision_level_baseline_vs_candidate_path_memory_gap_audit,outer_loop_spatial_flow_belief_safe_explore_exploit_memory_v2_2
super_light_cluster,spatial_flow_belief_memory_h3,3,final_heldout,8,r10_l7_full_domain_randomisation_arena_wide_training,r10_l7_full_domain_randomisation_arena_wide_training,r10_super_light_cluster_spatial_flow_belief_memory_h3_final_0008,2,inflight_nominal,inflight_stable,recovery,primvar_recovery_transition_object_4268876749b8,baseline_and_memory_winner_match,True,primvar_recovery_transition_object_4268876749b8,primvar_recovery_transition_object_4268876749b8,0.0,0.0,0.03,0.0,1.0,-0.0002634404954744,-0.0002634404954744,0.0,0.0,0.0663352369720977,0.540131759915176,0.0108026351983035,0.0,0.1,0.2,0.0,0.0,7,0,0.9336647630279022,0.540131759915176,decision_level_baseline_vs_candidate_path_memory_gap_audit,outer_loop_spatial_flow_belief_safe_explore_exploit_memory_v2_2
super_light_cluster,spatial_flow_belief_memory_h3,3,final_heldout,8,r10_l7_full_domain_randomisation_arena_wide_training,r10_l7_full_domain_randomisation_arena_wide_training,r10_super_light_cluster_spatial_flow_belief_memory_h3_final_0008,3,inflight_nominal,inflight_stable,recovery,primvar_recovery_transition_object_4268876749b8,baseline_and_memory_winner_match,True,primvar_recovery_transition_object_4268876749b8,primvar_recovery_transition_object_4268876749b8,0.0,0.0,0.03,0.0,1.0,-0.0002137611334958,-0.0002137611334958,0.0,0.0,0.0477358304620337,0.5837779836684246,0.0116755596733684,0.0,0.1,0.2,0.0,0.0,7,0,0.9522641695379662,0.5837779836684246,decision_level_baseline_vs_candidate_path_memory_gap_audit,outer_loop_spatial_flow_belief_safe_explore_exploit_memory_v2_2
super_light_cluster,spatial_flow_belief_memory_h3,3,final_heldout,8,r10_l7_full_domain_randomisation_arena_wide_training,r10_l7_full_domain_randomisation_arena_wide_training,r10_super_light_cluster_spatial_flow_belief_memory_h3_final_0008,4,inflight_recovery_edge,recoverable_degraded,safe_exit_or_recovery_handoff,primvar_safe_exit_or_recovery_handoff_transition_object_54443200afd9,baseline_and_memory_winner_match,True,primvar_safe_exit_or_recovery_handoff_transition_object_54443200afd9,primvar_safe_exit_or_recovery_handoff_transition_object_54443200afd9,0.0,0.0,0.03,0.0,1.0,-0.0001599605410808,-0.0001599605410808,0.0,0.0,0.0351419911388228,0.6323599640376185,0.0126471992807523,0.0,0.1,0.2,0.0,0.0,7,0,0.9648580088611772,0.6323599640376185,decision_level_baseline_vs_candidate_path_memory_gap_audit,outer_loop_spatial_flow_belief_safe_explore_exploit_memory_v2_2
super_light_cluster,spatial_flow_belief_memory_h3,3,final_heldout,8,r10_l7_full_domain_randomisation_arena_wide_training,r10_l7_full_domain_randomisation_arena_wide_training,r10_super_light_cluster_spatial_flow_belief_memory_h3_final_0008,5,inflight_nominal,inflight_stable,recovery,primvar_recovery_transition_object_4268876749b8,baseline_and_memory_winner_match,True,primvar_recovery_transition_object_4268876749b8,primvar_recovery_transition_object_4268876749b8,0.0,0.0,0.03,0.0,1.0,-0.0002572562634273,-0.0002572562634273,0.0,0.0,0.0421083400227007,0.6749332590292129,0.0134986651805842,0.0,0.1,0.2,0.0,0.0,7,0,0.9578916599772992,0.6749332590292129,decision_level_baseline_vs_candidate_path_memory_gap_audit,outer_loop_spatial_flow_belief_safe_explore_exploit_memory_v2_2
super_light_cluster,spatial_flow_belief_memory_h3,3,final_heldout,8,r10_l7_full_domain_randomisation_arena_wide_training,r10_l7_full_domain_randomisation_arena_wide_training,r10_super_light_cluster_spatial_flow_belief_memory_h3_final_0008,6,inflight_nominal,inflight_stable,recovery,primvar_recovery_transition_object_4268876749b8,baseline_and_memory_winner_match,True,primvar_recovery_transition_object_4268876749b8,primvar_recovery_transition_object_4268876749b8,0.0,0.0,0.03,0.0,1.0,-0.0002679699768493,-0.0002679699768493,0.0,0.0,0.0412061575762783,0.7342930376815667,0.0146858607536313,0.0,0.1,0.2,0.0,0.0,7,0,0.9587938424237216,0.7342930376815667,decision_level_baseline_vs_candidate_path_memory_gap_audit,outer_loop_spatial_flow_belief_safe_explore_exploit_memory_v2_2
super_light_cluster,spatial_flow_belief_memory_h3,3,final_heldout,8,r10_l7_full_domain_randomisation_arena_wide_training,r10_l7_full_domain_randomisation_arena_wide_training,r10_super_light_cluster_spatial_flow_belief_memory_h3_final_0008,7,inflight_nominal,inflight_stable,recovery,primvar_recovery_transition_object_4268876749b8,baseline_and_memory_winner_match,True,primvar_recovery_transition_object_4268876749b8,primvar_recovery_transition_object_4268876749b8,0.0,0.0,0.03,0.0,1.0,-0.0002689868833385,-0.0002689868833385,0.0,0.0,0.0373766590715922,0.8130616364693306,0.0162612327293866,0.0,0.1,0.2,0.0,0.0,3,0,0.9626233409284076,0.8130616364693306,decision_level_baseline_vs_candidate_path_memory_gap_audit,outer_loop_spatial_flow_belief_safe_explore_exploit_memory_v2_2
super_light_cluster,spatial_flow_belief_memory_h3,3,final_heldout,8,r10_l7_full_domain_randomisation_arena_wide_training,r10_l7_full_domain_randomisation_arena_wide_training,r10_super_light_cluster_spatial_flow_belief_memory_h3_final_0008,8,inflight_nominal,inflight_stable,recovery,primvar_recovery_transition_object_4268876749b8,baseline_and_memory_winner_match,True,primvar_recovery_transition_object_4268876749b8,primvar_recovery_transition_object_4268876749b8,0.0,0.0,0.03,0.0,1.0,-0.0003043792270498,-0.0003043792270498,0.0,0.0,0.040239722652387,0.9129903693024668,0.0182598073860493,0.0,0.1,0.2,0.0,0.0,0,0,0.9597602773476128,0.9129903693024668,decision_level_baseline_vs_candidate_path_memory_gap_audit,outer_loop_spatial_flow_belief_safe_explore_exploit_memory_v2_2
super_light_cluster,spatial_flow_belief_memory_h3,3,final_heldout,8,r10_l7_full_domain_randomisation_arena_wide_training,r10_l7_full_domain_randomisation_arena_wide_training,r10_super_light_cluster_spatial_flow_belief_memory_h3_final_0008,9,inflight_boundary_near,boundary_near,lift_dwell_arc,primvar_lift_dwell_arc_transition_object_3d4acb04abc7,baseline_and_memory_winner_match,True,primvar_lift_dwell_arc_transition_object_3d4acb04abc7,primvar_lift_dwell_arc_transition_object_3d4acb04abc7,0.0,0.0,0.03,0.0,1.0,-0.0002600405927042,-0.0002600405927042,0.0,0.0,0.0336583909886017,0.9663416090113982,0.0193268321802279,0.0,0.1,0.2,0.0,0.0,0,0,0.9663416090113982,0.9663416090113982,decision_level_baseline_vs_candidate_path_memory_gap_audit,outer_loop_spatial_flow_belief_safe_explore_exploit_memory_v2_2
super_light_cluster,spatial_flow_belief_memory_h3,3,final_heldout,8,r10_l7_full_domain_randomisation_arena_wide_training,r10_l7_full_domain_randomisation_arena_wide_training,r10_super_light_cluster_spatial_flow_belief_memory_h3_final_0008,10,inflight_boundary_near,boundary_near,energy_retaining_bank,primvar_energy_retaining_bank_transition_object_04f947aabe12,baseline_and_memory_winner_match,True,primvar_energy_retaining_bank_transition_object_04f947aabe12,primvar_energy_retaining_bank_transition_object_04f947aabe12,0.0,0.0,0.03,0.0,1.0,-0.0001888612577349,-0.0001888612577349,0.0,0.0,0.0294889510840003,0.9705110489159996,0.0194102209783199,0.0,0.1,0.2,0.0,0.0,0,0,0.9705110489159996,0.9705110489159996,decision_level_baseline_vs_candidate_path_memory_gap_audit,outer_loop_spatial_flow_belief_safe_explore_exploit_memory_v2_2
super_light_cluster,spatial_flow_belief_memory_h3,3,final_heldout,8,r10_l7_full_domain_randomisation_arena_wide_training,r10_l7_full_domain_randomisation_arena_wide_training,r10_super_light_cluster_spatial_flow_belief_memory_h3_final_0008,11,inflight_boundary_near,boundary_near,lift_dwell_arc,primvar_lift_dwell_arc_transition_object_3d4acb04abc7,baseline_and_memory_winner_match,True,primvar_lift_dwell_arc_transition_object_3d4acb04abc7,primvar_lift_dwell_arc_transition_object_3d4acb04abc7,0.0,0.0,0.03,0.0,1.0,-0.0003160216656252,-0.0003160216656252,0.0,0.0,0.0454978556953558,0.9545021443046442,0.0190900428860928,0.0,0.1,0.2,0.0,0.0,0,0,0.9545021443046442,0.9545021443046442,decision_level_baseline_vs_candidate_path_memory_gap_audit,outer_loop_spatial_flow_belief_safe_explore_exploit_memory_v2_2
super_light_cluster,spatial_flow_belief_memory_h3,3,final_heldout,9,r10_l7_full_domain_randomisation_arena_wide_training,r10_l7_full_domain_randomisation_arena_wide_training,r10_super_light_cluster_spatial_flow_belief_memory_h3_final_0009,0,launch_gate,launch_gate,lift_dwell_arc,primvar_lift_dwell_arc_transition_object_b9b9dc090f76,baseline_and_memory_winner_match,True,primvar_lift_dwell_arc_transition_object_b9b9dc090f76,primvar_lift_dwell_arc_transition_object_b9b9dc090f76,0.0,0.0,0.03,0.0,1.0,0.0002491997767968,0.0002491997767968,0.0,0.0,0.0296322521801585,0.6505235895170526,0.013010471790341,0.0,0.1,0.2,0.0,0.0,7,0,0.9703677478198414,0.6505235895170526,decision_level_baseline_vs_candidate_path_memory_gap_audit,outer_loop_spatial_flow_belief_safe_explore_exploit_memory_v2_2
super_light_cluster,spatial_flow_belief_memory_h3,3,final_heldout,9,r10_l7_full_domain_randomisation_arena_wide_training,r10_l7_full_domain_randomisation_arena_wide_training,r10_super_light_cluster_spatial_flow_belief_memory_h3_final_0009,1,inflight_boundary_near,boundary_near,lift_dwell_arc,primvar_lift_dwell_arc_transition_object_1938e7e5b41e,baseline_and_memory_winner_match,True,primvar_lift_dwell_arc_transition_object_1938e7e5b41e,primvar_lift_dwell_arc_transition_object_1938e7e5b41e,0.0,0.0,0.03,0.0,1.0,0.0001678817282688,0.0001678817282688,0.0,0.0,0.0392852699523997,0.6917517281531903,0.0138350345630638,0.0,0.1,0.2,0.0,0.0,7,0,0.9607147300476002,0.6917517281531903,decision_level_baseline_vs_candidate_path_memory_gap_audit,outer_loop_spatial_flow_belief_safe_explore_exploit_memory_v2_2
super_light_cluster,spatial_flow_belief_memory_h3,3,final_heldout,9,r10_l7_full_domain_randomisation_arena_wide_training,r10_l7_full_domain_randomisation_arena_wide_training,r10_super_light_cluster_spatial_flow_belief_memory_h3_final_0009,2,inflight_boundary_near,boundary_near,lift_dwell_arc,primvar_lift_dwell_arc_transition_object_1938e7e5b41e,baseline_and_memory_winner_match,True,primvar_lift_dwell_arc_transition_object_1938e7e5b41e,primvar_lift_dwell_arc_transition_object_1938e7e5b41e,0.0,0.0,0.03,0.0,1.0,9.983259442303272e-05,9.983259442303272e-05,0.0,0.0,0.0302182414780371,0.7656373299499665,0.0153127465989993,0.0,0.1,0.2,0.0,0.0,7,0,0.9697817585219628,0.7656373299499665,decision_level_baseline_vs_candidate_path_memory_gap_audit,outer_loop_spatial_flow_belief_safe_explore_exploit_memory_v2_2
super_light_cluster,spatial_flow_belief_memory_h3,3,final_heldout,9,r10_l7_full_domain_randomisation_arena_wide_training,r10_l7_full_domain_randomisation_arena_wide_training,r10_super_light_cluster_spatial_flow_belief_memory_h3_final_0009,3,inflight_boundary_near,boundary_near,lift_dwell_arc,primvar_lift_dwell_arc_transition_object_1938e7e5b41e,baseline_and_memory_winner_match,True,primvar_lift_dwell_arc_transition_object_1938e7e5b41e,primvar_lift_dwell_arc_transition_object_1938e7e5b41e,0.0,0.0,0.03,0.0,1.0,-0.0001402789976829,-0.0001402789976829,0.0,0.0,0.0372337272019672,0.8477194373357176,0.0169543887467143,0.0,0.1,0.2,0.0,0.0,4,0,0.9627662727980328,0.8477194373357176,decision_level_baseline_vs_candidate_path_memory_gap_audit,outer_loop_spatial_flow_belief_safe_explore_exploit_memory_v2_2
super_light_cluster,spatial_flow_belief_memory_h3,3,final_heldout,9,r10_l7_full_domain_randomisation_arena_wide_training,r10_l7_full_domain_randomisation_arena_wide_training,r10_super_light_cluster_spatial_flow_belief_memory_h3_final_0009,4,inflight_boundary_near,boundary_near,energy_retaining_bank,primvar_energy_retaining_bank_transition_object_59f915f98b46,baseline_and_memory_winner_match,True,primvar_energy_retaining_bank_transition_object_59f915f98b46,primvar_energy_retaining_bank_transition_object_59f915f98b46,0.0,0.0,0.03,0.0,1.0,-0.0003131830538425,-0.0003131830538425,0.0,0.0,0.0391046782016265,0.9608953217983734,0.0192179064359674,0.0,0.1,0.2,0.0,0.0,0,0,0.9608953217983734,0.9608953217983734,decision_level_baseline_vs_candidate_path_memory_gap_audit,outer_loop_spatial_flow_belief_safe_explore_exploit_memory_v2_2
super_light_cluster,spatial_flow_belief_memory_h3,3,final_heldout,9,r10_l7_full_domain_randomisation_arena_wide_training,r10_l7_full_domain_randomisation_arena_wide_training,r10_super_light_cluster_spatial_flow_belief_memory_h3_final_0009,5,inflight_boundary_near,boundary_near,energy_retaining_bank,primvar_energy_retaining_bank_transition_object_59f915f98b46,baseline_and_memory_winner_match,True,primvar_energy_retaining_bank_transition_object_59f915f98b46,primvar_energy_retaining_bank_transition_object_59f915f98b46,0.0,0.0,0.03,0.0,1.0,-0.0003671304517567,-0.0003671304517567,0.0,0.0,0.0386579751670244,0.9613420248329756,0.0192268404966595,0.0,0.1,0.2,0.0,0.0,0,0,0.9613420248329756,0.9613420248329756,decision_level_baseline_vs_candidate_path_memory_gap_audit,outer_loop_spatial_flow_belief_safe_explore_exploit_memory_v2_2
super_light_cluster,spatial_flow_belief_memory_h3,3,final_heldout,9,r10_l7_full_domain_randomisation_arena_wide_training,r10_l7_full_domain_randomisation_arena_wide_training,r10_super_light_cluster_spatial_flow_belief_memory_h3_final_0009,6,inflight_boundary_near,boundary_near,energy_retaining_bank,primvar_energy_retaining_bank_transition_object_59f915f98b46,baseline_and_memory_winner_match,True,primvar_energy_retaining_bank_transition_object_59f915f98b46,primvar_energy_retaining_bank_transition_object_59f915f98b46,0.0,0.0,0.03,0.0,1.0,-0.0002233060804159,-0.0002233060804159,0.0,0.0,0.0255772359234282,0.9744227640765716,0.0194884552815314,0.0,0.1,0.2,0.0,0.0,0,0,0.9744227640765716,0.9744227640765716,decision_level_baseline_vs_candidate_path_memory_gap_audit,outer_loop_spatial_flow_belief_safe_explore_exploit_memory_v2_2
super_light_cluster,spatial_flow_belief_memory_h3,3,final_heldout,9,r10_l7_full_domain_randomisation_arena_wide_training,r10_l7_full_domain_randomisation_arena_wide_training,r10_super_light_cluster_spatial_flow_belief_memory_h3_final_0009,7,inflight_boundary_near,boundary_near,energy_retaining_bank,primvar_energy_retaining_bank_transition_object_59f915f98b46,baseline_and_memory_winner_match,True,primvar_energy_retaining_bank_transition_object_59f915f98b46,primvar_energy_retaining_bank_transition_object_59f915f98b46,0.0,0.0,0.03,0.0,1.0,-0.0002850551359268,-0.0002850551359268,0.0,0.0,0.0396082859183925,0.9603917140816074,0.0192078342816321,0.0,0.1,0.2,0.0,0.0,0,0,0.9603917140816074,0.9603917140816074,decision_level_baseline_vs_candidate_path_memory_gap_audit,outer_loop_spatial_flow_belief_safe_explore_exploit_memory_v2_2
super_light_cluster,spatial_flow_belief_memory_h3,3,final_heldout,9,r10_l7_full_domain_randomisation_arena_wide_training,r10_l7_full_domain_randomisation_arena_wide_training,r10_super_light_cluster_spatial_flow_belief_memory_h3_final_0009,8,inflight_boundary_near,boundary_near,safe_exit_or_recovery_handoff,primvar_safe_exit_or_recovery_handoff_transition_object_6683ccb4c539,baseline_and_memory_winner_match,True,primvar_safe_exit_or_recovery_handoff_transition_object_6683ccb4c539,primvar_safe_exit_or_recovery_handoff_transition_object_6683ccb4c539,0.0,0.0,0.03,0.0,1.0,-0.0001298612933058,-0.0001298612933058,0.0,0.0,0.024676408625465,0.975323591374535,0.0195064718274907,0.0,0.1,0.2,0.0,0.0,0,0,0.975323591374535,0.975323591374535,decision_level_baseline_vs_candidate_path_memory_gap_audit,outer_loop_spatial_flow_belief_safe_explore_exploit_memory_v2_2
light_cluster,spatial_flow_belief_memory_h30,30,final_heldout,3,r10_l7_full_domain_randomisation_arena_wide_training,r10_l7_full_domain_randomisation_arena_wide_training,r10_light_cluster_spatial_flow_belief_memory_h30_final_0003,0,launch_gate,launch_gate,lift_dwell_arc,primvar_lift_dwell_arc_transition_object_3319bf584ff9,baseline_and_memory_winner_match,True,primvar_lift_dwell_arc_transition_object_3319bf584ff9,primvar_lift_dwell_arc_transition_object_3319bf584ff9,0.0,0.0,0.03,0.0,1.0,-2.034627535341116e-07,-2.034627535341116e-07,0.0,0.0,4.07255003615737e-05,0.74883067970231,0.0149766135940462,0.0,0.1,0.2,0.0,0.0,7,0,0.9999592744996384,0.74883067970231,decision_level_baseline_vs_candidate_path_memory_gap_audit,outer_loop_spatial_flow_belief_safe_explore_exploit_memory_v2_2
light_cluster,spatial_flow_belief_memory_h30,30,final_heldout,3,r10_l7_full_domain_randomisation_arena_wide_training,r10_l7_full_domain_randomisation_arena_wide_training,r10_light_cluster_spatial_flow_belief_memory_h30_final_0003,1,inflight_boundary_near,boundary_near,lift_dwell_arc,primvar_lift_dwell_arc_transition_object_429425bf6b2c,baseline_and_memory_winner_match,True,primvar_lift_dwell_arc_transition_object_429425bf6b2c,primvar_lift_dwell_arc_transition_object_429425bf6b2c,0.0,0.0,0.03,0.0,1.0,1.04139098338063e-05,1.04139098338063e-05,0.0,0.0,0.0347463679467268,0.7973831643996717,0.0159476632879934,0.0,0.1,0.2,0.0,0.0,7,0,0.9652536320532732,0.7973831643996717,decision_level_baseline_vs_candidate_path_memory_gap_audit,outer_loop_spatial_flow_belief_safe_explore_exploit_memory_v2_2
light_cluster,spatial_flow_belief_memory_h30,30,final_heldout,3,r10_l7_full_domain_randomisation_arena_wide_training,r10_l7_full_domain_randomisation_arena_wide_training,r10_light_cluster_spatial_flow_belief_memory_h30_final_0003,2,inflight_boundary_near,boundary_near,lift_dwell_arc,primvar_lift_dwell_arc_transition_object_429425bf6b2c,baseline_and_memory_winner_match,True,primvar_lift_dwell_arc_transition_object_429425bf6b2c,primvar_lift_dwell_arc_transition_object_429425bf6b2c,0.0,0.0,0.03,0.0,1.0,-4.824160725158677e-05,-4.824160725158677e-05,0.0,0.0,0.0479627879167043,0.8837301316824688,0.0176746026336493,0.0,0.1,0.2,0.0,0.0,1,0,0.9520372120832956,0.8837301316824688,decision_level_baseline_vs_candidate_path_memory_gap_audit,outer_loop_spatial_flow_belief_safe_explore_exploit_memory_v2_2
light_cluster,spatial_flow_belief_memory_h30,30,final_heldout,3,r10_l7_full_domain_randomisation_arena_wide_training,r10_l7_full_domain_randomisation_arena_wide_training,r10_light_cluster_spatial_flow_belief_memory_h30_final_0003,3,inflight_boundary_near,boundary_near,safe_exit_or_recovery_handoff,primvar_safe_exit_or_recovery_handoff_transition_object_6683ccb4c539,baseline_and_memory_winner_match,True,primvar_safe_exit_or_recovery_handoff_transition_object_6683ccb4c539,primvar_safe_exit_or_recovery_handoff_transition_object_6683ccb4c539,0.0,0.0,0.03,0.0,1.0,1.0169776827773092e-05,1.0169776827773092e-05,0.0,0.0,0.0423999399104797,0.9576000600895204,0.0191520012017904,0.0,0.1,0.2,0.0,0.0,0,0,0.9576000600895204,0.9576000600895204,decision_level_baseline_vs_candidate_path_memory_gap_audit,outer_loop_spatial_flow_belief_safe_explore_exploit_memory_v2_2
light_cluster,spatial_flow_belief_memory_h30,30,final_heldout,3,r10_l7_full_domain_randomisation_arena_wide_training,r10_l7_full_domain_randomisation_arena_wide_training,r10_light_cluster_spatial_flow_belief_memory_h30_final_0003,4,inflight_boundary_near,boundary_near,safe_exit_or_recovery_handoff,primvar_safe_exit_or_recovery_handoff_transition_object_6683ccb4c539,baseline_and_memory_winner_match,True,primvar_safe_exit_or_recovery_handoff_transition_object_6683ccb4c539,primvar_safe_exit_or_recovery_handoff_transition_object_6683ccb4c539,0.0,0.0,0.03,0.0,1.0,-6.543559788685371e-06,-6.543559788685371e-06,0.0,0.0,0.0268441346506686,0.9731558653493314,0.0194631173069866,0.0,0.1,0.2,0.0,0.0,0,0,0.9731558653493314,0.9731558653493314,decision_level_baseline_vs_candidate_path_memory_gap_audit,outer_loop_spatial_flow_belief_safe_explore_exploit_memory_v2_2
light_cluster,spatial_flow_belief_memory_h30,30,final_heldout,3,r10_l7_full_domain_randomisation_arena_wide_training,r10_l7_full_domain_randomisation_arena_wide_training,r10_light_cluster_spatial_flow_belief_memory_h30_final_0003,5,inflight_boundary_near,boundary_near,energy_retaining_bank,primvar_energy_retaining_bank_transition_object_978e387f63c7,baseline_and_memory_winner_match,True,primvar_energy_retaining_bank_transition_object_978e387f63c7,primvar_energy_retaining_bank_transition_object_978e387f63c7,0.0,0.0,0.03,0.0,1.0,-1.197089383930816e-05,-1.197089383930816e-05,0.0,0.0,0.0290534662715354,0.9709465337284646,0.0194189306745692,0.0,0.1,0.2,0.0,0.0,0,0,0.9709465337284646,0.9709465337284646,decision_level_baseline_vs_candidate_path_memory_gap_audit,outer_loop_spatial_flow_belief_safe_explore_exploit_memory_v2_2
light_cluster,spatial_flow_belief_memory_h30,30,final_heldout,3,r10_l7_full_domain_randomisation_arena_wide_training,r10_l7_full_domain_randomisation_arena_wide_training,r10_light_cluster_spatial_flow_belief_memory_h30_final_0003,6,inflight_boundary_near,boundary_near,energy_retaining_bank,primvar_energy_retaining_bank_transition_object_59f915f98b46,baseline_and_memory_winner_match,True,primvar_energy_retaining_bank_transition_object_59f915f98b46,primvar_energy_retaining_bank_transition_object_59f915f98b46,0.0,0.0,0.03,0.0,1.0,-2.1343773971338464e-05,-2.1343773971338464e-05,0.0,0.0,0.0370358785058972,0.9629641214941028,0.019259282429882,0.0,0.1,0.2,0.0,0.0,0,0,0.9629641214941028,0.9629641214941028,decision_level_baseline_vs_candidate_path_memory_gap_audit,outer_loop_spatial_flow_belief_safe_explore_exploit_memory_v2_2
light_cluster,spatial_flow_belief_memory_h30,30,final_heldout,3,r10_l7_full_domain_randomisation_arena_wide_training,r10_l7_full_domain_randomisation_arena_wide_training,r10_light_cluster_spatial_flow_belief_memory_h30_final_0003,7,inflight_boundary_near,boundary_near,energy_retaining_bank,primvar_energy_retaining_bank_transition_object_59f915f98b46,baseline_and_memory_winner_match,True,primvar_energy_retaining_bank_transition_object_59f915f98b46,primvar_energy_retaining_bank_transition_object_59f915f98b46,0.0,0.0,0.03,0.0,1.0,-1.2348996564215398e-05,-1.2348996564215398e-05,0.0,0.0,0.024030073203157,0.975969926796843,0.0195193985359368,0.0,0.1,0.2,0.0,0.0,0,0,0.975969926796843,0.975969926796843,decision_level_baseline_vs_candidate_path_memory_gap_audit,outer_loop_spatial_flow_belief_safe_explore_exploit_memory_v2_2
super_light_cluster,spatial_flow_belief_memory_h10,10,final_heldout,0,r10_l7_full_domain_randomisation_arena_wide_training,r10_l7_full_domain_randomisation_arena_wide_training,r10_super_light_cluster_spatial_flow_belief_memory_h10_final_0000,0,launch_gate,launch_gate,lift_dwell_arc,primvar_lift_dwell_arc_transition_object_6ae229f6947e,baseline_and_memory_winner_match,True,primvar_lift_dwell_arc_transition_object_6ae229f6947e,primvar_lift_dwell_arc_transition_object_6ae229f6947e,0.0,0.0,0.03,0.0,1.0,-6.935194936774636e-06,-6.935194936774636e-06,0.0,0.0,0.0021105846242721,0.7044185764954783,0.0140883715299095,0.0,0.1,0.2,8.891204214474631e-10,1.7622995889301735e-06,7,4,0.9978894153757278,0.7044185764954783,decision_level_baseline_vs_candidate_path_memory_gap_audit,outer_loop_spatial_flow_belief_safe_explore_exploit_memory_v2_2
super_light_cluster,spatial_flow_belief_memory_h10,10,final_heldout,0,r10_l7_full_domain_randomisation_arena_wide_training,r10_l7_full_domain_randomisation_arena_wide_training,r10_super_light_cluster_spatial_flow_belief_memory_h10_final_0000,1,inflight_boundary_near,boundary_near,lift_dwell_arc,primvar_lift_dwell_arc_transition_object_cd89af02a2de,baseline_and_memory_winner_match,True,primvar_lift_dwell_arc_transition_object_cd89af02a2de,primvar_lift_dwell_arc_transition_object_cd89af02a2de,0.0,0.0,0.03,0.0,1.0,0.0001248481020187,0.0001248481020187,0.0,0.0,0.0576357778678673,0.7213123680669166,0.0144262473613383,0.0,0.1,0.2,0.0,0.0,7,0,0.9423642221321328,0.7213123680669166,decision_level_baseline_vs_candidate_path_memory_gap_audit,outer_loop_spatial_flow_belief_safe_explore_exploit_memory_v2_2
super_light_cluster,spatial_flow_belief_memory_h10,10,final_heldout,0,r10_l7_full_domain_randomisation_arena_wide_training,r10_l7_full_domain_randomisation_arena_wide_training,r10_super_light_cluster_spatial_flow_belief_memory_h10_final_0000,2,inflight_boundary_near,boundary_near,lift_dwell_arc,primvar_lift_dwell_arc_transition_object_cd89af02a2de,baseline_and_memory_winner_match,True,primvar_lift_dwell_arc_transition_object_cd89af02a2de,primvar_lift_dwell_arc_transition_object_cd89af02a2de,0.0,0.0,0.03,0.0,1.0,6.373103096035671e-06,6.373103096035671e-06,0.0,0.0,0.0347698576487557,0.8120637105922767,0.0162412742118455,0.0,0.1,0.2,0.0,0.0,7,0,0.9652301423512442,0.8120637105922767,decision_level_baseline_vs_candidate_path_memory_gap_audit,outer_loop_spatial_flow_belief_safe_explore_exploit_memory_v2_2
super_light_cluster,spatial_flow_belief_memory_h10,10,final_heldout,0,r10_l7_full_domain_randomisation_arena_wide_training,r10_l7_full_domain_randomisation_arena_wide_training,r10_super_light_cluster_spatial_flow_belief_memory_h10_final_0000,3,inflight_boundary_near,boundary_near,lift_dwell_arc,primvar_lift_dwell_arc_transition_object_cd89af02a2de,baseline_and_memory_winner_match,True,primvar_lift_dwell_arc_transition_object_cd89af02a2de,primvar_lift_dwell_arc_transition_object_cd89af02a2de,0.0,0.0,0.03,0.0,1.0,-2.220766702976107e-06,-2.220766702976107e-06,0.0,0.0,0.0332193254135287,0.916927461008638,0.0183385492201727,0.0,0.1,0.2,0.0,0.0,0,0,0.9667806745864712,0.916927461008638,decision_level_baseline_vs_candidate_path_memory_gap_audit,outer_loop_spatial_flow_belief_safe_explore_exploit_memory_v2_2
super_light_cluster,spatial_flow_belief_memory_h10,10,final_heldout,0,r10_l7_full_domain_randomisation_arena_wide_training,r10_l7_full_domain_randomisation_arena_wide_training,r10_super_light_cluster_spatial_flow_belief_memory_h10_final_0000,4,inflight_boundary_near,boundary_near,energy_retaining_bank,primvar_energy_retaining_bank_transition_object_705bc67a6dc1,rejected_exploration_cross_family_without_memory_confidence,False,primvar_energy_retaining_bank_transition_object_705bc67a6dc1,primvar_mild_turn_left_transition_object_72b921ad790a,5.849618567310699e-09,5.62519808511297e-10,0.03,0.0,1.0,-7.762027638635871e-06,-7.762027638635871e-06,0.0,0.562519808511297,0.0348448531969047,0.9651551468030952,0.0193031029360619,0.0,0.1,0.2,0.0,0.0,0,0,0.965154882448158,0.965154882448158,decision_level_baseline_vs_candidate_path_memory_gap_audit,outer_loop_spatial_flow_belief_safe_explore_exploit_memory_v2_2
super_light_cluster,spatial_flow_belief_memory_h10,10,final_heldout,0,r10_l7_full_domain_randomisation_arena_wide_training,r10_l7_full_domain_randomisation_arena_wide_training,r10_super_light_cluster_spatial_flow_belief_memory_h10_final_0000,5,inflight_boundary_near,boundary_near,energy_retaining_bank,primvar_energy_retaining_bank_transition_object_705bc67a6dc1,rejected_exploration_cross_family_without_memory_confidence,False,primvar_energy_retaining_bank_transition_object_705bc67a6dc1,primvar_mild_turn_left_transition_object_72b921ad790a,7.0802737006658845e-09,5.446934014941006e-10,0.03,0.0,1.0,-1.852528391088626e-05,-1.852528391088626e-05,0.0,0.5446934014941007,0.0356017339220301,0.96439826607797,0.0192879653215593,0.0,0.1,0.2,0.0,0.0,0,0,0.9643979392989523,0.9643979392989523,decision_level_baseline_vs_candidate_path_memory_gap_audit,outer_loop_spatial_flow_belief_safe_explore_exploit_memory_v2_2
super_light_cluster,spatial_flow_belief_memory_h10,10,final_heldout,0,r10_l7_full_domain_randomisation_arena_wide_training,r10_l7_full_domain_randomisation_arena_wide_training,r10_super_light_cluster_spatial_flow_belief_memory_h10_final_0000,6,inflight_boundary_near,boundary_near,energy_retaining_bank,primvar_energy_retaining_bank_transition_object_705bc67a6dc1,rejected_exploration_cross_family_without_memory_confidence,False,primvar_energy_retaining_bank_transition_object_705bc67a6dc1,primvar_mild_turn_left_transition_object_72b921ad790a,5.8525972956857686e-09,2.413957922442478e-10,0.03,0.0,1.0,-2.2104272080936127e-05,-2.2104272080936127e-05,0.0,0.2413957922442477,0.0285188715078746,0.9714811284921254,0.0194296225698425,0.0,0.1,0.2,0.0,0.0,0,0,0.971480847932048,0.971480847932048,decision_level_baseline_vs_candidate_path_memory_gap_audit,outer_loop_spatial_flow_belief_safe_explore_exploit_memory_v2_2
super_light_cluster,spatial_flow_belief_memory_h10,10,final_heldout,0,r10_l7_full_domain_randomisation_arena_wide_training,r10_l7_full_domain_randomisation_arena_wide_training,r10_super_light_cluster_spatial_flow_belief_memory_h10_final_0000,7,inflight_boundary_near,boundary_near,energy_retaining_bank,primvar_energy_retaining_bank_transition_object_705bc67a6dc1,rejected_exploration_cross_family_without_memory_confidence,False,primvar_energy_retaining_bank_transition_object_705bc67a6dc1,primvar_glide_transition_object_da985aa75290,2.687277733670612e-09,6.557887566316367e-11,0.03,0.0,1.0,-7.534911956952328e-05,-7.534911956952328e-05,0.0,0.0655788756631636,0.0406095343468283,0.9593904656531717,0.0191878093130634,0.0,0.1,0.2,0.0,0.0,0,0,0.9593903345682364,0.9593903345682364,decision_level_baseline_vs_candidate_path_memory_gap_audit,outer_loop_spatial_flow_belief_safe_explore_exploit_memory_v2_2
super_light_cluster,spatial_flow_belief_memory_h10,10,final_heldout,0,r10_l7_full_domain_randomisation_arena_wide_training,r10_l7_full_domain_randomisation_arena_wide_training,r10_super_light_cluster_spatial_flow_belief_memory_h10_final_0000,8,inflight_boundary_near,boundary_near,energy_retaining_bank,primvar_energy_retaining_bank_transition_object_59f915f98b46,rejected_exploration_cross_family_without_memory_confidence,False,primvar_energy_retaining_bank_transition_object_59f915f98b46,primvar_glide_transition_object_a48e56700ce9,1.7092594006840042e-10,2.7609026176378397e-12,0.03,0.0,1.0,-0.0001782863374255,-0.0001782863374255,0.0,0.0027609026176378,0.0486196049047707,0.9513803950952292,0.0190276079019045,0.0,0.1,0.2,0.0,0.0,0,0,0.9513803866869782,0.9513803866869782,decision_level_baseline_vs_candidate_path_memory_gap_audit,outer_loop_spatial_flow_belief_safe_explore_exploit_memory_v2_2
light_cluster,spatial_flow_belief_memory_h30,30,final_heldout,4,r10_l7_full_domain_randomisation_arena_wide_training,r10_l7_full_domain_randomisation_arena_wide_training,r10_light_cluster_spatial_flow_belief_memory_h30_final_0004,0,launch_gate,launch_gate,mild_turn_right,primvar_mild_turn_right_transition_object_56e6925bb803,baseline_and_memory_winner_match,True,primvar_mild_turn_right_transition_object_56e6925bb803,primvar_mild_turn_right_transition_object_56e6925bb803,0.0,0.0,0.03,0.0,1.0,0.0007552602264646,0.0007552602264646,0.0,0.0,0.1023360595613705,0.5428796397999401,0.0108575927959988,0.0,0.1,0.2,0.0,0.0,7,0,0.8976639404386295,0.5428796397999401,decision_level_baseline_vs_candidate_path_memory_gap_audit,outer_loop_spatial_flow_belief_safe_explore_exploit_memory_v2_2
light_cluster,spatial_flow_belief_memory_h30,30,final_heldout,4,r10_l7_full_domain_randomisation_arena_wide_training,r10_l7_full_domain_randomisation_arena_wide_training,r10_light_cluster_spatial_flow_belief_memory_h30_final_0004,1,inflight_nominal,inflight_stable,recovery,primvar_recovery_transition_object_a9d2daacfd0f,baseline_and_memory_winner_match,True,primvar_recovery_transition_object_a9d2daacfd0f,primvar_recovery_transition_object_a9d2daacfd0f,0.0,0.0,0.03,0.0,1.0,0.0010096017196492,0.0010096017196492,0.0,0.0,0.1281419504842636,0.5508937658759495,0.0110178753175189,0.0,0.1,0.2,0.0,0.0,7,0,0.8718580495157364,0.5508937658759495,decision_level_baseline_vs_candidate_path_memory_gap_audit,outer_loop_spatial_flow_belief_safe_explore_exploit_memory_v2_2
light_cluster,spatial_flow_belief_memory_h30,30,final_heldout,4,r10_l7_full_domain_randomisation_arena_wide_training,r10_l7_full_domain_randomisation_arena_wide_training,r10_light_cluster_spatial_flow_belief_memory_h30_final_0004,2,inflight_recovery_edge,recoverable_degraded,safe_exit_or_recovery_handoff,primvar_safe_exit_or_recovery_handoff_transition_object_89fe6c2843f5,baseline_and_memory_winner_match,True,primvar_safe_exit_or_recovery_handoff_transition_object_89fe6c2843f5,primvar_safe_exit_or_recovery_handoff_transition_object_89fe6c2843f5,0.0,0.0,0.03,0.0,1.0,0.0007448845235151,0.0007448845235151,0.0,0.0,0.0862732771026473,0.6126889995962375,0.0122537799919247,0.0,0.1,0.2,0.0,0.0,7,0,0.9137267228973526,0.6126889995962375,decision_level_baseline_vs_candidate_path_memory_gap_audit,outer_loop_spatial_flow_belief_safe_explore_exploit_memory_v2_2
light_cluster,spatial_flow_belief_memory_h30,30,final_heldout,4,r10_l7_full_domain_randomisation_arena_wide_training,r10_l7_full_domain_randomisation_arena_wide_training,r10_light_cluster_spatial_flow_belief_memory_h30_final_0004,3,inflight_recovery_edge,recoverable_degraded,safe_exit_or_recovery_handoff,primvar_safe_exit_or_recovery_handoff_transition_object_eb5ec1f84c14,baseline_and_memory_winner_match,True,primvar_safe_exit_or_recovery_handoff_transition_object_eb5ec1f84c14,primvar_safe_exit_or_recovery_handoff_transition_object_eb5ec1f84c14,0.0,0.0,0.03,0.0,1.0,0.0001056007695714,0.0001056007695714,0.0,0.0,0.038880934045062,0.64562280242271,0.0129124560484542,0.0,0.1,0.2,0.0,0.0,7,0,0.961119065954938,0.64562280242271,decision_level_baseline_vs_candidate_path_memory_gap_audit,outer_loop_spatial_flow_belief_safe_explore_exploit_memory_v2_2
light_cluster,spatial_flow_belief_memory_h30,30,final_heldout,4,r10_l7_full_domain_randomisation_arena_wide_training,r10_l7_full_domain_randomisation_arena_wide_training,r10_light_cluster_spatial_flow_belief_memory_h30_final_0004,4,inflight_boundary_near,boundary_near,energy_retaining_bank,primvar_energy_retaining_bank_transition_object_f378f7a74cce,baseline_and_memory_winner_match,True,primvar_energy_retaining_bank_transition_object_f378f7a74cce,primvar_energy_retaining_bank_transition_object_f378f7a74cce,0.0,0.0,0.03,0.0,1.0,-0.0004029003763392,-0.0004029003763392,0.0,0.0,0.0573136153577156,0.7401848363227868,0.0148036967264557,0.0,0.1,0.2,0.0,0.0,7,0,0.9426863846422844,0.7401848363227868,decision_level_baseline_vs_candidate_path_memory_gap_audit,outer_loop_spatial_flow_belief_safe_explore_exploit_memory_v2_2
light_cluster,spatial_flow_belief_memory_h30,30,final_heldout,4,r10_l7_full_domain_randomisation_arena_wide_training,r10_l7_full_domain_randomisation_arena_wide_training,r10_light_cluster_spatial_flow_belief_memory_h30_final_0004,5,inflight_boundary_near,boundary_near,energy_retaining_bank,primvar_energy_retaining_bank_transition_object_f378f7a74cce,baseline_and_memory_winner_match,True,primvar_energy_retaining_bank_transition_object_f378f7a74cce,primvar_energy_retaining_bank_transition_object_f378f7a74cce,0.0,0.0,0.03,0.0,1.0,-0.0010320480368648,-0.0010320480368648,0.0,0.0,0.0802942688822296,0.7937820248315688,0.0158756404966313,0.0,0.1,0.2,0.0,0.0,4,0,0.9197057311177704,0.7937820248315688,decision_level_baseline_vs_candidate_path_memory_gap_audit,outer_loop_spatial_flow_belief_safe_explore_exploit_memory_v2_2
light_cluster,spatial_flow_belief_memory_h30,30,final_heldout,4,r10_l7_full_domain_randomisation_arena_wide_training,r10_l7_full_domain_randomisation_arena_wide_training,r10_light_cluster_spatial_flow_belief_memory_h30_final_0004,6,inflight_boundary_near,boundary_near,lift_dwell_arc,primvar_lift_dwell_arc_transition_object_e77518a9ca96,baseline_and_memory_winner_match,True,primvar_lift_dwell_arc_transition_object_e77518a9ca96,primvar_lift_dwell_arc_transition_object_e77518a9ca96,0.0,0.0,0.03,0.0,1.0,-0.0007332305138305,-0.0007332305138305,0.0,0.0,0.0530714982240777,0.9469285017759222,0.0189385700355184,0.0,0.1,0.2,0.0,0.0,0,0,0.9469285017759222,0.9469285017759222,decision_level_baseline_vs_candidate_path_memory_gap_audit,outer_loop_spatial_flow_belief_safe_explore_exploit_memory_v2_2
light_cluster,spatial_flow_belief_memory_h30,30,final_heldout,4,r10_l7_full_domain_randomisation_arena_wide_training,r10_l7_full_domain_randomisation_arena_wide_training,r10_light_cluster_spatial_flow_belief_memory_h30_final_0004,7,inflight_boundary_near,boundary_near,lift_dwell_arc,primvar_lift_dwell_arc_transition_object_e77518a9ca96,baseline_and_memory_winner_match,True,primvar_lift_dwell_arc_transition_object_e77518a9ca96,primvar_lift_dwell_arc_transition_object_e77518a9ca96,0.0,0.0,0.03,0.0,1.0,-0.0004923462410983,-0.0004923462410983,0.0,0.0,0.0485356676448053,0.9514643323551948,0.0190292866471038,0.0,0.1,0.2,0.0,0.0,0,0,0.9514643323551948,0.9514643323551948,decision_level_baseline_vs_candidate_path_memory_gap_audit,outer_loop_spatial_flow_belief_safe_explore_exploit_memory_v2_2
light_cluster,spatial_flow_belief_memory_h30,30,final_heldout,4,r10_l7_full_domain_randomisation_arena_wide_training,r10_l7_full_domain_randomisation_arena_wide_training,r10_light_cluster_spatial_flow_belief_memory_h30_final_0004,8,inflight_boundary_near,boundary_near,lift_dwell_arc,primvar_lift_dwell_arc_transition_object_e77518a9ca96,baseline_and_memory_winner_match,True,primvar_lift_dwell_arc_transition_object_e77518a9ca96,primvar_lift_dwell_arc_transition_object_e77518a9ca96,0.0,0.0,0.03,0.0,1.0,-0.0004081092771572,-0.0004081092771572,0.0,0.0,0.0722672766983617,0.9277327233016384,0.0185546544660327,0.0,0.1,0.2,0.0,0.0,0,0,0.9277327233016384,0.9277327233016384,decision_level_baseline_vs_candidate_path_memory_gap_audit,outer_loop_spatial_flow_belief_safe_explore_exploit_memory_v2_2
light_cluster,spatial_flow_belief_memory_h30,30,final_heldout,4,r10_l7_full_domain_randomisation_arena_wide_training,r10_l7_full_domain_randomisation_arena_wide_training,r10_light_cluster_spatial_flow_belief_memory_h30_final_0004,9,inflight_boundary_near,boundary_near,lift_dwell_arc,primvar_lift_dwell_arc_transition_object_e77518a9ca96,baseline_and_memory_winner_match,True,primvar_lift_dwell_arc_transition_object_e77518a9ca96,primvar_lift_dwell_arc_transition_object_e77518a9ca96,0.0,0.0,0.03,0.0,1.0,-0.0003602903637962,-0.0003602903637962,0.0,0.0,0.0862426646244665,0.9137573353755336,0.0182751467075106,0.0,0.1,0.2,0.0,0.0,0,0,0.9137573353755336,0.9137573353755336,decision_level_baseline_vs_candidate_path_memory_gap_audit,outer_loop_spatial_flow_belief_safe_explore_exploit_memory_v2_2
light_cluster,spatial_flow_belief_memory_h30,30,final_heldout,4,r10_l7_full_domain_randomisation_arena_wide_training,r10_l7_full_domain_randomisation_arena_wide_training,r10_light_cluster_spatial_flow_belief_memory_h30_final_0004,10,inflight_boundary_near,boundary_near,lift_dwell_arc,primvar_lift_dwell_arc_transition_object_e77518a9ca96,baseline_and_memory_winner_match,True,primvar_lift_dwell_arc_transition_object_e77518a9ca96,primvar_lift_dwell_arc_transition_object_e77518a9ca96,0.0,0.0,0.03,0.0,1.0,-0.0002178873982885,-0.0002178873982885,0.0,0.0,0.0409063659681199,0.95909363403188,0.0191818726806376,0.0,0.1,0.2,0.0,0.0,0,0,0.95909363403188,0.95909363403188,decision_level_baseline_vs_candidate_path_memory_gap_audit,outer_loop_spatial_flow_belief_safe_explore_exploit_memory_v2_2
light_cluster,spatial_flow_belief_memory_h30,30,final_heldout,8,r10_l7_full_domain_randomisation_arena_wide_training,r10_l7_full_domain_randomisation_arena_wide_training,r10_light_cluster_spatial_flow_belief_memory_h30_final_0008,0,launch_gate,launch_gate,mild_turn_left,primvar_mild_turn_left_transition_object_2189de2270ec,baseline_and_memory_winner_match,True,primvar_mild_turn_left_transition_object_2189de2270ec,primvar_mild_turn_left_transition_object_2189de2270ec,0.0,0.0,0.03,0.0,1.0,0.0001874656800868,0.0001874656800868,0.0,0.0,0.0456245996801448,0.509149295760409,0.0101829859152081,0.0,0.1,0.2,5.051677902396609e-17,1.015749281294058e-14,7,5,0.9543754003198552,0.509149295760409,decision_level_baseline_vs_candidate_path_memory_gap_audit,outer_loop_spatial_flow_belief_safe_explore_exploit_memory_v2_2
light_cluster,spatial_flow_belief_memory_h30,30,final_heldout,8,r10_l7_full_domain_randomisation_arena_wide_training,r10_l7_full_domain_randomisation_arena_wide_training,r10_light_cluster_spatial_flow_belief_memory_h30_final_0008,1,inflight_nominal,inflight_stable,recovery,primvar_recovery_transition_object_4268876749b8,baseline_and_memory_winner_match,True,primvar_recovery_transition_object_4268876749b8,primvar_recovery_transition_object_4268876749b8,0.0,0.0,0.03,0.0,1.0,6.867135022181614e-05,6.867135022181614e-05,0.0,0.0,0.0758477971124887,0.5093230302752707,0.0101864606055054,0.0,0.1,0.2,0.0,0.0,7,0,0.9241522028875112,0.5093230302752707,decision_level_baseline_vs_candidate_path_memory_gap_audit,outer_loop_spatial_flow_belief_safe_explore_exploit_memory_v2_2
light_cluster,spatial_flow_belief_memory_h30,30,final_heldout,8,r10_l7_full_domain_randomisation_arena_wide_training,r10_l7_full_domain_randomisation_arena_wide_training,r10_light_cluster_spatial_flow_belief_memory_h30_final_0008,2,inflight_nominal,inflight_stable,recovery,primvar_recovery_transition_object_4268876749b8,baseline_and_memory_winner_match,True,primvar_recovery_transition_object_4268876749b8,primvar_recovery_transition_object_4268876749b8,0.0,0.0,0.03,0.0,1.0,-0.0001301559808524,-0.0001301559808524,0.0,0.0,0.0483685086222194,0.5505256410894703,0.0110105128217894,0.0,0.1,0.2,0.0,0.0,7,0,0.9516314913777806,0.5505256410894703,decision_level_baseline_vs_candidate_path_memory_gap_audit,outer_loop_spatial_flow_belief_safe_explore_exploit_memory_v2_2
light_cluster,spatial_flow_belief_memory_h30,30,final_heldout,8,r10_l7_full_domain_randomisation_arena_wide_training,r10_l7_full_domain_randomisation_arena_wide_training,r10_light_cluster_spatial_flow_belief_memory_h30_final_0008,3,inflight_nominal,inflight_stable,recovery,primvar_recovery_transition_object_4268876749b8,baseline_and_memory_winner_match,True,primvar_recovery_transition_object_4268876749b8,primvar_recovery_transition_object_4268876749b8,0.0,0.0,0.03,0.0,1.0,-0.0001540855556747,-0.0001540855556747,0.0,0.0,0.0383821203267881,0.5895122013542817,0.0117902440270856,0.0,0.1,0.2,6.00109665951263e-26,1.5807481086796598e-23,7,3,0.961617879673212,0.5895122013542817,decision_level_baseline_vs_candidate_path_memory_gap_audit,outer_loop_spatial_flow_belief_safe_explore_exploit_memory_v2_2
light_cluster,spatial_flow_belief_memory_h30,30,final_heldout,8,r10_l7_full_domain_randomisation_arena_wide_training,r10_l7_full_domain_randomisation_arena_wide_training,r10_light_cluster_spatial_flow_belief_memory_h30_final_0008,4,inflight_recovery_edge,recoverable_degraded,safe_exit_or_recovery_handoff,primvar_safe_exit_or_recovery_handoff_transition_object_54443200afd9,baseline_and_memory_winner_match,True,primvar_safe_exit_or_recovery_handoff_transition_object_54443200afd9,primvar_safe_exit_or_recovery_handoff_transition_object_54443200afd9,0.0,0.0,0.03,0.0,1.0,-0.0002320955667597,-0.0002320955667597,0.0,0.0,0.0545773782336598,0.6196221719775677,0.0123924434395513,0.0,0.1,0.2,0.0,0.0,7,0,0.9454226217663402,0.6196221719775677,decision_level_baseline_vs_candidate_path_memory_gap_audit,outer_loop_spatial_flow_belief_safe_explore_exploit_memory_v2_2
light_cluster,spatial_flow_belief_memory_h30,30,final_heldout,8,r10_l7_full_domain_randomisation_arena_wide_training,r10_l7_full_domain_randomisation_arena_wide_training,r10_light_cluster_spatial_flow_belief_memory_h30_final_0008,5,inflight_nominal,inflight_stable,recovery,primvar_recovery_transition_object_4268876749b8,baseline_and_memory_winner_match,True,primvar_recovery_transition_object_4268876749b8,primvar_recovery_transition_object_4268876749b8,0.0,0.0,0.03,0.0,1.0,-0.0002569123715321,-0.0002569123715321,0.0,0.0,0.0419743194530845,0.6750276903136758,0.0135005538062735,0.0,0.1,0.2,5.823809984268483e-07,0.0008429536405337,7,10,0.9580256805469154,0.6750276903136758,decision_level_baseline_vs_candidate_path_memory_gap_audit,outer_loop_spatial_flow_belief_safe_explore_exploit_memory_v2_2
light_cluster,spatial_flow_belief_memory_h30,30,final_heldout,8,r10_l7_full_domain_randomisation_arena_wide_training,r10_l7_full_domain_randomisation_arena_wide_training,r10_light_cluster_spatial_flow_belief_memory_h30_final_0008,6,inflight_nominal,inflight_stable,recovery,primvar_recovery_transition_object_4268876749b8,baseline_and_memory_winner_match,True,primvar_recovery_transition_object_4268876749b8,primvar_recovery_transition_object_4268876749b8,0.0,0.0,0.03,0.0,1.0,-0.000267906095422,-0.000267906095422,0.0,0.0,0.0412025998725485,0.7342957623518382,0.0146859152470367,0.0,0.1,0.2,7.315820385414348e-07,0.00050220650003,7,8,0.9587974001274516,0.7342957623518382,decision_level_baseline_vs_candidate_path_memory_gap_audit,outer_loop_spatial_flow_belief_safe_explore_exploit_memory_v2_2
light_cluster,spatial_flow_belief_memory_h30,30,final_heldout,8,r10_l7_full_domain_randomisation_arena_wide_training,r10_l7_full_domain_randomisation_arena_wide_training,r10_light_cluster_spatial_flow_belief_memory_h30_final_0008,7,inflight_nominal,inflight_stable,recovery,primvar_recovery_transition_object_4268876749b8,baseline_and_memory_winner_match,True,primvar_recovery_transition_object_4268876749b8,primvar_recovery_transition_object_4268876749b8,0.0,0.0,0.03,0.0,1.0,-0.0002689868870964,-0.0002689868870964,0.0,0.0,0.0373766593924552,0.8130616361983198,0.0162612327239663,0.0,0.1,0.2,0.0,0.0,3,0,0.9626233406075448,0.8130616361983198,decision_level_baseline_vs_candidate_path_memory_gap_audit,outer_loop_spatial_flow_belief_safe_explore_exploit_memory_v2_2
light_cluster,spatial_flow_belief_memory_h30,30,final_heldout,8,r10_l7_full_domain_randomisation_arena_wide_training,r10_l7_full_domain_randomisation_arena_wide_training,r10_light_cluster_spatial_flow_belief_memory_h30_final_0008,8,inflight_nominal,inflight_stable,recovery,primvar_recovery_transition_object_4268876749b8,baseline_and_memory_winner_match,True,primvar_recovery_transition_object_4268876749b8,primvar_recovery_transition_object_4268876749b8,0.0,0.0,0.03,0.0,1.0,-0.0009087277671933,-0.0009087277671933,0.0,0.0,0.0800000000038477,0.8751676429827245,0.0175033528596544,0.0,0.1,0.2,0.0,0.0,0,0,0.9199999999961522,0.8751676429827245,decision_level_baseline_vs_candidate_path_memory_gap_audit,outer_loop_spatial_flow_belief_safe_explore_exploit_memory_v2_2
light_cluster,spatial_flow_belief_memory_h30,30,final_heldout,8,r10_l7_full_domain_randomisation_arena_wide_training,r10_l7_full_domain_randomisation_arena_wide_training,r10_light_cluster_spatial_flow_belief_memory_h30_final_0008,9,inflight_boundary_near,boundary_near,lift_dwell_arc,primvar_lift_dwell_arc_transition_object_3d4acb04abc7,baseline_and_memory_winner_match,True,primvar_lift_dwell_arc_transition_object_3d4acb04abc7,primvar_lift_dwell_arc_transition_object_3d4acb04abc7,0.0,0.0,0.03,0.0,1.0,-0.000260040592668,-0.000260040592668,0.0,0.0,0.0336583910070715,0.9663416089929284,0.0193268321798585,0.0,0.1,0.2,0.0,0.0,0,0,0.9663416089929284,0.9663416089929284,decision_level_baseline_vs_candidate_path_memory_gap_audit,outer_loop_spatial_flow_belief_safe_explore_exploit_memory_v2_2
light_cluster,spatial_flow_belief_memory_h30,30,final_heldout,8,r10_l7_full_domain_randomisation_arena_wide_training,r10_l7_full_domain_randomisation_arena_wide_training,r10_light_cluster_spatial_flow_belief_memory_h30_final_0008,10,inflight_boundary_near,boundary_near,lift_dwell_arc,primvar_lift_dwell_arc_transition_object_3d4acb04abc7,rejected_exploration_cross_family_without_memory_confidence,False,primvar_lift_dwell_arc_transition_object_3d4acb04abc7,primvar_recovery_transition_object_53b93252d901,1.8651746813702633e-14,3.552713678800501e-15,0.03,0.0,1.0,-0.0001888612577478,-0.0001888612577478,0.0,3.5527136788005005e-06,0.0294889510852374,0.9705110489147626,0.0194102209782952,0.0,0.1,0.2,0.0,0.0,0,0,0.9705110489140036,0.9705110489140036,decision_level_baseline_vs_candidate_path_memory_gap_audit,outer_loop_spatial_flow_belief_safe_explore_exploit_memory_v2_2
light_cluster,spatial_flow_belief_memory_h30,30,final_heldout,8,r10_l7_full_domain_randomisation_arena_wide_training,r10_l7_full_domain_randomisation_arena_wide_training,r10_light_cluster_spatial_flow_belief_memory_h30_final_0008,11,inflight_boundary_near,boundary_near,lift_dwell_arc,primvar_lift_dwell_arc_transition_object_3d4acb04abc7,baseline_and_memory_winner_match,True,primvar_lift_dwell_arc_transition_object_3d4acb04abc7,primvar_lift_dwell_arc_transition_object_3d4acb04abc7,0.0,0.0,0.03,0.0,1.0,-0.0003041925309414,-0.0003041925309414,0.0,0.0,0.0436319481707644,0.9563680518292356,0.0191273610365847,0.0,0.1,0.2,0.0,0.0,0,0,0.9563680518292356,0.9563680518292356,decision_level_baseline_vs_candidate_path_memory_gap_audit,outer_loop_spatial_flow_belief_safe_explore_exploit_memory_v2_2
super_light_cluster,spatial_flow_belief_memory_h10,10,final_heldout,1,r10_l7_full_domain_randomisation_arena_wide_training,r10_l7_full_domain_randomisation_arena_wide_training,r10_super_light_cluster_spatial_flow_belief_memory_h10_final_0001,0,launch_gate,launch_gate,mild_turn_left,primvar_mild_turn_left_transition_object_dab2e653a49b,baseline_and_memory_winner_match,True,primvar_mild_turn_left_transition_object_dab2e653a49b,primvar_mild_turn_left_transition_object_dab2e653a49b,0.0,0.0,0.03,0.0,1.0,0.0,0.0,0.0,0.0,0.0,0.5971880228933993,0.0119437604578679,0.0,0.1,0.2,0.0,0.0,7,0,1.0,0.5971880228933993,decision_level_baseline_vs_candidate_path_memory_gap_audit,outer_loop_spatial_flow_belief_safe_explore_exploit_memory_v2_2
super_light_cluster,spatial_flow_belief_memory_h10,10,final_heldout,1,r10_l7_full_domain_randomisation_arena_wide_training,r10_l7_full_domain_randomisation_arena_wide_training,r10_super_light_cluster_spatial_flow_belief_memory_h10_final_0001,1,inflight_nominal,inflight_stable,lift_entry,primvar_lift_entry_transition_object_a65393bbc7f9,baseline_and_memory_winner_match,True,primvar_lift_entry_transition_object_a65393bbc7f9,primvar_lift_entry_transition_object_a65393bbc7f9,0.0,0.0,0.03,0.0,1.0,3.490633689784417e-05,3.490633689784417e-05,0.0,0.0,0.0303990622937582,0.5695350043598573,0.0113907000871971,0.0,0.1,0.2,0.0,0.0,7,0,0.9696009377062418,0.5695350043598573,decision_level_baseline_vs_candidate_path_memory_gap_audit,outer_loop_spatial_flow_belief_safe_explore_exploit_memory_v2_2
super_light_cluster,spatial_flow_belief_memory_h10,10,final_heldout,1,r10_l7_full_domain_randomisation_arena_wide_training,r10_l7_full_domain_randomisation_arena_wide_training,r10_super_light_cluster_spatial_flow_belief_memory_h10_final_0001,2,inflight_recovery_edge,recoverable_degraded,safe_exit_or_recovery_handoff,primvar_safe_exit_or_recovery_handoff_transition_object_eb5ec1f84c14,baseline_and_memory_winner_match,True,primvar_safe_exit_or_recovery_handoff_transition_object_eb5ec1f84c14,primvar_safe_exit_or_recovery_handoff_transition_object_eb5ec1f84c14,0.0,0.0,0.03,0.0,1.0,-5.75414101266214e-05,-5.75414101266214e-05,0.0,0.0,0.0417485742468579,0.591621065652696,0.0118324213130539,0.0,0.1,0.2,0.0,0.0,7,0,0.958251425753142,0.591621065652696,decision_level_baseline_vs_candidate_path_memory_gap_audit,outer_loop_spatial_flow_belief_safe_explore_exploit_memory_v2_2
super_light_cluster,spatial_flow_belief_memory_h10,10,final_heldout,1,r10_l7_full_domain_randomisation_arena_wide_training,r10_l7_full_domain_randomisation_arena_wide_training,r10_super_light_cluster_spatial_flow_belief_memory_h10_final_0001,3,inflight_nominal,inflight_stable,lift_entry,primvar_lift_entry_transition_object_a65393bbc7f9,baseline_and_memory_winner_match,True,primvar_lift_entry_transition_object_a65393bbc7f9,primvar_lift_entry_transition_object_a65393bbc7f9,0.0,0.0,0.03,0.0,1.0,-0.0001161945766097,-0.0001161945766097,0.0,0.0,0.0330609710695425,0.6439020598171429,0.0128780411963428,0.0,0.1,0.2,0.0,0.0,7,0,0.9669390289304576,0.6439020598171429,decision_level_baseline_vs_candidate_path_memory_gap_audit,outer_loop_spatial_flow_belief_safe_explore_exploit_memory_v2_2
super_light_cluster,spatial_flow_belief_memory_h10,10,final_heldout,1,r10_l7_full_domain_randomisation_arena_wide_training,r10_l7_full_domain_randomisation_arena_wide_training,r10_super_light_cluster_spatial_flow_belief_memory_h10_final_0001,4,inflight_recovery_edge,recoverable_degraded,safe_exit_or_recovery_handoff,primvar_safe_exit_or_recovery_handoff_transition_object_89fe6c2843f5,baseline_and_memory_winner_match,True,primvar_safe_exit_or_recovery_handoff_transition_object_89fe6c2843f5,primvar_safe_exit_or_recovery_handoff_transition_object_89fe6c2843f5,0.0,0.0,0.03,0.0,1.0,-0.0001490253603568,-0.0001490253603568,0.0,0.0,0.03430663298503,0.7447763840139244,0.0148955276802784,0.0,0.1,0.2,0.0,0.0,7,0,0.96569336701497,0.7447763840139244,decision_level_baseline_vs_candidate_path_memory_gap_audit,outer_loop_spatial_flow_belief_safe_explore_exploit_memory_v2_2
super_light_cluster,spatial_flow_belief_memory_h10,10,final_heldout,1,r10_l7_full_domain_randomisation_arena_wide_training,r10_l7_full_domain_randomisation_arena_wide_training,r10_super_light_cluster_spatial_flow_belief_memory_h10_final_0001,5,inflight_recovery_edge,recoverable_degraded,safe_exit_or_recovery_handoff,primvar_safe_exit_or_recovery_handoff_transition_object_89fe6c2843f5,baseline_and_memory_winner_match,True,primvar_safe_exit_or_recovery_handoff_transition_object_89fe6c2843f5,primvar_safe_exit_or_recovery_handoff_transition_object_89fe6c2843f5,0.0,0.0,0.03,0.0,1.0,-0.0002086715722001,-0.0002086715722001,0.0,0.0,0.0387767594245568,0.819420008662033,0.0163884001732406,0.0,0.1,0.2,0.0,0.0,5,0,0.9612232405754432,0.819420008662033,decision_level_baseline_vs_candidate_path_memory_gap_audit,outer_loop_spatial_flow_belief_safe_explore_exploit_memory_v2_2
super_light_cluster,spatial_flow_belief_memory_h10,10,final_heldout,1,r10_l7_full_domain_randomisation_arena_wide_training,r10_l7_full_domain_randomisation_arena_wide_training,r10_super_light_cluster_spatial_flow_belief_memory_h10_final_0001,6,inflight_recovery_edge,recoverable_degraded,safe_exit_or_recovery_handoff,primvar_safe_exit_or_recovery_handoff_transition_object_89fe6c2843f5,baseline_and_memory_winner_match,True,primvar_safe_exit_or_recovery_handoff_transition_object_89fe6c2843f5,primvar_safe_exit_or_recovery_handoff_transition_object_89fe6c2843f5,0.0,0.0,0.03,0.0,1.0,-0.000217591475861,-0.000217591475861,0.0,0.0,0.0432475362543019,0.9208957934940504,0.018417915869881,0.0,0.1,0.2,0.0,0.0,0,0,0.956752463745698,0.9208957934940504,decision_level_baseline_vs_candidate_path_memory_gap_audit,outer_loop_spatial_flow_belief_safe_explore_exploit_memory_v2_2
super_light_cluster,spatial_flow_belief_memory_h10,10,final_heldout,1,r10_l7_full_domain_randomisation_arena_wide_training,r10_l7_full_domain_randomisation_arena_wide_training,r10_super_light_cluster_spatial_flow_belief_memory_h10_final_0001,7,inflight_boundary_near,boundary_near,energy_retaining_bank,primvar_energy_retaining_bank_transition_object_f378f7a74cce,baseline_and_memory_winner_match,True,primvar_energy_retaining_bank_transition_object_f378f7a74cce,primvar_energy_retaining_bank_transition_object_f378f7a74cce,0.0,0.0,0.03,0.0,1.0,-0.0001271724972011,-0.0001271724972011,0.0,0.0,0.027393984682633,0.972606015317367,0.0194521203063473,0.0,0.1,0.2,0.0,0.0,0,0,0.972606015317367,0.972606015317367,decision_level_baseline_vs_candidate_path_memory_gap_audit,outer_loop_spatial_flow_belief_safe_explore_exploit_memory_v2_2
super_light_cluster,spatial_flow_belief_memory_h10,10,final_heldout,1,r10_l7_full_domain_randomisation_arena_wide_training,r10_l7_full_domain_randomisation_arena_wide_training,r10_super_light_cluster_spatial_flow_belief_memory_h10_final_0001,8,inflight_boundary_near,boundary_near,mild_turn_left,primvar_mild_turn_left_transition_object_dce8f75ea53c,baseline_and_memory_winner_match,True,primvar_mild_turn_left_transition_object_dce8f75ea53c,primvar_mild_turn_left_transition_object_dce8f75ea53c,0.0,0.0,0.03,0.0,1.0,-7.997773919332651e-05,-7.997773919332651e-05,0.0,0.0,0.0394804207088439,0.960519579291156,0.0192103915858231,0.0,0.1,0.2,0.0,0.0,0,0,0.960519579291156,0.960519579291156,decision_level_baseline_vs_candidate_path_memory_gap_audit,outer_loop_spatial_flow_belief_safe_explore_exploit_memory_v2_2
super_light_cluster,spatial_flow_belief_memory_h10,10,final_heldout,1,r10_l7_full_domain_randomisation_arena_wide_training,r10_l7_full_domain_randomisation_arena_wide_training,r10_super_light_cluster_spatial_flow_belief_memory_h10_final_0001,9,inflight_boundary_near,boundary_near,mild_turn_left,primvar_mild_turn_left_transition_object_dce8f75ea53c,baseline_and_memory_winner_match,True,primvar_mild_turn_left_transition_object_dce8f75ea53c,primvar_mild_turn_left_transition_object_dce8f75ea53c,0.0,0.0,0.03,0.0,1.0,-2.492493163686049e-05,-2.492493163686049e-05,0.0,0.0,0.0299600380865076,0.9700399619134924,0.0194007992382698,0.0,0.1,0.2,0.0,0.0,0,0,0.9700399619134924,0.9700399619134924,decision_level_baseline_vs_candidate_path_memory_gap_audit,outer_loop_spatial_flow_belief_safe_explore_exploit_memory_v2_2
super_light_cluster,spatial_flow_belief_memory_h10,10,final_heldout,1,r10_l7_full_domain_randomisation_arena_wide_training,r10_l7_full_domain_randomisation_arena_wide_training,r10_super_light_cluster_spatial_flow_belief_memory_h10_final_0001,10,inflight_boundary_near,boundary_near,mild_turn_left,primvar_mild_turn_left_transition_object_dce8f75ea53c,baseline_and_memory_winner_match,True,primvar_mild_turn_left_transition_object_dce8f75ea53c,primvar_mild_turn_left_transition_object_dce8f75ea53c,0.0,0.0,0.03,0.0,1.0,6.877599105514776e-05,6.877599105514776e-05,0.0,0.0,0.0363466137960379,0.963653386203962,0.0192730677240792,0.0,0.1,0.2,0.0,0.0,0,0,0.963653386203962,0.963653386203962,decision_level_baseline_vs_candidate_path_memory_gap_audit,outer_loop_spatial_flow_belief_safe_explore_exploit_memory_v2_2
super_light_cluster,spatial_flow_belief_memory_h10,10,final_heldout,1,r10_l7_full_domain_randomisation_arena_wide_training,r10_l7_full_domain_randomisation_arena_wide_training,r10_super_light_cluster_spatial_flow_belief_memory_h10_final_0001,11,inflight_boundary_near,boundary_near,mild_turn_left,primvar_mild_turn_left_transition_object_dce8f75ea53c,baseline_and_memory_winner_match,True,primvar_mild_turn_left_transition_object_dce8f75ea53c,primvar_mild_turn_left_transition_object_dce8f75ea53c,0.0,0.0,0.03,0.0,1.0,9.05291889203852e-05,9.05291889203852e-05,0.0,0.0,0.0325659985075834,0.9674340014924164,0.0193486800298483,0.0,0.1,0.2,0.0,0.0,0,0,0.9674340014924164,0.9674340014924164,decision_level_baseline_vs_candidate_path_memory_gap_audit,outer_loop_spatial_flow_belief_safe_explore_exploit_memory_v2_2
super_light_cluster,spatial_flow_belief_memory_h10,10,final_heldout,5,r10_l7_full_domain_randomisation_arena_wide_training,r10_l7_full_domain_randomisation_arena_wide_training,r10_super_light_cluster_spatial_flow_belief_memory_h10_final_0005,0,launch_gate,launch_gate,lift_dwell_arc,primvar_lift_dwell_arc_transition_object_0bb49fd72816,baseline_and_memory_winner_match,True,primvar_lift_dwell_arc_transition_object_0bb49fd72816,primvar_lift_dwell_arc_transition_object_0bb49fd72816,0.0,0.0,0.03,0.0,1.0,-8.165166836937576e-05,-8.165166836937576e-05,0.0,0.0,0.0117452631682742,0.7656387948311779,0.0153127758966235,0.0,0.1,0.2,0.0,0.0,7,0,0.9882547368317258,0.7656387948311779,decision_level_baseline_vs_candidate_path_memory_gap_audit,outer_loop_spatial_flow_belief_safe_explore_exploit_memory_v2_2
super_light_cluster,spatial_flow_belief_memory_h10,10,final_heldout,5,r10_l7_full_domain_randomisation_arena_wide_training,r10_l7_full_domain_randomisation_arena_wide_training,r10_super_light_cluster_spatial_flow_belief_memory_h10_final_0005,1,inflight_boundary_near,boundary_near,mild_turn_right,primvar_mild_turn_right_transition_object_40208f0dcfe3,baseline_and_memory_winner_match,True,primvar_mild_turn_right_transition_object_40208f0dcfe3,primvar_mild_turn_right_transition_object_40208f0dcfe3,0.0,0.0,0.03,0.0,1.0,0.0004205640414368,0.0004205640414368,0.0,0.0,0.0341490820969322,0.7830106390931766,0.0156602127818635,0.0,0.1,0.2,0.0,0.0,7,0,0.9658509179030678,0.7830106390931766,decision_level_baseline_vs_candidate_path_memory_gap_audit,outer_loop_spatial_flow_belief_safe_explore_exploit_memory_v2_2
super_light_cluster,spatial_flow_belief_memory_h10,10,final_heldout,5,r10_l7_full_domain_randomisation_arena_wide_training,r10_l7_full_domain_randomisation_arena_wide_training,r10_super_light_cluster_spatial_flow_belief_memory_h10_final_0005,2,inflight_boundary_near,boundary_near,lift_dwell_arc,primvar_lift_dwell_arc_transition_object_cd89af02a2de,baseline_and_memory_winner_match,True,primvar_lift_dwell_arc_transition_object_cd89af02a2de,primvar_lift_dwell_arc_transition_object_cd89af02a2de,0.0,0.0,0.03,0.0,1.0,0.0003767643894683,0.0003767643894683,0.0,0.0,0.0331108891161548,0.8297694720139595,0.0165953894402791,0.0,0.1,0.2,0.0,0.0,6,0,0.9668891108838452,0.8297694720139595,decision_level_baseline_vs_candidate_path_memory_gap_audit,outer_loop_spatial_flow_belief_safe_explore_exploit_memory_v2_2
super_light_cluster,spatial_flow_belief_memory_h10,10,final_heldout,5,r10_l7_full_domain_randomisation_arena_wide_training,r10_l7_full_domain_randomisation_arena_wide_training,r10_super_light_cluster_spatial_flow_belief_memory_h10_final_0005,3,inflight_boundary_near,boundary_near,lift_dwell_arc,primvar_lift_dwell_arc_transition_object_cd89af02a2de,baseline_and_memory_winner_match,True,primvar_lift_dwell_arc_transition_object_cd89af02a2de,primvar_lift_dwell_arc_transition_object_cd89af02a2de,0.0,0.0,0.03,0.0,1.0,0.0002466627335386,0.0002466627335386,0.0,0.0,0.0376626492791246,0.9392529488838876,0.0187850589776777,0.0,0.1,0.2,0.0,0.0,0,0,0.9623373507208756,0.9392529488838876,decision_level_baseline_vs_candidate_path_memory_gap_audit,outer_loop_spatial_flow_belief_safe_explore_exploit_memory_v2_2
super_light_cluster,spatial_flow_belief_memory_h10,10,final_heldout,5,r10_l7_full_domain_randomisation_arena_wide_training,r10_l7_full_domain_randomisation_arena_wide_training,r10_super_light_cluster_spatial_flow_belief_memory_h10_final_0005,4,inflight_boundary_near,boundary_near,energy_retaining_bank,primvar_energy_retaining_bank_transition_object_59f915f98b46,baseline_and_memory_winner_match,True,primvar_energy_retaining_bank_transition_object_59f915f98b46,primvar_energy_retaining_bank_transition_object_59f915f98b46,0.0,0.0,0.03,0.0,1.0,0.0001672085838539,0.0001672085838539,0.0,0.0,0.0443132605899467,0.9556867394100532,0.019113734788201,0.0,0.1,0.2,0.0,0.0,0,0,0.9556867394100532,0.9556867394100532,decision_level_baseline_vs_candidate_path_memory_gap_audit,outer_loop_spatial_flow_belief_safe_explore_exploit_memory_v2_2
super_light_cluster,spatial_flow_belief_memory_h10,10,final_heldout,5,r10_l7_full_domain_randomisation_arena_wide_training,r10_l7_full_domain_randomisation_arena_wide_training,r10_super_light_cluster_spatial_flow_belief_memory_h10_final_0005,5,inflight_boundary_near,boundary_near,energy_retaining_bank,primvar_energy_retaining_bank_transition_object_59f915f98b46,baseline_and_memory_winner_match,True,primvar_energy_retaining_bank_transition_object_59f915f98b46,primvar_energy_retaining_bank_transition_object_59f915f98b46,0.0,0.0,0.03,0.0,1.0,6.37256797495489e-05,6.37256797495489e-05,0.0,0.0,0.0358728723354882,0.9641271276645116,0.0192825425532902,0.0,0.1,0.2,0.0,0.0,0,0,0.9641271276645116,0.9641271276645116,decision_level_baseline_vs_candidate_path_memory_gap_audit,outer_loop_spatial_flow_belief_safe_explore_exploit_memory_v2_2
super_light_cluster,spatial_flow_belief_memory_h10,10,final_heldout,5,r10_l7_full_domain_randomisation_arena_wide_training,r10_l7_full_domain_randomisation_arena_wide_training,r10_super_light_cluster_spatial_flow_belief_memory_h10_final_0005,6,inflight_boundary_near,boundary_near,energy_retaining_bank,primvar_energy_retaining_bank_transition_object_705bc67a6dc1,baseline_and_memory_winner_match,True,primvar_energy_retaining_bank_transition_object_705bc67a6dc1,primvar_energy_retaining_bank_transition_object_705bc67a6dc1,0.0,0.0,0.03,0.0,1.0,-8.101655994963153e-07,-8.101655994963153e-07,0.0,0.0,0.0431221732237726,0.9568778267762272,0.0191375565355245,0.0,0.1,0.2,0.0,0.0,0,0,0.9568778267762272,0.9568778267762272,decision_level_baseline_vs_candidate_path_memory_gap_audit,outer_loop_spatial_flow_belief_safe_explore_exploit_memory_v2_2
super_light_cluster,spatial_flow_belief_memory_h10,10,final_heldout,5,r10_l7_full_domain_randomisation_arena_wide_training,r10_l7_full_domain_randomisation_arena_wide_training,r10_super_light_cluster_spatial_flow_belief_memory_h10_final_0005,7,inflight_boundary_near,boundary_near,energy_retaining_bank,primvar_energy_retaining_bank_transition_object_705bc67a6dc1,baseline_and_memory_winner_match,True,primvar_energy_retaining_bank_transition_object_705bc67a6dc1,primvar_energy_retaining_bank_transition_object_705bc67a6dc1,0.0,0.0,0.03,0.0,1.0,-2.1038651177640588e-05,-2.1038651177640588e-05,0.0,0.0,0.0334935691636361,0.966506430836364,0.0193301286167272,0.0,0.1,0.2,0.0,0.0,0,0,0.966506430836364,0.966506430836364,decision_level_baseline_vs_candidate_path_memory_gap_audit,outer_loop_spatial_flow_belief_safe_explore_exploit_memory_v2_2
super_light_cluster,spatial_flow_belief_memory_h10,10,final_heldout,5,r10_l7_full_domain_randomisation_arena_wide_training,r10_l7_full_domain_randomisation_arena_wide_training,r10_super_light_cluster_spatial_flow_belief_memory_h10_final_0005,8,inflight_boundary_near,boundary_near,energy_retaining_bank,primvar_energy_retaining_bank_transition_object_705bc67a6dc1,baseline_and_memory_winner_match,True,primvar_energy_retaining_bank_transition_object_705bc67a6dc1,primvar_energy_retaining_bank_transition_object_705bc67a6dc1,0.0,0.0,0.03,0.0,1.0,-4.6229223860772e-05,-4.6229223860772e-05,0.0,0.0,0.0359479431020755,0.9640520568979244,0.0192810411379584,0.0,0.1,0.2,0.0,0.0,0,0,0.9640520568979244,0.9640520568979244,decision_level_baseline_vs_candidate_path_memory_gap_audit,outer_loop_spatial_flow_belief_safe_explore_exploit_memory_v2_2
super_light_cluster,spatial_flow_belief_memory_h10,10,final_heldout,2,r10_l7_full_domain_randomisation_arena_wide_training,r10_l7_full_domain_randomisation_arena_wide_training,r10_super_light_cluster_spatial_flow_belief_memory_h10_final_0002,0,launch_gate,launch_gate,mild_turn_left,primvar_mild_turn_left_transition_object_c5942d118f74,baseline_and_memory_winner_match,True,primvar_mild_turn_left_transition_object_c5942d118f74,primvar_mild_turn_left_transition_object_c5942d118f74,0.0,0.0,0.03,0.0,1.0,-9.05709363063778e-06,-9.05709363063778e-06,0.0,0.0,0.0058009431708681,0.6238505299996513,0.012477010599993,0.0,0.1,0.2,0.0,0.0,7,0,0.9941990568291318,0.6238505299996513,decision_level_baseline_vs_candidate_path_memory_gap_audit,outer_loop_spatial_flow_belief_safe_explore_exploit_memory_v2_2
super_light_cluster,spatial_flow_belief_memory_h10,10,final_heldout,2,r10_l7_full_domain_randomisation_arena_wide_training,r10_l7_full_domain_randomisation_arena_wide_training,r10_super_light_cluster_spatial_flow_belief_memory_h10_final_0002,1,inflight_nominal,inflight_stable,mild_turn_left,primvar_mild_turn_left_transition_object_c0027154e9bd,baseline_and_memory_winner_match,True,primvar_mild_turn_left_transition_object_c0027154e9bd,primvar_mild_turn_left_transition_object_c0027154e9bd,0.0,0.0,0.03,0.0,1.0,0.0002214490000913,0.0002214490000913,0.0,0.0,0.0372005602223742,0.644781017863706,0.0128956203572741,0.0,0.1,0.2,0.0,0.0,7,0,0.9627994397776258,0.644781017863706,decision_level_baseline_vs_candidate_path_memory_gap_audit,outer_loop_spatial_flow_belief_safe_explore_exploit_memory_v2_2
super_light_cluster,spatial_flow_belief_memory_h10,10,final_heldout,2,r10_l7_full_domain_randomisation_arena_wide_training,r10_l7_full_domain_randomisation_arena_wide_training,r10_super_light_cluster_spatial_flow_belief_memory_h10_final_0002,2,inflight_recovery_edge,recoverable_degraded,safe_exit_or_recovery_handoff,primvar_safe_exit_or_recovery_handoff_transition_object_89fe6c2843f5,baseline_and_memory_winner_match,True,primvar_safe_exit_or_recovery_handoff_transition_object_89fe6c2843f5,primvar_safe_exit_or_recovery_handoff_transition_object_89fe6c2843f5,0.0,0.0,0.03,0.0,1.0,0.000333777388751,0.000333777388751,0.0,0.0,0.0345724954429849,0.6480160956272255,0.0129603219125445,0.0,0.1,0.2,0.0,0.0,7,0,0.965427504557015,0.6480160956272255,decision_level_baseline_vs_candidate_path_memory_gap_audit,outer_loop_spatial_flow_belief_safe_explore_exploit_memory_v2_2
super_light_cluster,spatial_flow_belief_memory_h10,10,final_heldout,2,r10_l7_full_domain_randomisation_arena_wide_training,r10_l7_full_domain_randomisation_arena_wide_training,r10_super_light_cluster_spatial_flow_belief_memory_h10_final_0002,3,inflight_recovery_edge,recoverable_degraded,safe_exit_or_recovery_handoff,primvar_safe_exit_or_recovery_handoff_transition_object_89fe6c2843f5,baseline_and_memory_winner_match,True,primvar_safe_exit_or_recovery_handoff_transition_object_89fe6c2843f5,primvar_safe_exit_or_recovery_handoff_transition_object_89fe6c2843f5,0.0,0.0,0.03,0.0,1.0,0.0003749898375413,0.0003749898375413,0.0,0.0,0.0299890544393231,0.7079476841598142,0.0141589536831962,0.0,0.1,0.2,0.0,0.0,7,0,0.9700109455606768,0.7079476841598142,decision_level_baseline_vs_candidate_path_memory_gap_audit,outer_loop_spatial_flow_belief_safe_explore_exploit_memory_v2_2
super_light_cluster,spatial_flow_belief_memory_h10,10,final_heldout,2,r10_l7_full_domain_randomisation_arena_wide_training,r10_l7_full_domain_randomisation_arena_wide_training,r10_super_light_cluster_spatial_flow_belief_memory_h10_final_0002,4,inflight_recovery_edge,recoverable_degraded,safe_exit_or_recovery_handoff,primvar_safe_exit_or_recovery_handoff_transition_object_eb5ec1f84c14,baseline_and_memory_winner_match,True,primvar_safe_exit_or_recovery_handoff_transition_object_eb5ec1f84c14,primvar_safe_exit_or_recovery_handoff_transition_object_eb5ec1f84c14,0.0,0.0,0.03,0.0,1.0,0.0004374000488854,0.0004374000488854,0.0,0.0,0.0320053488932232,0.7198901579622121,0.0143978031592442,0.0,0.1,0.2,0.0,0.0,7,0,0.9679946511067768,0.7198901579622121,decision_level_baseline_vs_candidate_path_memory_gap_audit,outer_loop_spatial_flow_belief_safe_explore_exploit_memory_v2_2
super_light_cluster,spatial_flow_belief_memory_h10,10,final_heldout,2,r10_l7_full_domain_randomisation_arena_wide_training,r10_l7_full_domain_randomisation_arena_wide_training,r10_super_light_cluster_spatial_flow_belief_memory_h10_final_0002,5,inflight_recovery_edge,recoverable_degraded,safe_exit_or_recovery_handoff,primvar_safe_exit_or_recovery_handoff_transition_object_eb5ec1f84c14,baseline_and_memory_winner_match,True,primvar_safe_exit_or_recovery_handoff_transition_object_eb5ec1f84c14,primvar_safe_exit_or_recovery_handoff_transition_object_eb5ec1f84c14,0.0,0.0,0.03,0.0,1.0,0.0003073051863242,0.0003073051863242,0.0,0.0,0.0329928355280935,0.7913285730436593,0.0158265714608731,0.0,0.1,0.2,0.0,0.0,5,0,0.9670071644719064,0.7913285730436593,decision_level_baseline_vs_candidate_path_memory_gap_audit,outer_loop_spatial_flow_belief_safe_explore_exploit_memory_v2_2
super_light_cluster,spatial_flow_belief_memory_h10,10,final_heldout,2,r10_l7_full_domain_randomisation_arena_wide_training,r10_l7_full_domain_randomisation_arena_wide_training,r10_super_light_cluster_spatial_flow_belief_memory_h10_final_0002,6,inflight_recovery_edge,recoverable_degraded,safe_exit_or_recovery_handoff,primvar_safe_exit_or_recovery_handoff_transition_object_eb5ec1f84c14,baseline_and_memory_winner_match,True,primvar_safe_exit_or_recovery_handoff_transition_object_eb5ec1f84c14,primvar_safe_exit_or_recovery_handoff_transition_object_eb5ec1f84c14,0.0,0.0,0.03,0.0,1.0,9.17728148491781e-06,9.17728148491781e-06,0.0,0.0,0.0347939991596418,0.88044466900495,0.017608893380099,0.0,0.1,0.2,0.0,0.0,0,0,0.965206000840358,0.88044466900495,decision_level_baseline_vs_candidate_path_memory_gap_audit,outer_loop_spatial_flow_belief_safe_explore_exploit_memory_v2_2
super_light_cluster,spatial_flow_belief_memory_h10,10,final_heldout,2,r10_l7_full_domain_randomisation_arena_wide_training,r10_l7_full_domain_randomisation_arena_wide_training,r10_super_light_cluster_spatial_flow_belief_memory_h10_final_0002,7,inflight_recovery_edge,recoverable_degraded,safe_exit_or_recovery_handoff,primvar_safe_exit_or_recovery_handoff_transition_object_eb5ec1f84c14,baseline_and_memory_winner_match,True,primvar_safe_exit_or_recovery_handoff_transition_object_eb5ec1f84c14,primvar_safe_exit_or_recovery_handoff_transition_object_eb5ec1f84c14,0.0,0.0,0.03,0.0,1.0,-0.0002594859791515,-0.0002594859791515,0.0,0.0,0.0394719979058783,0.9605280020941216,0.0192105600418824,0.0,0.1,0.2,0.0,0.0,0,0,0.9605280020941216,0.9605280020941216,decision_level_baseline_vs_candidate_path_memory_gap_audit,outer_loop_spatial_flow_belief_safe_explore_exploit_memory_v2_2
super_light_cluster,spatial_flow_belief_memory_h10,10,final_heldout,2,r10_l7_full_domain_randomisation_arena_wide_training,r10_l7_full_domain_randomisation_arena_wide_training,r10_super_light_cluster_spatial_flow_belief_memory_h10_final_0002,8,inflight_boundary_near,boundary_near,mild_turn_left,primvar_mild_turn_left_transition_object_dce8f75ea53c,baseline_and_memory_winner_match,True,primvar_mild_turn_left_transition_object_dce8f75ea53c,primvar_mild_turn_left_transition_object_dce8f75ea53c,0.0,0.0,0.03,0.0,1.0,-0.00027390253994,-0.00027390253994,0.0,0.0,0.0293368146545044,0.9706631853454956,0.0194132637069099,0.0,0.1,0.2,0.0,0.0,0,0,0.9706631853454956,0.9706631853454956,decision_level_baseline_vs_candidate_path_memory_gap_audit,outer_loop_spatial_flow_belief_safe_explore_exploit_memory_v2_2
super_light_cluster,spatial_flow_belief_memory_h10,10,final_heldout,2,r10_l7_full_domain_randomisation_arena_wide_training,r10_l7_full_domain_randomisation_arena_wide_training,r10_super_light_cluster_spatial_flow_belief_memory_h10_final_0002,9,inflight_boundary_near,boundary_near,energy_retaining_bank,primvar_energy_retaining_bank_transition_object_f378f7a74cce,baseline_and_memory_winner_match,True,primvar_energy_retaining_bank_transition_object_f378f7a74cce,primvar_energy_retaining_bank_transition_object_f378f7a74cce,0.0,0.0,0.03,0.0,1.0,-0.0002799805001811,-0.0002799805001811,0.0,0.0,0.0377164097032173,0.9622835902967828,0.0192456718059356,0.0,0.1,0.2,0.0,0.0,0,0,0.9622835902967828,0.9622835902967828,decision_level_baseline_vs_candidate_path_memory_gap_audit,outer_loop_spatial_flow_belief_safe_explore_exploit_memory_v2_2
super_light_cluster,spatial_flow_belief_memory_h10,10,final_heldout,2,r10_l7_full_domain_randomisation_arena_wide_training,r10_l7_full_domain_randomisation_arena_wide_training,r10_super_light_cluster_spatial_flow_belief_memory_h10_final_0002,10,inflight_boundary_near,boundary_near,energy_retaining_bank,primvar_energy_retaining_bank_transition_object_f378f7a74cce,baseline_and_memory_winner_match,True,primvar_energy_retaining_bank_transition_object_f378f7a74cce,primvar_energy_retaining_bank_transition_object_f378f7a74cce,0.0,0.0,0.03,0.0,1.0,-0.0002072178342729,-0.0002072178342729,0.0,0.0,0.0283517209572082,0.9716482790427916,0.0194329655808558,0.0,0.1,0.2,0.0,0.0,0,0,0.9716482790427916,0.9716482790427916,decision_level_baseline_vs_candidate_path_memory_gap_audit,outer_loop_spatial_flow_belief_safe_explore_exploit_memory_v2_2
super_light_cluster,spatial_flow_belief_memory_h10,10,final_heldout,2,r10_l7_full_domain_randomisation_arena_wide_training,r10_l7_full_domain_randomisation_arena_wide_training,r10_super_light_cluster_spatial_flow_belief_memory_h10_final_0002,11,inflight_boundary_near,boundary_near,energy_retaining_bank,primvar_energy_retaining_bank_transition_object_f378f7a74cce,baseline_and_memory_winner_match,True,primvar_energy_retaining_bank_transition_object_f378f7a74cce,primvar_energy_retaining_bank_transition_object_f378f7a74cce,0.0,0.0,0.03,0.0,1.0,-0.000298005662517,-0.000298005662517,0.0,0.0,0.040352005625228,0.959647994374772,0.0191929598874954,0.0,0.1,0.2,0.0,0.0,0,0,0.959647994374772,0.959647994374772,decision_level_baseline_vs_candidate_path_memory_gap_audit,outer_loop_spatial_flow_belief_safe_explore_exploit_memory_v2_2
super_light_cluster,spatial_flow_belief_memory_h10,10,final_heldout,6,r10_l7_full_domain_randomisation_arena_wide_training,r10_l7_full_domain_randomisation_arena_wide_training,r10_super_light_cluster_spatial_flow_belief_memory_h10_final_0006,0,launch_gate,launch_gate,mild_turn_left,primvar_mild_turn_left_transition_object_c5942d118f74,baseline_and_memory_winner_match,True,primvar_mild_turn_left_transition_object_c5942d118f74,primvar_mild_turn_left_transition_object_c5942d118f74,0.0,0.0,0.03,0.0,1.0,7.725700033867078e-05,7.725700033867078e-05,0.0,0.0,0.00970781139286,0.633104690832914,0.0126620938166582,0.0,0.1,0.2,1.941050038155104e-06,0.0012189941580625,7,4,0.99029218860714,0.633104690832914,decision_level_baseline_vs_candidate_path_memory_gap_audit,outer_loop_spatial_flow_belief_safe_explore_exploit_memory_v2_2
super_light_cluster,spatial_flow_belief_memory_h10,10,final_heldout,6,r10_l7_full_domain_randomisation_arena_wide_training,r10_l7_full_domain_randomisation_arena_wide_training,r10_super_light_cluster_spatial_flow_belief_memory_h10_final_0006,1,inflight_nominal,inflight_stable,recovery,primvar_recovery_transition_object_a9d2daacfd0f,baseline_and_memory_winner_match,True,primvar_recovery_transition_object_a9d2daacfd0f,primvar_recovery_transition_object_a9d2daacfd0f,0.0,0.0,0.03,0.0,1.0,0.000223330814504,0.000223330814504,0.0,0.0,0.0356925158451906,0.619707335564895,0.0123941467112979,0.0,0.1,0.2,0.0,0.0,7,0,0.9643074841548094,0.619707335564895,decision_level_baseline_vs_candidate_path_memory_gap_audit,outer_loop_spatial_flow_belief_safe_explore_exploit_memory_v2_2
super_light_cluster,spatial_flow_belief_memory_h10,10,final_heldout,6,r10_l7_full_domain_randomisation_arena_wide_training,r10_l7_full_domain_randomisation_arena_wide_training,r10_super_light_cluster_spatial_flow_belief_memory_h10_final_0006,2,inflight_recovery_edge,recoverable_degraded,safe_exit_or_recovery_handoff,primvar_safe_exit_or_recovery_handoff_transition_object_89fe6c2843f5,baseline_and_memory_winner_match,True,primvar_safe_exit_or_recovery_handoff_transition_object_89fe6c2843f5,primvar_safe_exit_or_recovery_handoff_transition_object_89fe6c2843f5,0.0,0.0,0.03,0.0,1.0,0.0002618468654912,0.0002618468654912,0.0,0.0,0.0358403661019077,0.6644794386184834,0.0132895887723696,0.0,0.1,0.2,0.0,0.0,7,0,0.9641596338980922,0.6644794386184834,decision_level_baseline_vs_candidate_path_memory_gap_audit,outer_loop_spatial_flow_belief_safe_explore_exploit_memory_v2_2
super_light_cluster,spatial_flow_belief_memory_h10,10,final_heldout,6,r10_l7_full_domain_randomisation_arena_wide_training,r10_l7_full_domain_randomisation_arena_wide_training,r10_super_light_cluster_spatial_flow_belief_memory_h10_final_0006,3,inflight_recovery_edge,recoverable_degraded,safe_exit_or_recovery_handoff,primvar_safe_exit_or_recovery_handoff_transition_object_eb5ec1f84c14,baseline_and_memory_winner_match,True,primvar_safe_exit_or_recovery_handoff_transition_object_eb5ec1f84c14,primvar_safe_exit_or_recovery_handoff_transition_object_eb5ec1f84c14,0.0,0.0,0.03,0.0,1.0,0.000239403708271,0.000239403708271,0.0,0.0,0.0369515728589265,0.6665992197967656,0.0133319843959353,0.0,0.1,0.2,0.0,0.0,7,0,0.9630484271410734,0.6665992197967656,decision_level_baseline_vs_candidate_path_memory_gap_audit,outer_loop_spatial_flow_belief_safe_explore_exploit_memory_v2_2
super_light_cluster,spatial_flow_belief_memory_h10,10,final_heldout,6,r10_l7_full_domain_randomisation_arena_wide_training,r10_l7_full_domain_randomisation_arena_wide_training,r10_super_light_cluster_spatial_flow_belief_memory_h10_final_0006,4,inflight_recovery_edge,recoverable_degraded,safe_exit_or_recovery_handoff,primvar_safe_exit_or_recovery_handoff_transition_object_54443200afd9,baseline_and_memory_winner_match,True,primvar_safe_exit_or_recovery_handoff_transition_object_54443200afd9,primvar_safe_exit_or_recovery_handoff_transition_object_54443200afd9,0.0,0.0,0.03,0.0,1.0,0.0002033768116446,0.0002033768116446,0.0,0.0,0.0372687225389714,0.6602928648964803,0.0132058572979296,0.0,0.1,0.2,0.0,0.0,7,0,0.9627312774610286,0.6602928648964803,decision_level_baseline_vs_candidate_path_memory_gap_audit,outer_loop_spatial_flow_belief_safe_explore_exploit_memory_v2_2
super_light_cluster,spatial_flow_belief_memory_h10,10,final_heldout,6,r10_l7_full_domain_randomisation_arena_wide_training,r10_l7_full_domain_randomisation_arena_wide_training,r10_super_light_cluster_spatial_flow_belief_memory_h10_final_0006,5,inflight_recovery_edge,recoverable_degraded,safe_exit_or_recovery_handoff,primvar_safe_exit_or_recovery_handoff_transition_object_54443200afd9,baseline_and_memory_winner_match,True,primvar_safe_exit_or_recovery_handoff_transition_object_54443200afd9,primvar_safe_exit_or_recovery_handoff_transition_object_54443200afd9,0.0,0.0,0.03,0.0,1.0,0.0001110830779739,0.0001110830779739,0.0,0.0,0.0368613813400264,0.7044982095526219,0.0140899641910524,0.0,0.1,0.2,0.0,0.0,7,0,0.9631386186599736,0.7044982095526219,decision_level_baseline_vs_candidate_path_memory_gap_audit,outer_loop_spatial_flow_belief_safe_explore_exploit_memory_v2_2
super_light_cluster,spatial_flow_belief_memory_h10,10,final_heldout,6,r10_l7_full_domain_randomisation_arena_wide_training,r10_l7_full_domain_randomisation_arena_wide_training,r10_super_light_cluster_spatial_flow_belief_memory_h10_final_0006,6,inflight_recovery_edge,recoverable_degraded,safe_exit_or_recovery_handoff,primvar_safe_exit_or_recovery_handoff_transition_object_5e603211d22a,baseline_and_memory_winner_match,True,primvar_safe_exit_or_recovery_handoff_transition_object_5e603211d22a,primvar_safe_exit_or_recovery_handoff_transition_object_5e603211d22a,0.0,0.0,0.03,0.0,1.0,-3.917960233024154e-06,-3.917960233024154e-06,0.0,0.0,0.0362668710748792,0.6902252241421594,0.0138045044828431,0.0,0.1,0.2,0.0,0.0,7,0,0.9637331289251208,0.6902252241421594,decision_level_baseline_vs_candidate_path_memory_gap_audit,outer_loop_spatial_flow_belief_safe_explore_exploit_memory_v2_2
super_light_cluster,spatial_flow_belief_memory_h10,10,final_heldout,6,r10_l7_full_domain_randomisation_arena_wide_training,r10_l7_full_domain_randomisation_arena_wide_training,r10_super_light_cluster_spatial_flow_belief_memory_h10_final_0006,7,inflight_recovery_edge,recoverable_degraded,safe_exit_or_recovery_handoff,primvar_safe_exit_or_recovery_handoff_transition_object_5e603211d22a,baseline_and_memory_winner_match,True,primvar_safe_exit_or_recovery_handoff_transition_object_5e603211d22a,primvar_safe_exit_or_recovery_handoff_transition_object_5e603211d22a,0.0,0.0,0.03,0.0,1.0,-0.0001043762717363,-0.0001043762717363,0.0,0.0,0.0326827468992584,0.7373123630472037,0.014746247260944,0.0,0.1,0.2,0.0,0.0,6,0,0.9673172531007416,0.7373123630472037,decision_level_baseline_vs_candidate_path_memory_gap_audit,outer_loop_spatial_flow_belief_safe_explore_exploit_memory_v2_2
super_light_cluster,spatial_flow_belief_memory_h10,10,final_heldout,6,r10_l7_full_domain_randomisation_arena_wide_training,r10_l7_full_domain_randomisation_arena_wide_training,r10_super_light_cluster_spatial_flow_belief_memory_h10_final_0006,8,inflight_boundary_near,boundary_near,lift_dwell_arc,primvar_lift_dwell_arc_transition_object_9643c5747c99,baseline_and_memory_winner_match,True,primvar_lift_dwell_arc_transition_object_9643c5747c99,primvar_lift_dwell_arc_transition_object_9643c5747c99,0.0,0.0,0.03,0.0,1.0,-0.0002104494804542,-0.0002104494804542,0.0,0.0,0.0348903706698222,0.8178513574114414,0.0163570271482288,0.0,0.1,0.2,0.0,0.0,1,0,0.9651096293301776,0.8178513574114414,decision_level_baseline_vs_candidate_path_memory_gap_audit,outer_loop_spatial_flow_belief_safe_explore_exploit_memory_v2_2
super_light_cluster,spatial_flow_belief_memory_h10,10,final_heldout,6,r10_l7_full_domain_randomisation_arena_wide_training,r10_l7_full_domain_randomisation_arena_wide_training,r10_super_light_cluster_spatial_flow_belief_memory_h10_final_0006,9,inflight_boundary_near,boundary_near,lift_dwell_arc,primvar_lift_dwell_arc_transition_object_9643c5747c99,baseline_and_memory_winner_match,True,primvar_lift_dwell_arc_transition_object_9643c5747c99,primvar_lift_dwell_arc_transition_object_9643c5747c99,0.0,0.0,0.03,0.0,1.0,-0.0002542083481261,-0.0002542083481261,0.0,0.0,0.0412931620177678,0.8538080174255124,0.0170761603485102,0.0,0.1,0.2,0.0,0.0,0,0,0.9587068379822322,0.8538080174255124,decision_level_baseline_vs_candidate_path_memory_gap_audit,outer_loop_spatial_flow_belief_safe_explore_exploit_memory_v2_2
super_light_cluster,spatial_flow_belief_memory_h10,10,final_heldout,6,r10_l7_full_domain_randomisation_arena_wide_training,r10_l7_full_domain_randomisation_arena_wide_training,r10_super_light_cluster_spatial_flow_belief_memory_h10_final_0006,10,inflight_boundary_near,boundary_near,lift_dwell_arc,primvar_lift_dwell_arc_transition_object_9643c5747c99,baseline_and_memory_winner_match,True,primvar_lift_dwell_arc_transition_object_9643c5747c99,primvar_lift_dwell_arc_transition_object_9643c5747c99,0.0,0.0,0.03,0.0,1.0,-0.0002746130087899,-0.0002746130087899,0.0,0.0,0.033845926228532,0.8756890604535452,0.0175137812090709,0.0,0.1,0.2,0.0,0.0,0,0,0.966154073771468,0.8756890604535452,decision_level_baseline_vs_candidate_path_memory_gap_audit,outer_loop_spatial_flow_belief_safe_explore_exploit_memory_v2_2
super_light_cluster,spatial_flow_belief_memory_h10,10,final_heldout,6,r10_l7_full_domain_randomisation_arena_wide_training,r10_l7_full_domain_randomisation_arena_wide_training,r10_super_light_cluster_spatial_flow_belief_memory_h10_final_0006,11,inflight_boundary_near,boundary_near,lift_dwell_arc,primvar_lift_dwell_arc_transition_object_3d4acb04abc7,baseline_and_memory_winner_match,True,primvar_lift_dwell_arc_transition_object_3d4acb04abc7,primvar_lift_dwell_arc_transition_object_3d4acb04abc7,0.0,0.0,0.03,0.0,1.0,-0.0003251096404499,-0.0003251096404499,0.0,0.0,0.0337597094497542,0.8798112548987141,0.0175962250979742,0.0,0.1,0.2,0.0,0.0,0,0,0.9662402905502456,0.8798112548987141,decision_level_baseline_vs_candidate_path_memory_gap_audit,outer_loop_spatial_flow_belief_safe_explore_exploit_memory_v2_2
super_light_cluster,spatial_flow_belief_memory_h10,10,final_heldout,6,r10_l7_full_domain_randomisation_arena_wide_training,r10_l7_full_domain_randomisation_arena_wide_training,r10_super_light_cluster_spatial_flow_belief_memory_h10_final_0006,12,inflight_boundary_near,boundary_near,lift_dwell_arc,primvar_lift_dwell_arc_transition_object_3d4acb04abc7,baseline_and_memory_winner_match,True,primvar_lift_dwell_arc_transition_object_3d4acb04abc7,primvar_lift_dwell_arc_transition_object_3d4acb04abc7,0.0,0.0,0.03,0.0,1.0,-0.0003421202359348,-0.0003421202359348,0.0,0.0,0.0319371940295085,0.7229965131577655,0.0144599302631553,0.0,0.1,0.2,0.0,0.0,0,0,0.9680628059704914,0.7229965131577655,decision_level_baseline_vs_candidate_path_memory_gap_audit,outer_loop_spatial_flow_belief_safe_explore_exploit_memory_v2_2
super_light_cluster,spatial_flow_belief_memory_h10,10,final_heldout,3,r10_l7_full_domain_randomisation_arena_wide_training,r10_l7_full_domain_randomisation_arena_wide_training,r10_super_light_cluster_spatial_flow_belief_memory_h10_final_0003,0,launch_gate,launch_gate,energy_retaining_bank,primvar_energy_retaining_bank_transition_object_b3a90a619980,baseline_and_memory_winner_match,True,primvar_energy_retaining_bank_transition_object_b3a90a619980,primvar_energy_retaining_bank_transition_object_b3a90a619980,0.0,0.0,0.03,0.0,1.0,3.063525075974738e-05,3.063525075974738e-05,0.0,0.0,0.0256794909691054,0.7299375895473359,0.0145987517909467,0.0,0.1,0.2,0.0,0.0,7,0,0.9743205090308944,0.7299375895473359,decision_level_baseline_vs_candidate_path_memory_gap_audit,outer_loop_spatial_flow_belief_safe_explore_exploit_memory_v2_2
super_light_cluster,spatial_flow_belief_memory_h10,10,final_heldout,3,r10_l7_full_domain_randomisation_arena_wide_training,r10_l7_full_domain_randomisation_arena_wide_training,r10_super_light_cluster_spatial_flow_belief_memory_h10_final_0003,1,inflight_boundary_near,boundary_near,mild_turn_right,primvar_mild_turn_right_transition_object_40208f0dcfe3,baseline_and_memory_winner_match,True,primvar_mild_turn_right_transition_object_40208f0dcfe3,primvar_mild_turn_right_transition_object_40208f0dcfe3,0.0,0.0,0.03,0.0,1.0,1.8434455893112656e-05,1.8434455893112656e-05,0.0,0.0,0.0421109210601287,0.7915024076312304,0.0158300481526246,0.0,0.1,0.2,0.0,0.0,7,0,0.9578890789398712,0.7915024076312304,decision_level_baseline_vs_candidate_path_memory_gap_audit,outer_loop_spatial_flow_belief_safe_explore_exploit_memory_v2_2
super_light_cluster,spatial_flow_belief_memory_h10,10,final_heldout,3,r10_l7_full_domain_randomisation_arena_wide_training,r10_l7_full_domain_randomisation_arena_wide_training,r10_super_light_cluster_spatial_flow_belief_memory_h10_final_0003,2,inflight_boundary_near,boundary_near,mild_turn_right,primvar_mild_turn_right_transition_object_40208f0dcfe3,baseline_and_memory_winner_match,True,primvar_mild_turn_right_transition_object_40208f0dcfe3,primvar_mild_turn_right_transition_object_40208f0dcfe3,0.0,0.0,0.03,0.0,1.0,1.4580691730214925e-05,1.4580691730214925e-05,0.0,0.0,0.0343134442918935,0.8968023058718358,0.0179360461174367,0.0,0.1,0.2,0.0,0.0,1,0,0.9656865557081064,0.8968023058718358,decision_level_baseline_vs_candidate_path_memory_gap_audit,outer_loop_spatial_flow_belief_safe_explore_exploit_memory_v2_2
super_light_cluster,spatial_flow_belief_memory_h10,10,final_heldout,3,r10_l7_full_domain_randomisation_arena_wide_training,r10_l7_full_domain_randomisation_arena_wide_training,r10_super_light_cluster_spatial_flow_belief_memory_h10_final_0003,3,inflight_boundary_near,boundary_near,safe_exit_or_recovery_handoff,primvar_safe_exit_or_recovery_handoff_transition_object_6683ccb4c539,baseline_and_memory_winner_match,True,primvar_safe_exit_or_recovery_handoff_transition_object_6683ccb4c539,primvar_safe_exit_or_recovery_handoff_transition_object_6683ccb4c539,0.0,0.0,0.03,0.0,1.0,1.3772635955477952e-05,1.3772635955477952e-05,0.0,0.0,0.0421478290862381,0.957852170913762,0.0191570434182752,0.0,0.1,0.2,0.0,0.0,0,0,0.957852170913762,0.957852170913762,decision_level_baseline_vs_candidate_path_memory_gap_audit,outer_loop_spatial_flow_belief_safe_explore_exploit_memory_v2_2
super_light_cluster,spatial_flow_belief_memory_h10,10,final_heldout,3,r10_l7_full_domain_randomisation_arena_wide_training,r10_l7_full_domain_randomisation_arena_wide_training,r10_super_light_cluster_spatial_flow_belief_memory_h10_final_0003,4,inflight_boundary_near,boundary_near,safe_exit_or_recovery_handoff,primvar_safe_exit_or_recovery_handoff_transition_object_6683ccb4c539,baseline_and_memory_winner_match,True,primvar_safe_exit_or_recovery_handoff_transition_object_6683ccb4c539,primvar_safe_exit_or_recovery_handoff_transition_object_6683ccb4c539,0.0,0.0,0.03,0.0,1.0,6.572334439347571e-06,6.572334439347571e-06,0.0,0.0,0.0272414791515556,0.9727585208484444,0.0194551704169688,0.0,0.1,0.2,0.0,0.0,0,0,0.9727585208484444,0.9727585208484444,decision_level_baseline_vs_candidate_path_memory_gap_audit,outer_loop_spatial_flow_belief_safe_explore_exploit_memory_v2_2
super_light_cluster,spatial_flow_belief_memory_h10,10,final_heldout,3,r10_l7_full_domain_randomisation_arena_wide_training,r10_l7_full_domain_randomisation_arena_wide_training,r10_super_light_cluster_spatial_flow_belief_memory_h10_final_0003,5,inflight_boundary_near,boundary_near,energy_retaining_bank,primvar_energy_retaining_bank_transition_object_59f915f98b46,rejected_exploration_cross_family_without_memory_confidence,False,primvar_energy_retaining_bank_transition_object_59f915f98b46,primvar_lift_dwell_arc_transition_object_cd89af02a2de,8.271161533457416e-13,2.6867397195928788e-14,0.03,0.0,1.0,1.5419547816586388e-05,1.5419547816586388e-05,0.0,2.6867397195928788e-05,0.0290546648165986,0.9709453351834012,0.019418906703668,0.0,0.1,0.2,0.0,0.0,0,0,0.970945335143392,0.970945335143392,decision_level_baseline_vs_candidate_path_memory_gap_audit,outer_loop_spatial_flow_belief_safe_explore_exploit_memory_v2_2
super_light_cluster,spatial_flow_belief_memory_h10,10,final_heldout,3,r10_l7_full_domain_randomisation_arena_wide_training,r10_l7_full_domain_randomisation_arena_wide_training,r10_super_light_cluster_spatial_flow_belief_memory_h10_final_0003,6,inflight_boundary_near,boundary_near,energy_retaining_bank,primvar_energy_retaining_bank_transition_object_59f915f98b46,baseline_and_memory_winner_match,True,primvar_energy_retaining_bank_transition_object_59f915f98b46,primvar_energy_retaining_bank_transition_object_59f915f98b46,0.0,0.0,0.03,0.0,1.0,1.2844478848306196e-05,1.2844478848306196e-05,0.0,0.0,0.0331422568136299,0.96685774318637,0.0193371548637274,0.0,0.1,0.2,0.0,0.0,0,0,0.96685774318637,0.96685774318637,decision_level_baseline_vs_candidate_path_memory_gap_audit,outer_loop_spatial_flow_belief_safe_explore_exploit_memory_v2_2
super_light_cluster,spatial_flow_belief_memory_h10,10,final_heldout,3,r10_l7_full_domain_randomisation_arena_wide_training,r10_l7_full_domain_randomisation_arena_wide_training,r10_super_light_cluster_spatial_flow_belief_memory_h10_final_0003,7,inflight_boundary_near,boundary_near,energy_retaining_bank,primvar_energy_retaining_bank_transition_object_59f915f98b46,baseline_and_memory_winner_match,True,primvar_energy_retaining_bank_transition_object_59f915f98b46,primvar_energy_retaining_bank_transition_object_59f915f98b46,0.0,0.0,0.03,0.0,1.0,4.101646107423917e-06,4.101646107423917e-06,0.0,0.0,0.0315875826829903,0.9684124173170096,0.0193682483463401,0.0,0.1,0.2,0.0,0.0,0,0,0.9684124173170096,0.9684124173170096,decision_level_baseline_vs_candidate_path_memory_gap_audit,outer_loop_spatial_flow_belief_safe_explore_exploit_memory_v2_2
super_light_cluster,spatial_flow_belief_memory_h10,10,final_heldout,4,r10_l7_full_domain_randomisation_arena_wide_training,r10_l7_full_domain_randomisation_arena_wide_training,r10_super_light_cluster_spatial_flow_belief_memory_h10_final_0004,0,launch_gate,launch_gate,lift_dwell_arc,primvar_lift_dwell_arc_transition_object_dc4fa17f89f7,baseline_and_memory_winner_match,True,primvar_lift_dwell_arc_transition_object_dc4fa17f89f7,primvar_lift_dwell_arc_transition_object_dc4fa17f89f7,0.0,0.0,0.03,0.0,1.0,0.0003464273468223,0.0003464273468223,0.0,0.0,0.0334629063931524,0.5845320120291045,0.011690640240582,0.0,0.1,0.2,0.0,0.0,7,0,0.9665370936068476,0.5845320120291045,decision_level_baseline_vs_candidate_path_memory_gap_audit,outer_loop_spatial_flow_belief_safe_explore_exploit_memory_v2_2
super_light_cluster,spatial_flow_belief_memory_h10,10,final_heldout,4,r10_l7_full_domain_randomisation_arena_wide_training,r10_l7_full_domain_randomisation_arena_wide_training,r10_super_light_cluster_spatial_flow_belief_memory_h10_final_0004,1,inflight_nominal,inflight_stable,recovery,primvar_recovery_transition_object_a9d2daacfd0f,baseline_and_memory_winner_match,True,primvar_recovery_transition_object_a9d2daacfd0f,primvar_recovery_transition_object_a9d2daacfd0f,0.0,0.0,0.03,0.0,1.0,0.0007610715829113,0.0007610715829113,0.0,0.0,0.0801104469262122,0.581243036483104,0.011624860729662,0.0,0.1,0.2,0.0,0.0,7,0,0.9198895530737876,0.581243036483104,decision_level_baseline_vs_candidate_path_memory_gap_audit,outer_loop_spatial_flow_belief_safe_explore_exploit_memory_v2_2
super_light_cluster,spatial_flow_belief_memory_h10,10,final_heldout,4,r10_l7_full_domain_randomisation_arena_wide_training,r10_l7_full_domain_randomisation_arena_wide_training,r10_super_light_cluster_spatial_flow_belief_memory_h10_final_0004,2,inflight_recovery_edge,recoverable_degraded,safe_exit_or_recovery_handoff,primvar_safe_exit_or_recovery_handoff_transition_object_89fe6c2843f5,baseline_and_memory_winner_match,True,primvar_safe_exit_or_recovery_handoff_transition_object_89fe6c2843f5,primvar_safe_exit_or_recovery_handoff_transition_object_89fe6c2843f5,0.0,0.0,0.03,0.0,1.0,0.0002804944211287,0.0002804944211287,0.0,0.0,0.0249460988996293,0.6550154906240229,0.0131003098124804,0.0,0.1,0.2,0.0,0.0,7,0,0.9750539011003708,0.6550154906240229,decision_level_baseline_vs_candidate_path_memory_gap_audit,outer_loop_spatial_flow_belief_safe_explore_exploit_memory_v2_2
super_light_cluster,spatial_flow_belief_memory_h10,10,final_heldout,4,r10_l7_full_domain_randomisation_arena_wide_training,r10_l7_full_domain_randomisation_arena_wide_training,r10_super_light_cluster_spatial_flow_belief_memory_h10_final_0004,3,inflight_recovery_edge,recoverable_degraded,safe_exit_or_recovery_handoff,primvar_safe_exit_or_recovery_handoff_transition_object_eb5ec1f84c14,baseline_and_memory_winner_match,True,primvar_safe_exit_or_recovery_handoff_transition_object_eb5ec1f84c14,primvar_safe_exit_or_recovery_handoff_transition_object_eb5ec1f84c14,0.0,0.0,0.03,0.0,1.0,0.0001084964092629,0.0001084964092629,0.0,0.0,0.0348400517386755,0.6510435628398211,0.0130208712567964,0.0,0.1,0.2,0.0,0.0,7,0,0.9651599482613245,0.6510435628398211,decision_level_baseline_vs_candidate_path_memory_gap_audit,outer_loop_spatial_flow_belief_safe_explore_exploit_memory_v2_2
super_light_cluster,spatial_flow_belief_memory_h10,10,final_heldout,4,r10_l7_full_domain_randomisation_arena_wide_training,r10_l7_full_domain_randomisation_arena_wide_training,r10_super_light_cluster_spatial_flow_belief_memory_h10_final_0004,4,inflight_boundary_near,boundary_near,mild_turn_right,primvar_mild_turn_right_transition_object_939eac7bb32e,baseline_and_memory_winner_match,True,primvar_mild_turn_right_transition_object_939eac7bb32e,primvar_mild_turn_right_transition_object_939eac7bb32e,0.0,0.0,0.03,0.0,1.0,-0.0002653339014578,-0.0002653339014578,0.0,0.0,0.0329682701779088,0.7630936152143238,0.0152618723042864,0.0,0.1,0.2,0.0,0.0,7,0,0.9670317298220912,0.7630936152143238,decision_level_baseline_vs_candidate_path_memory_gap_audit,outer_loop_spatial_flow_belief_safe_explore_exploit_memory_v2_2
super_light_cluster,spatial_flow_belief_memory_h10,10,final_heldout,4,r10_l7_full_domain_randomisation_arena_wide_training,r10_l7_full_domain_randomisation_arena_wide_training,r10_super_light_cluster_spatial_flow_belief_memory_h10_final_0004,5,inflight_boundary_near,boundary_near,mild_turn_right,primvar_mild_turn_right_transition_object_939eac7bb32e,baseline_and_memory_winner_match,True,primvar_mild_turn_right_transition_object_939eac7bb32e,primvar_mild_turn_right_transition_object_939eac7bb32e,0.0,0.0,0.03,0.0,1.0,-0.0005271970826681,-0.0005271970826681,0.0,0.0,0.0398250759249979,0.8299364424248619,0.0165987288484972,0.0,0.1,0.2,0.0,0.0,3,0,0.960174924075002,0.8299364424248619,decision_level_baseline_vs_candidate_path_memory_gap_audit,outer_loop_spatial_flow_belief_safe_explore_exploit_memory_v2_2
super_light_cluster,spatial_flow_belief_memory_h10,10,final_heldout,4,r10_l7_full_domain_randomisation_arena_wide_training,r10_l7_full_domain_randomisation_arena_wide_training,r10_super_light_cluster_spatial_flow_belief_memory_h10_final_0004,6,inflight_boundary_near,boundary_near,lift_dwell_arc,primvar_lift_dwell_arc_transition_object_e77518a9ca96,baseline_and_memory_winner_match,True,primvar_lift_dwell_arc_transition_object_e77518a9ca96,primvar_lift_dwell_arc_transition_object_e77518a9ca96,0.0,0.0,0.03,0.0,1.0,-0.0004543920952679,-0.0004543920952679,0.0,0.0,0.0308596573776691,0.9691403426223308,0.0193828068524466,0.0,0.1,0.2,0.0,0.0,0,0,0.9691403426223308,0.9691403426223308,decision_level_baseline_vs_candidate_path_memory_gap_audit,outer_loop_spatial_flow_belief_safe_explore_exploit_memory_v2_2
super_light_cluster,spatial_flow_belief_memory_h10,10,final_heldout,4,r10_l7_full_domain_randomisation_arena_wide_training,r10_l7_full_domain_randomisation_arena_wide_training,r10_super_light_cluster_spatial_flow_belief_memory_h10_final_0004,7,inflight_boundary_near,boundary_near,lift_dwell_arc,primvar_lift_dwell_arc_transition_object_e77518a9ca96,baseline_and_memory_winner_match,True,primvar_lift_dwell_arc_transition_object_e77518a9ca96,primvar_lift_dwell_arc_transition_object_e77518a9ca96,0.0,0.0,0.03,0.0,1.0,-0.0005206239926738,-0.0005206239926738,0.0,0.0,0.0411810794311781,0.958818920568822,0.0191763784113764,0.0,0.1,0.2,0.0,0.0,0,0,0.958818920568822,0.958818920568822,decision_level_baseline_vs_candidate_path_memory_gap_audit,outer_loop_spatial_flow_belief_safe_explore_exploit_memory_v2_2
super_light_cluster,spatial_flow_belief_memory_h10,10,final_heldout,4,r10_l7_full_domain_randomisation_arena_wide_training,r10_l7_full_domain_randomisation_arena_wide_training,r10_super_light_cluster_spatial_flow_belief_memory_h10_final_0004,8,inflight_boundary_near,boundary_near,lift_dwell_arc,primvar_lift_dwell_arc_transition_object_e77518a9ca96,baseline_and_memory_winner_match,True,primvar_lift_dwell_arc_transition_object_e77518a9ca96,primvar_lift_dwell_arc_transition_object_e77518a9ca96,0.0,0.0,0.03,0.0,1.0,-0.0003939951050528,-0.0003939951050528,0.0,0.0,0.0393162054158249,0.9606837945841752,0.0192136758916835,0.0,0.1,0.2,0.0,0.0,0,0,0.9606837945841752,0.9606837945841752,decision_level_baseline_vs_candidate_path_memory_gap_audit,outer_loop_spatial_flow_belief_safe_explore_exploit_memory_v2_2
super_light_cluster,spatial_flow_belief_memory_h10,10,final_heldout,4,r10_l7_full_domain_randomisation_arena_wide_training,r10_l7_full_domain_randomisation_arena_wide_training,r10_super_light_cluster_spatial_flow_belief_memory_h10_final_0004,9,inflight_boundary_near,boundary_near,lift_dwell_arc,primvar_lift_dwell_arc_transition_object_e77518a9ca96,baseline_and_memory_winner_match,True,primvar_lift_dwell_arc_transition_object_e77518a9ca96,primvar_lift_dwell_arc_transition_object_e77518a9ca96,0.0,0.0,0.03,0.0,1.0,-0.0002413636655818,-0.0002413636655818,0.0,0.0,0.0317656566883789,0.9682343433116212,0.0193646868662324,0.0,0.1,0.2,0.0,0.0,0,0,0.9682343433116212,0.9682343433116212,decision_level_baseline_vs_candidate_path_memory_gap_audit,outer_loop_spatial_flow_belief_safe_explore_exploit_memory_v2_2
super_light_cluster,spatial_flow_belief_memory_h10,10,final_heldout,4,r10_l7_full_domain_randomisation_arena_wide_training,r10_l7_full_domain_randomisation_arena_wide_training,r10_super_light_cluster_spatial_flow_belief_memory_h10_final_0004,10,inflight_boundary_near,boundary_near,mild_turn_left,primvar_mild_turn_left_transition_object_72b921ad790a,baseline_and_memory_winner_match,True,primvar_mild_turn_left_transition_object_72b921ad790a,primvar_mild_turn_left_transition_object_72b921ad790a,0.0,0.0,0.03,0.0,1.0,-0.0002236981199752,-0.0002236981199752,0.0,0.0,0.0369571080294312,0.9630428919705688,0.0192608578394113,0.0,0.1,0.2,0.0,0.0,0,0,0.9630428919705688,0.9630428919705688,decision_level_baseline_vs_candidate_path_memory_gap_audit,outer_loop_spatial_flow_belief_safe_explore_exploit_memory_v2_2
super_light_cluster,spatial_flow_belief_memory_h10,10,final_heldout,7,r10_l7_full_domain_randomisation_arena_wide_training,r10_l7_full_domain_randomisation_arena_wide_training,r10_super_light_cluster_spatial_flow_belief_memory_h10_final_0007,0,launch_gate,launch_gate,energy_retaining_bank,primvar_energy_retaining_bank_transition_object_948a3695e639,baseline_and_memory_winner_match,True,primvar_energy_retaining_bank_transition_object_948a3695e639,primvar_energy_retaining_bank_transition_object_948a3695e639,0.0,0.0,0.03,0.0,1.0,-6.579622579772071e-06,-6.579622579772071e-06,0.0,0.0,0.0042606344977497,0.4906699620066092,0.0098133992401321,0.0,0.1,0.2,0.0,0.0,7,0,0.9957393655022504,0.4906699620066092,decision_level_baseline_vs_candidate_path_memory_gap_audit,outer_loop_spatial_flow_belief_safe_explore_exploit_memory_v2_2
super_light_cluster,spatial_flow_belief_memory_h10,10,final_heldout,7,r10_l7_full_domain_randomisation_arena_wide_training,r10_l7_full_domain_randomisation_arena_wide_training,r10_super_light_cluster_spatial_flow_belief_memory_h10_final_0007,1,inflight_nominal,inflight_stable,energy_retaining_bank,primvar_energy_retaining_bank_transition_object_69c1057e81e7,baseline_and_memory_winner_match,True,primvar_energy_retaining_bank_transition_object_69c1057e81e7,primvar_energy_retaining_bank_transition_object_69c1057e81e7,0.0,0.0,0.03,0.0,1.0,-0.0002260458270419,-0.0002260458270419,0.0,0.0,0.0949959134985019,0.4588025607922617,0.0091760512158452,0.0,0.1,0.2,0.0,0.0,7,0,0.905004086501498,0.4588025607922617,decision_level_baseline_vs_candidate_path_memory_gap_audit,outer_loop_spatial_flow_belief_safe_explore_exploit_memory_v2_2
super_light_cluster,spatial_flow_belief_memory_h10,10,final_heldout,7,r10_l7_full_domain_randomisation_arena_wide_training,r10_l7_full_domain_randomisation_arena_wide_training,r10_super_light_cluster_spatial_flow_belief_memory_h10_final_0007,2,inflight_nominal,inflight_stable,energy_retaining_bank,primvar_energy_retaining_bank_transition_object_69c1057e81e7,baseline_and_memory_winner_match,True,primvar_energy_retaining_bank_transition_object_69c1057e81e7,primvar_energy_retaining_bank_transition_object_69c1057e81e7,0.0,0.0,0.03,0.0,1.0,-0.0002309103201074,-0.0002309103201074,0.0,0.0,0.0579361002281967,0.4960308122127011,0.009920616244254,0.0,0.1,0.2,0.0,0.0,7,0,0.9420638997718032,0.4960308122127011,decision_level_baseline_vs_candidate_path_memory_gap_audit,outer_loop_spatial_flow_belief_safe_explore_exploit_memory_v2_2
super_light_cluster,spatial_flow_belief_memory_h10,10,final_heldout,7,r10_l7_full_domain_randomisation_arena_wide_training,r10_l7_full_domain_randomisation_arena_wide_training,r10_super_light_cluster_spatial_flow_belief_memory_h10_final_0007,3,inflight_nominal,inflight_stable,lift_dwell_arc,primvar_lift_dwell_arc_transition_object_f5212e7a8993,baseline_and_memory_winner_match,True,primvar_lift_dwell_arc_transition_object_f5212e7a8993,primvar_lift_dwell_arc_transition_object_f5212e7a8993,0.0,0.0,0.03,0.0,1.0,-0.0003588920790205,-0.0003588920790205,0.0,0.0,0.0729122001108713,0.5552747079954308,0.0111054941599086,0.0,0.1,0.2,0.0,0.0,7,0,0.9270877998891288,0.5552747079954308,decision_level_baseline_vs_candidate_path_memory_gap_audit,outer_loop_spatial_flow_belief_safe_explore_exploit_memory_v2_2
super_light_cluster,spatial_flow_belief_memory_h10,10,final_heldout,7,r10_l7_full_domain_randomisation_arena_wide_training,r10_l7_full_domain_randomisation_arena_wide_training,r10_super_light_cluster_spatial_flow_belief_memory_h10_final_0007,4,inflight_nominal,inflight_stable,lift_dwell_arc,primvar_lift_dwell_arc_transition_object_f5212e7a8993,baseline_and_memory_winner_match,True,primvar_lift_dwell_arc_transition_object_f5212e7a8993,primvar_lift_dwell_arc_transition_object_f5212e7a8993,0.0,0.0,0.03,0.0,1.0,-0.0002806783393236,-0.0002806783393236,0.0,0.0,0.0696102950264324,0.5865269587576182,0.0117305391751523,0.0,0.1,0.2,0.0,0.0,7,0,0.9303897049735677,0.5865269587576182,decision_level_baseline_vs_candidate_path_memory_gap_audit,outer_loop_spatial_flow_belief_safe_explore_exploit_memory_v2_2
super_light_cluster,spatial_flow_belief_memory_h10,10,final_heldout,7,r10_l7_full_domain_randomisation_arena_wide_training,r10_l7_full_domain_randomisation_arena_wide_training,r10_super_light_cluster_spatial_flow_belief_memory_h10_final_0007,5,inflight_nominal,inflight_stable,lift_dwell_arc,primvar_lift_dwell_arc_transition_object_f5212e7a8993,baseline_and_memory_winner_match,True,primvar_lift_dwell_arc_transition_object_f5212e7a8993,primvar_lift_dwell_arc_transition_object_f5212e7a8993,0.0,0.0,0.03,0.0,1.0,-0.0003569593987888,-0.0003569593987888,0.0,0.0,0.0713612436565164,0.6196645599413353,0.0123932911988267,0.0,0.1,0.2,0.0,0.0,7,0,0.9286387563434836,0.6196645599413353,decision_level_baseline_vs_candidate_path_memory_gap_audit,outer_loop_spatial_flow_belief_safe_explore_exploit_memory_v2_2
super_light_cluster,spatial_flow_belief_memory_h10,10,final_heldout,7,r10_l7_full_domain_randomisation_arena_wide_training,r10_l7_full_domain_randomisation_arena_wide_training,r10_super_light_cluster_spatial_flow_belief_memory_h10_final_0007,6,inflight_nominal,inflight_stable,lift_dwell_arc,primvar_lift_dwell_arc_transition_object_f5212e7a8993,baseline_and_memory_winner_match,True,primvar_lift_dwell_arc_transition_object_f5212e7a8993,primvar_lift_dwell_arc_transition_object_f5212e7a8993,0.0,0.0,0.03,0.0,1.0,-0.0003249254964101,-0.0003249254964101,0.0,0.0,0.0440584924309553,0.6798653100800618,0.0135973062016012,0.0,0.1,0.2,0.0,0.0,7,0,0.9559415075690446,0.6798653100800618,decision_level_baseline_vs_candidate_path_memory_gap_audit,outer_loop_spatial_flow_belief_safe_explore_exploit_memory_v2_2
super_light_cluster,spatial_flow_belief_memory_h10,10,final_heldout,7,r10_l7_full_domain_randomisation_arena_wide_training,r10_l7_full_domain_randomisation_arena_wide_training,r10_super_light_cluster_spatial_flow_belief_memory_h10_final_0007,7,inflight_nominal,inflight_stable,lift_dwell_arc,primvar_lift_dwell_arc_transition_object_f5212e7a8993,baseline_and_memory_winner_match,True,primvar_lift_dwell_arc_transition_object_f5212e7a8993,primvar_lift_dwell_arc_transition_object_f5212e7a8993,0.0,0.0,0.03,0.0,1.0,-0.0004375426658833,-0.0004375426658833,0.0,0.0,0.042853617337007,0.7325106893893685,0.0146502137877873,0.0,0.1,0.2,0.0,0.0,7,0,0.9571463826629928,0.7325106893893685,decision_level_baseline_vs_candidate_path_memory_gap_audit,outer_loop_spatial_flow_belief_safe_explore_exploit_memory_v2_2
super_light_cluster,spatial_flow_belief_memory_h10,10,final_heldout,7,r10_l7_full_domain_randomisation_arena_wide_training,r10_l7_full_domain_randomisation_arena_wide_training,r10_super_light_cluster_spatial_flow_belief_memory_h10_final_0007,8,inflight_nominal,inflight_stable,recovery,primvar_recovery_transition_object_4268876749b8,baseline_and_memory_winner_match,True,primvar_recovery_transition_object_4268876749b8,primvar_recovery_transition_object_4268876749b8,0.0,0.0,0.03,0.0,1.0,-0.00038755875235,-0.00038755875235,0.0,0.0,0.0361137743387923,0.8051931768975232,0.0161038635379504,0.0,0.1,0.2,0.0,0.0,4,0,0.9638862256612076,0.8051931768975232,decision_level_baseline_vs_candidate_path_memory_gap_audit,outer_loop_spatial_flow_belief_safe_explore_exploit_memory_v2_2
super_light_cluster,spatial_flow_belief_memory_h10,10,final_heldout,7,r10_l7_full_domain_randomisation_arena_wide_training,r10_l7_full_domain_randomisation_arena_wide_training,r10_super_light_cluster_spatial_flow_belief_memory_h10_final_0007,9,inflight_boundary_near,boundary_near,glide,primvar_glide_transition_object_719a7ba198c8,baseline_and_memory_winner_match,True,primvar_glide_transition_object_719a7ba198c8,primvar_glide_transition_object_719a7ba198c8,0.0,0.0,0.03,0.0,1.0,-0.0004304100260861,-0.0004304100260861,0.0,0.0,0.0383240381753866,0.8954875344256912,0.0179097506885138,0.0,0.1,0.2,0.0,0.0,0,0,0.9616759618246132,0.8954875344256912,decision_level_baseline_vs_candidate_path_memory_gap_audit,outer_loop_spatial_flow_belief_safe_explore_exploit_memory_v2_2
super_light_cluster,spatial_flow_belief_memory_h10,10,final_heldout,7,r10_l7_full_domain_randomisation_arena_wide_training,r10_l7_full_domain_randomisation_arena_wide_training,r10_super_light_cluster_spatial_flow_belief_memory_h10_final_0007,10,inflight_boundary_near,boundary_near,,,,False,,,0.0,0.0,0.0,0.0,0.0,0.0,0.0,0.0,0.0,0.0,1.0,0.0,0.0,0.0,0.0,0.0,0.0,0,0,0.0,0.0,decision_level_baseline_vs_candidate_path_memory_gap_audit,outer_loop_spatial_flow_belief_safe_explore_exploit_memory_v2_2
super_light_cluster,spatial_flow_belief_memory_h10,10,final_heldout,8,r10_l7_full_domain_randomisation_arena_wide_training,r10_l7_full_domain_randomisation_arena_wide_training,r10_super_light_cluster_spatial_flow_belief_memory_h10_final_0008,0,launch_gate,launch_gate,mild_turn_left,primvar_mild_turn_left_transition_object_2189de2270ec,baseline_and_memory_winner_match,True,primvar_mild_turn_left_transition_object_2189de2270ec,primvar_mild_turn_left_transition_object_2189de2270ec,0.0,0.0,0.03,0.0,1.0,0.0001135892284107,0.0001135892284107,0.0,0.0,0.0047827552153288,0.5309379926818175,0.0106187598536363,0.0,0.1,0.2,0.0011980796164995,0.1032192392608988,7,4,0.9952172447846712,0.5309379926818175,decision_level_baseline_vs_candidate_path_memory_gap_audit,outer_loop_spatial_flow_belief_safe_explore_exploit_memory_v2_2
super_light_cluster,spatial_flow_belief_memory_h10,10,final_heldout,8,r10_l7_full_domain_randomisation_arena_wide_training,r10_l7_full_domain_randomisation_arena_wide_training,r10_super_light_cluster_spatial_flow_belief_memory_h10_final_0008,1,inflight_nominal,inflight_stable,recovery,primvar_recovery_transition_object_4268876749b8,baseline_and_memory_winner_match,True,primvar_recovery_transition_object_4268876749b8,primvar_recovery_transition_object_4268876749b8,0.0,0.0,0.03,0.0,1.0,1.5940425190930085e-05,1.5940425190930085e-05,0.0,0.0,0.0536962945069982,0.5215312686984738,0.0104306253739694,0.0,0.1,0.2,0.0,0.0,7,0,0.9463037054930018,0.5215312686984738,decision_level_baseline_vs_candidate_path_memory_gap_audit,outer_loop_spatial_flow_belief_safe_explore_exploit_memory_v2_2
super_light_cluster,spatial_flow_belief_memory_h10,10,final_heldout,8,r10_l7_full_domain_randomisation_arena_wide_training,r10_l7_full_domain_randomisation_arena_wide_training,r10_super_light_cluster_spatial_flow_belief_memory_h10_final_0008,2,inflight_nominal,inflight_stable,recovery,primvar_recovery_transition_object_4268876749b8,baseline_and_memory_winner_match,True,primvar_recovery_transition_object_4268876749b8,primvar_recovery_transition_object_4268876749b8,0.0,0.0,0.03,0.0,1.0,-0.0001065914415505,-0.0001065914415505,0.0,0.0,0.0378891840851788,0.5565880054723328,0.0111317601094466,0.0,0.1,0.2,0.0,0.0,7,0,0.9621108159148212,0.5565880054723328,decision_level_baseline_vs_candidate_path_memory_gap_audit,outer_loop_spatial_flow_belief_safe_explore_exploit_memory_v2_2
super_light_cluster,spatial_flow_belief_memory_h10,10,final_heldout,8,r10_l7_full_domain_randomisation_arena_wide_training,r10_l7_full_domain_randomisation_arena_wide_training,r10_super_light_cluster_spatial_flow_belief_memory_h10_final_0008,3,inflight_nominal,inflight_stable,recovery,primvar_recovery_transition_object_4268876749b8,baseline_and_memory_winner_match,True,primvar_recovery_transition_object_4268876749b8,primvar_recovery_transition_object_4268876749b8,0.0,0.0,0.03,0.0,1.0,-0.0001532238854493,-0.0001532238854493,0.0,0.0,0.03803032017476,0.5897278696425308,0.0117945573928506,0.0,0.1,0.2,0.0,0.0,7,0,0.96196967982524,0.5897278696425308,decision_level_baseline_vs_candidate_path_memory_gap_audit,outer_loop_spatial_flow_belief_safe_explore_exploit_memory_v2_2
super_light_cluster,spatial_flow_belief_memory_h10,10,final_heldout,8,r10_l7_full_domain_randomisation_arena_wide_training,r10_l7_full_domain_randomisation_arena_wide_training,r10_super_light_cluster_spatial_flow_belief_memory_h10_final_0008,4,inflight_recovery_edge,recoverable_degraded,safe_exit_or_recovery_handoff,primvar_safe_exit_or_recovery_handoff_transition_object_54443200afd9,baseline_and_memory_winner_match,True,primvar_safe_exit_or_recovery_handoff_transition_object_54443200afd9,primvar_safe_exit_or_recovery_handoff_transition_object_54443200afd9,0.0,0.0,0.03,0.0,1.0,-0.0001593578828386,-0.0001593578828386,0.0,0.0,0.0349462465753733,0.6324882534065895,0.0126497650681317,0.0,0.1,0.2,0.0,0.0,7,0,0.9650537534246266,0.6324882534065895,decision_level_baseline_vs_candidate_path_memory_gap_audit,outer_loop_spatial_flow_belief_safe_explore_exploit_memory_v2_2
super_light_cluster,spatial_flow_belief_memory_h10,10,final_heldout,8,r10_l7_full_domain_randomisation_arena_wide_training,r10_l7_full_domain_randomisation_arena_wide_training,r10_super_light_cluster_spatial_flow_belief_memory_h10_final_0008,5,inflight_nominal,inflight_stable,recovery,primvar_recovery_transition_object_4268876749b8,baseline_and_memory_winner_match,True,primvar_recovery_transition_object_4268876749b8,primvar_recovery_transition_object_4268876749b8,0.0,0.0,0.03,0.0,1.0,-0.0002569544727615,-0.0002569544727615,0.0,0.0,0.0419677731466778,0.675032302860274,0.0135006460572054,0.0,0.1,0.2,0.0,0.0,7,0,0.958032226853322,0.675032302860274,decision_level_baseline_vs_candidate_path_memory_gap_audit,outer_loop_spatial_flow_belief_safe_explore_exploit_memory_v2_2
super_light_cluster,spatial_flow_belief_memory_h10,10,final_heldout,8,r10_l7_full_domain_randomisation_arena_wide_training,r10_l7_full_domain_randomisation_arena_wide_training,r10_super_light_cluster_spatial_flow_belief_memory_h10_final_0008,6,inflight_nominal,inflight_stable,recovery,primvar_recovery_transition_object_4268876749b8,baseline_and_memory_winner_match,True,primvar_recovery_transition_object_4268876749b8,primvar_recovery_transition_object_4268876749b8,0.0,0.0,0.03,0.0,1.0,-0.000267964621986,-0.000267964621986,0.0,0.0,0.0412025997764479,0.7342957624254369,0.0146859152485087,0.0,0.1,0.2,0.0,0.0,7,0,0.958797400223552,0.7342957624254369,decision_level_baseline_vs_candidate_path_memory_gap_audit,outer_loop_spatial_flow_belief_safe_explore_exploit_memory_v2_2
super_light_cluster,spatial_flow_belief_memory_h10,10,final_heldout,8,r10_l7_full_domain_randomisation_arena_wide_training,r10_l7_full_domain_randomisation_arena_wide_training,r10_super_light_cluster_spatial_flow_belief_memory_h10_final_0008,7,inflight_nominal,inflight_stable,recovery,primvar_recovery_transition_object_4268876749b8,baseline_and_memory_winner_match,True,primvar_recovery_transition_object_4268876749b8,primvar_recovery_transition_object_4268876749b8,0.0,0.0,0.03,0.0,1.0,-0.0002689869114564,-0.0002689869114564,0.0,0.0,0.0373766615821547,0.8130616343488314,0.0162612326869766,0.0,0.1,0.2,0.0,0.0,3,0,0.9626233384178452,0.8130616343488314,decision_level_baseline_vs_candidate_path_memory_gap_audit,outer_loop_spatial_flow_belief_safe_explore_exploit_memory_v2_2
super_light_cluster,spatial_flow_belief_memory_h10,10,final_heldout,8,r10_l7_full_domain_randomisation_arena_wide_training,r10_l7_full_domain_randomisation_arena_wide_training,r10_super_light_cluster_spatial_flow_belief_memory_h10_final_0008,8,inflight_nominal,inflight_stable,recovery,primvar_recovery_transition_object_4268876749b8,baseline_and_memory_winner_match,True,primvar_recovery_transition_object_4268876749b8,primvar_recovery_transition_object_4268876749b8,0.0,0.0,0.03,0.0,1.0,-0.0003043794167578,-0.0003043794167578,0.0,0.0,0.0402397376504101,0.9129903550353096,0.0182598071007061,0.0,0.1,0.2,0.0,0.0,0,0,0.95976026234959,0.9129903550353096,decision_level_baseline_vs_candidate_path_memory_gap_audit,outer_loop_spatial_flow_belief_safe_explore_exploit_memory_v2_2
super_light_cluster,spatial_flow_belief_memory_h10,10,final_heldout,8,r10_l7_full_domain_randomisation_arena_wide_training,r10_l7_full_domain_randomisation_arena_wide_training,r10_super_light_cluster_spatial_flow_belief_memory_h10_final_0008,9,inflight_boundary_near,boundary_near,lift_dwell_arc,primvar_lift_dwell_arc_transition_object_3d4acb04abc7,baseline_and_memory_winner_match,True,primvar_lift_dwell_arc_transition_object_3d4acb04abc7,primvar_lift_dwell_arc_transition_object_3d4acb04abc7,0.0,0.0,0.03,0.0,1.0,-0.0002600405927042,-0.0002600405927042,0.0,0.0,0.0336583909886017,0.9663416090113982,0.0193268321802279,0.0,0.1,0.2,0.0,0.0,0,0,0.9663416090113982,0.9663416090113982,decision_level_baseline_vs_candidate_path_memory_gap_audit,outer_loop_spatial_flow_belief_safe_explore_exploit_memory_v2_2
super_light_cluster,spatial_flow_belief_memory_h10,10,final_heldout,8,r10_l7_full_domain_randomisation_arena_wide_training,r10_l7_full_domain_randomisation_arena_wide_training,r10_super_light_cluster_spatial_flow_belief_memory_h10_final_0008,10,inflight_boundary_near,boundary_near,energy_retaining_bank,primvar_energy_retaining_bank_transition_object_04f947aabe12,baseline_and_memory_winner_match,True,primvar_energy_retaining_bank_transition_object_04f947aabe12,primvar_energy_retaining_bank_transition_object_04f947aabe12,0.0,0.0,0.03,0.0,1.0,-0.0001888612577349,-0.0001888612577349,0.0,0.0,0.0294889510840003,0.9705110489159996,0.0194102209783199,0.0,0.1,0.2,0.0,0.0,0,0,0.9705110489159996,0.9705110489159996,decision_level_baseline_vs_candidate_path_memory_gap_audit,outer_loop_spatial_flow_belief_safe_explore_exploit_memory_v2_2
super_light_cluster,spatial_flow_belief_memory_h10,10,final_heldout,8,r10_l7_full_domain_randomisation_arena_wide_training,r10_l7_full_domain_randomisation_arena_wide_training,r10_super_light_cluster_spatial_flow_belief_memory_h10_final_0008,11,inflight_boundary_near,boundary_near,lift_dwell_arc,primvar_lift_dwell_arc_transition_object_3d4acb04abc7,baseline_and_memory_winner_match,True,primvar_lift_dwell_arc_transition_object_3d4acb04abc7,primvar_lift_dwell_arc_transition_object_3d4acb04abc7,0.0,0.0,0.03,0.0,1.0,-0.000302137343112,-0.000302137343112,0.0,0.0,0.0436319489342596,0.9563680510657404,0.0191273610213148,0.0,0.1,0.2,0.0,0.0,0,0,0.9563680510657404,0.9563680510657404,decision_level_baseline_vs_candidate_path_memory_gap_audit,outer_loop_spatial_flow_belief_safe_explore_exploit_memory_v2_2
light_cluster,spatial_flow_belief_memory_h30,30,final_heldout,9,r10_l7_full_domain_randomisation_arena_wide_training,r10_l7_full_domain_randomisation_arena_wide_training,r10_light_cluster_spatial_flow_belief_memory_h30_final_0009,0,launch_gate,launch_gate,lift_dwell_arc,primvar_lift_dwell_arc_transition_object_b9b9dc090f76,baseline_and_memory_winner_match,True,primvar_lift_dwell_arc_transition_object_b9b9dc090f76,primvar_lift_dwell_arc_transition_object_b9b9dc090f76,0.0,0.0,0.03,0.0,1.0,2.969988341927632e-07,2.969988341927632e-07,0.0,0.0,0.017883108181113,0.6584000830888803,0.0131680016617776,0.0,0.1,0.2,0.0,0.0,7,0,0.982116891818887,0.6584000830888803,decision_level_baseline_vs_candidate_path_memory_gap_audit,outer_loop_spatial_flow_belief_safe_explore_exploit_memory_v2_2
light_cluster,spatial_flow_belief_memory_h30,30,final_heldout,9,r10_l7_full_domain_randomisation_arena_wide_training,r10_l7_full_domain_randomisation_arena_wide_training,r10_light_cluster_spatial_flow_belief_memory_h30_final_0009,1,inflight_boundary_near,boundary_near,mild_turn_right,primvar_mild_turn_right_transition_object_7e69bebe251a,baseline_and_memory_winner_match,True,primvar_mild_turn_right_transition_object_7e69bebe251a,primvar_mild_turn_right_transition_object_7e69bebe251a,0.0,0.0,0.03,0.0,1.0,-8.641702847778099e-05,-8.641702847778099e-05,0.0,0.0,0.0723775697838783,0.6667314929546696,0.0133346298590933,0.0,0.1,0.2,0.0,0.0,7,0,0.9276224302161216,0.6667314929546696,decision_level_baseline_vs_candidate_path_memory_gap_audit,outer_loop_spatial_flow_belief_safe_explore_exploit_memory_v2_2
light_cluster,spatial_flow_belief_memory_h30,30,final_heldout,9,r10_l7_full_domain_randomisation_arena_wide_training,r10_l7_full_domain_randomisation_arena_wide_training,r10_light_cluster_spatial_flow_belief_memory_h30_final_0009,2,inflight_boundary_near,boundary_near,mild_turn_right,primvar_mild_turn_right_transition_object_7e69bebe251a,baseline_and_memory_winner_match,True,primvar_mild_turn_right_transition_object_7e69bebe251a,primvar_mild_turn_right_transition_object_7e69bebe251a,0.0,0.0,0.03,0.0,1.0,-1.627727560116199e-05,-1.627727560116199e-05,0.0,0.0,0.0519293990402939,0.747450326298163,0.0149490065259632,0.0,0.1,0.2,0.0,0.0,7,0,0.948070600959706,0.747450326298163,decision_level_baseline_vs_candidate_path_memory_gap_audit,outer_loop_spatial_flow_belief_safe_explore_exploit_memory_v2_2
light_cluster,spatial_flow_belief_memory_h30,30,final_heldout,9,r10_l7_full_domain_randomisation_arena_wide_training,r10_l7_full_domain_randomisation_arena_wide_training,r10_light_cluster_spatial_flow_belief_memory_h30_final_0009,3,inflight_boundary_near,boundary_near,mild_turn_right,primvar_mild_turn_right_transition_object_7e69bebe251a,baseline_and_memory_winner_match,True,primvar_mild_turn_right_transition_object_7e69bebe251a,primvar_mild_turn_right_transition_object_7e69bebe251a,0.0,0.0,0.03,0.0,1.0,-0.0001712704041579,-0.0001712704041579,0.0,0.0,0.0431929602238164,0.8410350264596186,0.0168207005291923,0.0,0.1,0.2,0.0,0.0,4,0,0.9568070397761836,0.8410350264596186,decision_level_baseline_vs_candidate_path_memory_gap_audit,outer_loop_spatial_flow_belief_safe_explore_exploit_memory_v2_2
light_cluster,spatial_flow_belief_memory_h30,30,final_heldout,9,r10_l7_full_domain_randomisation_arena_wide_training,r10_l7_full_domain_randomisation_arena_wide_training,r10_light_cluster_spatial_flow_belief_memory_h30_final_0009,4,inflight_boundary_near,boundary_near,energy_retaining_bank,primvar_energy_retaining_bank_transition_object_59f915f98b46,baseline_and_memory_winner_match,True,primvar_energy_retaining_bank_transition_object_59f915f98b46,primvar_energy_retaining_bank_transition_object_59f915f98b46,0.0,0.0,0.03,0.0,1.0,-0.0003497793776459,-0.0003497793776459,0.0,0.0,0.0418293712009384,0.9581706287990616,0.0191634125759812,0.0,0.1,0.2,0.0,0.0,0,0,0.9581706287990616,0.9581706287990616,decision_level_baseline_vs_candidate_path_memory_gap_audit,outer_loop_spatial_flow_belief_safe_explore_exploit_memory_v2_2
light_cluster,spatial_flow_belief_memory_h30,30,final_heldout,9,r10_l7_full_domain_randomisation_arena_wide_training,r10_l7_full_domain_randomisation_arena_wide_training,r10_light_cluster_spatial_flow_belief_memory_h30_final_0009,5,inflight_boundary_near,boundary_near,energy_retaining_bank,primvar_energy_retaining_bank_transition_object_59f915f98b46,baseline_and_memory_winner_match,True,primvar_energy_retaining_bank_transition_object_59f915f98b46,primvar_energy_retaining_bank_transition_object_59f915f98b46,0.0,0.0,0.03,0.0,1.0,-0.0003697931863868,-0.0003697931863868,0.0,0.0,0.0391365468602388,0.9608634531397612,0.0192172690627952,0.0,0.1,0.2,0.0,0.0,0,0,0.9608634531397612,0.9608634531397612,decision_level_baseline_vs_candidate_path_memory_gap_audit,outer_loop_spatial_flow_belief_safe_explore_exploit_memory_v2_2
light_cluster,spatial_flow_belief_memory_h30,30,final_heldout,9,r10_l7_full_domain_randomisation_arena_wide_training,r10_l7_full_domain_randomisation_arena_wide_training,r10_light_cluster_spatial_flow_belief_memory_h30_final_0009,6,inflight_boundary_near,boundary_near,energy_retaining_bank,primvar_energy_retaining_bank_transition_object_59f915f98b46,rejected_exploration_cross_family_without_memory_confidence,False,primvar_energy_retaining_bank_transition_object_59f915f98b46,primvar_lift_dwell_arc_transition_object_cd89af02a2de,8.270695239787074e-11,3.856692742942869e-12,0.03,0.0,1.0,-0.0002190504516954,-0.0002190504516954,0.0,0.0038566927429428,0.0260446530756913,0.9739553469243086,0.0194791069384861,0.0,0.1,0.2,0.0,0.0,0,0,0.9739553429817902,0.9739553429817902,decision_level_baseline_vs_candidate_path_memory_gap_audit,outer_loop_spatial_flow_belief_safe_explore_exploit_memory_v2_2
light_cluster,spatial_flow_belief_memory_h30,30,final_heldout,9,r10_l7_full_domain_randomisation_arena_wide_training,r10_l7_full_domain_randomisation_arena_wide_training,r10_light_cluster_spatial_flow_belief_memory_h30_final_0009,7,inflight_boundary_near,boundary_near,energy_retaining_bank,primvar_energy_retaining_bank_transition_object_59f915f98b46,baseline_and_memory_winner_match,True,primvar_energy_retaining_bank_transition_object_59f915f98b46,primvar_energy_retaining_bank_transition_object_59f915f98b46,0.0,0.0,0.03,0.0,1.0,-0.0004864604003775,-0.0004864604003775,0.0,0.0,0.061872769831104,0.938127230168896,0.0187625446033779,0.0,0.1,0.2,0.0,0.0,0,0,0.938127230168896,0.938127230168896,decision_level_baseline_vs_candidate_path_memory_gap_audit,outer_loop_spatial_flow_belief_safe_explore_exploit_memory_v2_2
light_cluster,spatial_flow_belief_memory_h30,30,final_heldout,9,r10_l7_full_domain_randomisation_arena_wide_training,r10_l7_full_domain_randomisation_arena_wide_training,r10_light_cluster_spatial_flow_belief_memory_h30_final_0009,8,inflight_boundary_near,boundary_near,safe_exit_or_recovery_handoff,primvar_safe_exit_or_recovery_handoff_transition_object_6683ccb4c539,baseline_and_memory_winner_match,True,primvar_safe_exit_or_recovery_handoff_transition_object_6683ccb4c539,primvar_safe_exit_or_recovery_handoff_transition_object_6683ccb4c539,0.0,0.0,0.03,0.0,1.0,-0.0001709461175853,-0.0001709461175853,0.0,0.0,0.0325148595751683,0.9674851404248316,0.0193497028084966,0.0,0.1,0.2,0.0,0.0,0,0,0.9674851404248316,0.9674851404248316,decision_level_baseline_vs_candidate_path_memory_gap_audit,outer_loop_spatial_flow_belief_safe_explore_exploit_memory_v2_2
super_light_cluster,spatial_flow_belief_memory_h10,10,final_heldout,9,r10_l7_full_domain_randomisation_arena_wide_training,r10_l7_full_domain_randomisation_arena_wide_training,r10_super_light_cluster_spatial_flow_belief_memory_h10_final_0009,0,launch_gate,launch_gate,lift_dwell_arc,primvar_lift_dwell_arc_transition_object_b9b9dc090f76,baseline_and_memory_winner_match,True,primvar_lift_dwell_arc_transition_object_b9b9dc090f76,primvar_lift_dwell_arc_transition_object_b9b9dc090f76,0.0,0.0,0.03,0.0,1.0,5.636970138678255e-05,5.636970138678255e-05,0.0,0.0,0.0123075496006076,0.6621378746524416,0.0132427574930488,0.0,0.1,0.2,0.0,0.0,7,0,0.9876924503993924,0.6621378746524416,decision_level_baseline_vs_candidate_path_memory_gap_audit,outer_loop_spatial_flow_belief_safe_explore_exploit_memory_v2_2
super_light_cluster,spatial_flow_belief_memory_h10,10,final_heldout,9,r10_l7_full_domain_randomisation_arena_wide_training,r10_l7_full_domain_randomisation_arena_wide_training,r10_super_light_cluster_spatial_flow_belief_memory_h10_final_0009,1,inflight_boundary_near,boundary_near,lift_dwell_arc,primvar_lift_dwell_arc_transition_object_1938e7e5b41e,baseline_and_memory_winner_match,True,primvar_lift_dwell_arc_transition_object_1938e7e5b41e,primvar_lift_dwell_arc_transition_object_1938e7e5b41e,0.0,0.0,0.03,0.0,1.0,0.000123719333364,0.000123719333364,0.0,0.0,0.0359129771015146,0.6941799093129847,0.0138835981862596,0.0,0.1,0.2,0.0,0.0,7,0,0.9640870228984854,0.6941799093129847,decision_level_baseline_vs_candidate_path_memory_gap_audit,outer_loop_spatial_flow_belief_safe_explore_exploit_memory_v2_2
super_light_cluster,spatial_flow_belief_memory_h10,10,final_heldout,9,r10_l7_full_domain_randomisation_arena_wide_training,r10_l7_full_domain_randomisation_arena_wide_training,r10_super_light_cluster_spatial_flow_belief_memory_h10_final_0009,2,inflight_boundary_near,boundary_near,lift_dwell_arc,primvar_lift_dwell_arc_transition_object_1938e7e5b41e,baseline_and_memory_winner_match,True,primvar_lift_dwell_arc_transition_object_1938e7e5b41e,primvar_lift_dwell_arc_transition_object_1938e7e5b41e,0.0,0.0,0.03,0.0,1.0,9.960749307813543e-05,9.960749307813543e-05,0.0,0.0,0.0302587089872875,0.7656053810754286,0.0153121076215085,0.0,0.1,0.2,0.0,0.0,7,0,0.9697412910127124,0.7656053810754286,decision_level_baseline_vs_candidate_path_memory_gap_audit,outer_loop_spatial_flow_belief_safe_explore_exploit_memory_v2_2
super_light_cluster,spatial_flow_belief_memory_h10,10,final_heldout,9,r10_l7_full_domain_randomisation_arena_wide_training,r10_l7_full_domain_randomisation_arena_wide_training,r10_super_light_cluster_spatial_flow_belief_memory_h10_final_0009,3,inflight_boundary_near,boundary_near,lift_dwell_arc,primvar_lift_dwell_arc_transition_object_1938e7e5b41e,baseline_and_memory_winner_match,True,primvar_lift_dwell_arc_transition_object_1938e7e5b41e,primvar_lift_dwell_arc_transition_object_1938e7e5b41e,0.0,0.0,0.03,0.0,1.0,-0.0001411947514421,-0.0001411947514421,0.0,0.0,0.0373594620402138,0.8476087273229727,0.0169521745464594,0.0,0.1,0.2,0.0,0.0,4,0,0.9626405379597862,0.8476087273229727,decision_level_baseline_vs_candidate_path_memory_gap_audit,outer_loop_spatial_flow_belief_safe_explore_exploit_memory_v2_2
super_light_cluster,spatial_flow_belief_memory_h10,10,final_heldout,9,r10_l7_full_domain_randomisation_arena_wide_training,r10_l7_full_domain_randomisation_arena_wide_training,r10_super_light_cluster_spatial_flow_belief_memory_h10_final_0009,4,inflight_boundary_near,boundary_near,energy_retaining_bank,primvar_energy_retaining_bank_transition_object_59f915f98b46,baseline_and_memory_winner_match,True,primvar_energy_retaining_bank_transition_object_59f915f98b46,primvar_energy_retaining_bank_transition_object_59f915f98b46,0.0,0.0,0.03,0.0,1.0,-0.0003133414320841,-0.0003133414320841,0.0,0.0,0.0391404208707911,0.9608595791292088,0.0192171915825841,0.0,0.1,0.2,0.0,0.0,0,0,0.9608595791292088,0.9608595791292088,decision_level_baseline_vs_candidate_path_memory_gap_audit,outer_loop_spatial_flow_belief_safe_explore_exploit_memory_v2_2
super_light_cluster,spatial_flow_belief_memory_h10,10,final_heldout,9,r10_l7_full_domain_randomisation_arena_wide_training,r10_l7_full_domain_randomisation_arena_wide_training,r10_super_light_cluster_spatial_flow_belief_memory_h10_final_0009,5,inflight_boundary_near,boundary_near,energy_retaining_bank,primvar_energy_retaining_bank_transition_object_59f915f98b46,baseline_and_memory_winner_match,True,primvar_energy_retaining_bank_transition_object_59f915f98b46,primvar_energy_retaining_bank_transition_object_59f915f98b46,0.0,0.0,0.03,0.0,1.0,-0.0003671304847157,-0.0003671304847157,0.0,0.0,0.0386579793549148,0.9613420206450852,0.0192268404129017,0.0,0.1,0.2,0.0,0.0,0,0,0.9613420206450852,0.9613420206450852,decision_level_baseline_vs_candidate_path_memory_gap_audit,outer_loop_spatial_flow_belief_safe_explore_exploit_memory_v2_2
super_light_cluster,spatial_flow_belief_memory_h10,10,final_heldout,9,r10_l7_full_domain_randomisation_arena_wide_training,r10_l7_full_domain_randomisation_arena_wide_training,r10_super_light_cluster_spatial_flow_belief_memory_h10_final_0009,6,inflight_boundary_near,boundary_near,energy_retaining_bank,primvar_energy_retaining_bank_transition_object_59f915f98b46,rejected_exploration_cross_family_without_memory_confidence,False,primvar_energy_retaining_bank_transition_object_59f915f98b46,primvar_mild_turn_left_transition_object_d26eff6160ec,6.070323550044776e-06,1.2888433624791418e-06,0.03,0.0,1.0,-0.0002246497402591,-0.0002246497402591,0.0,1288.8433624791417,0.0256075849725175,0.9743924150274824,0.0194878483005496,0.0,0.1,0.2,0.0,0.0,0,0,0.9741533410180976,0.9741533410180976,decision_level_baseline_vs_candidate_path_memory_gap_audit,outer_loop_spatial_flow_belief_safe_explore_exploit_memory_v2_2
super_light_cluster,spatial_flow_belief_memory_h10,10,final_heldout,9,r10_l7_full_domain_randomisation_arena_wide_training,r10_l7_full_domain_randomisation_arena_wide_training,r10_super_light_cluster_spatial_flow_belief_memory_h10_final_0009,7,inflight_boundary_near,boundary_near,energy_retaining_bank,primvar_energy_retaining_bank_transition_object_59f915f98b46,rejected_exploration_cross_family_without_memory_confidence,False,primvar_energy_retaining_bank_transition_object_59f915f98b46,primvar_mild_turn_left_transition_object_d26eff6160ec,6.045155269696068e-06,6.656856821041809e-06,0.03,0.0,1.0,-0.0003090374317993,-0.0003090374317993,7.00000000000145e-05,0.0950979545862918,0.0455680624527944,0.9544319375472056,0.0190886387509441,0.0,0.1,0.2,0.0,0.0,0,0,0.9509625226247796,0.9509625226247796,decision_level_baseline_vs_candidate_path_memory_gap_audit,outer_loop_spatial_flow_belief_safe_explore_exploit_memory_v2_2
super_light_cluster,spatial_flow_belief_memory_h10,10,final_heldout,9,r10_l7_full_domain_randomisation_arena_wide_training,r10_l7_full_domain_randomisation_arena_wide_training,r10_super_light_cluster_spatial_flow_belief_memory_h10_final_0009,8,inflight_boundary_near,boundary_near,safe_exit_or_recovery_handoff,primvar_safe_exit_or_recovery_handoff_transition_object_6683ccb4c539,rejected_exploration_cross_family_without_memory_confidence,False,primvar_safe_exit_or_recovery_handoff_transition_object_6683ccb4c539,primvar_mild_turn_right_transition_object_40208f0dcfe3,0.0004064659467482,3.858180064260201e-05,0.03,0.0,1.0,-0.000264051628207,-0.000264051628207,7.00000000000145e-05,0.5511685806084861,0.0749877781649202,0.9250122218350798,0.0185002444367015,0.0,0.1,0.2,0.0,0.0,0,0,0.9031180145297942,0.9031180145297942,decision_level_baseline_vs_candidate_path_memory_gap_audit,outer_loop_spatial_flow_belief_safe_explore_exploit_memory_v2_2
super_light_cluster,spatial_flow_belief_memory_h30,30,final_heldout,0,r10_l7_full_domain_randomisation_arena_wide_training,r10_l7_full_domain_randomisation_arena_wide_training,r10_super_light_cluster_spatial_flow_belief_memory_h30_final_0000,0,launch_gate,launch_gate,lift_dwell_arc,primvar_lift_dwell_arc_transition_object_6ae229f6947e,baseline_and_memory_winner_match,True,primvar_lift_dwell_arc_transition_object_6ae229f6947e,primvar_lift_dwell_arc_transition_object_6ae229f6947e,0.0,0.0,0.03,0.0,1.0,7.847636506630451e-06,7.847636506630451e-06,0.0,0.0,0.0044612660408357,0.7027592106060961,0.0140551842121219,0.0,0.1,0.2,6.710588234693638e-11,6.230403976129044e-08,7,3,0.9955387339591644,0.7027592106060961,decision_level_baseline_vs_candidate_path_memory_gap_audit,outer_loop_spatial_flow_belief_safe_explore_exploit_memory_v2_2
super_light_cluster,spatial_flow_belief_memory_h30,30,final_heldout,0,r10_l7_full_domain_randomisation_arena_wide_training,r10_l7_full_domain_randomisation_arena_wide_training,r10_super_light_cluster_spatial_flow_belief_memory_h30_final_0000,1,inflight_boundary_near,boundary_near,lift_dwell_arc,primvar_lift_dwell_arc_transition_object_cd89af02a2de,baseline_and_memory_winner_match,True,primvar_lift_dwell_arc_transition_object_cd89af02a2de,primvar_lift_dwell_arc_transition_object_cd89af02a2de,0.0,0.0,0.03,0.0,1.0,5.461544778595506e-05,5.461544778595506e-05,0.0,0.0,0.080357808825155,0.7039202795599816,0.0140784055911996,0.0,0.1,0.2,0.0,0.0,7,0,0.919642191174845,0.7039202795599816,decision_level_baseline_vs_candidate_path_memory_gap_audit,outer_loop_spatial_flow_belief_safe_explore_exploit_memory_v2_2
super_light_cluster,spatial_flow_belief_memory_h30,30,final_heldout,0,r10_l7_full_domain_randomisation_arena_wide_training,r10_l7_full_domain_randomisation_arena_wide_training,r10_super_light_cluster_spatial_flow_belief_memory_h30_final_0000,2,inflight_boundary_near,boundary_near,lift_dwell_arc,primvar_lift_dwell_arc_transition_object_cd89af02a2de,baseline_and_memory_winner_match,True,primvar_lift_dwell_arc_transition_object_cd89af02a2de,primvar_lift_dwell_arc_transition_object_cd89af02a2de,0.0,0.0,0.03,0.0,1.0,4.314048349129962e-05,4.314048349129962e-05,0.0,0.0,0.0702846537916181,0.7821845389095028,0.01564369077819,0.0,0.1,0.2,0.0,0.0,7,0,0.9297153462083818,0.7821845389095028,decision_level_baseline_vs_candidate_path_memory_gap_audit,outer_loop_spatial_flow_belief_safe_explore_exploit_memory_v2_2
super_light_cluster,spatial_flow_belief_memory_h30,30,final_heldout,0,r10_l7_full_domain_randomisation_arena_wide_training,r10_l7_full_domain_randomisation_arena_wide_training,r10_super_light_cluster_spatial_flow_belief_memory_h30_final_0000,3,inflight_boundary_near,boundary_near,lift_dwell_arc,primvar_lift_dwell_arc_transition_object_cd89af02a2de,baseline_and_memory_winner_match,True,primvar_lift_dwell_arc_transition_object_cd89af02a2de,primvar_lift_dwell_arc_transition_object_cd89af02a2de,0.0,0.0,0.03,0.0,1.0,-5.147436506081071e-05,-5.147436506081071e-05,0.0,0.0,0.0454994292673232,0.9052805955472462,0.0181056119109449,0.0,0.1,0.2,0.0,0.0,0,0,0.9545005707326768,0.9052805955472462,decision_level_baseline_vs_candidate_path_memory_gap_audit,outer_loop_spatial_flow_belief_safe_explore_exploit_memory_v2_2
super_light_cluster,spatial_flow_belief_memory_h30,30,final_heldout,0,r10_l7_full_domain_randomisation_arena_wide_training,r10_l7_full_domain_randomisation_arena_wide_training,r10_super_light_cluster_spatial_flow_belief_memory_h30_final_0000,4,inflight_boundary_near,boundary_near,energy_retaining_bank,primvar_energy_retaining_bank_transition_object_705bc67a6dc1,baseline_and_memory_winner_match,True,primvar_energy_retaining_bank_transition_object_705bc67a6dc1,primvar_energy_retaining_bank_transition_object_705bc67a6dc1,0.0,0.0,0.03,0.0,1.0,-7.761499734915134e-06,-7.761499734915134e-06,0.0,0.0,0.0348448633553761,0.9651551366446238,0.0193031027328924,0.0,0.1,0.2,0.0,0.0,0,0,0.9651551366446238,0.9651551366446238,decision_level_baseline_vs_candidate_path_memory_gap_audit,outer_loop_spatial_flow_belief_safe_explore_exploit_memory_v2_2
super_light_cluster,spatial_flow_belief_memory_h30,30,final_heldout,0,r10_l7_full_domain_randomisation_arena_wide_training,r10_l7_full_domain_randomisation_arena_wide_training,r10_super_light_cluster_spatial_flow_belief_memory_h30_final_0000,5,inflight_boundary_near,boundary_near,energy_retaining_bank,primvar_energy_retaining_bank_transition_object_705bc67a6dc1,baseline_and_memory_winner_match,True,primvar_energy_retaining_bank_transition_object_705bc67a6dc1,primvar_energy_retaining_bank_transition_object_705bc67a6dc1,0.0,0.0,0.03,0.0,1.0,-1.852473802577137e-05,-1.852473802577137e-05,0.0,0.0,0.0356017336323928,0.9643982663676072,0.0192879653273521,0.0,0.1,0.2,0.0,0.0,0,0,0.9643982663676072,0.9643982663676072,decision_level_baseline_vs_candidate_path_memory_gap_audit,outer_loop_spatial_flow_belief_safe_explore_exploit_memory_v2_2
super_light_cluster,spatial_flow_belief_memory_h30,30,final_heldout,0,r10_l7_full_domain_randomisation_arena_wide_training,r10_l7_full_domain_randomisation_arena_wide_training,r10_super_light_cluster_spatial_flow_belief_memory_h30_final_0000,6,inflight_boundary_near,boundary_near,energy_retaining_bank,primvar_energy_retaining_bank_transition_object_705bc67a6dc1,baseline_and_memory_winner_match,True,primvar_energy_retaining_bank_transition_object_705bc67a6dc1,primvar_energy_retaining_bank_transition_object_705bc67a6dc1,0.0,0.0,0.03,0.0,1.0,-2.210403057456567e-05,-2.210403057456567e-05,0.0,0.0,0.0285188714901665,0.9714811285098336,0.0194296225701966,0.0,0.1,0.2,0.0,0.0,0,0,0.9714811285098336,0.9714811285098336,decision_level_baseline_vs_candidate_path_memory_gap_audit,outer_loop_spatial_flow_belief_safe_explore_exploit_memory_v2_2
super_light_cluster,spatial_flow_belief_memory_h30,30,final_heldout,0,r10_l7_full_domain_randomisation_arena_wide_training,r10_l7_full_domain_randomisation_arena_wide_training,r10_super_light_cluster_spatial_flow_belief_memory_h30_final_0000,7,inflight_boundary_near,boundary_near,energy_retaining_bank,primvar_energy_retaining_bank_transition_object_705bc67a6dc1,baseline_and_memory_winner_match,True,primvar_energy_retaining_bank_transition_object_705bc67a6dc1,primvar_energy_retaining_bank_transition_object_705bc67a6dc1,0.0,0.0,0.03,0.0,1.0,-7.534905399064762e-05,-7.534905399064762e-05,0.0,0.0,0.0406095343468283,0.9593904656531717,0.0191878093130634,0.0,0.1,0.2,0.0,0.0,0,0,0.9593904656531717,0.9593904656531717,decision_level_baseline_vs_candidate_path_memory_gap_audit,outer_loop_spatial_flow_belief_safe_explore_exploit_memory_v2_2
super_light_cluster,spatial_flow_belief_memory_h30,30,final_heldout,0,r10_l7_full_domain_randomisation_arena_wide_training,r10_l7_full_domain_randomisation_arena_wide_training,r10_super_light_cluster_spatial_flow_belief_memory_h30_final_0000,8,inflight_boundary_near,boundary_near,energy_retaining_bank,primvar_energy_retaining_bank_transition_object_59f915f98b46,baseline_and_memory_winner_match,True,primvar_energy_retaining_bank_transition_object_59f915f98b46,primvar_energy_retaining_bank_transition_object_59f915f98b46,0.0,0.0,0.03,0.0,1.0,-0.0001782863346646,-0.0001782863346646,0.0,0.0,0.0486196049047707,0.9513803950952292,0.0190276079019045,0.0,0.1,0.2,0.0,0.0,0,0,0.9513803950952292,0.9513803950952292,decision_level_baseline_vs_candidate_path_memory_gap_audit,outer_loop_spatial_flow_belief_safe_explore_exploit_memory_v2_2
super_light_cluster,spatial_flow_belief_memory_h30,30,final_heldout,5,r10_l7_full_domain_randomisation_arena_wide_training,r10_l7_full_domain_randomisation_arena_wide_training,r10_super_light_cluster_spatial_flow_belief_memory_h30_final_0005,0,launch_gate,launch_gate,lift_dwell_arc,primvar_lift_dwell_arc_transition_object_0bb49fd72816,baseline_and_memory_winner_match,True,primvar_lift_dwell_arc_transition_object_0bb49fd72816,primvar_lift_dwell_arc_transition_object_0bb49fd72816,0.0,0.0,0.03,0.0,1.0,-8.774514167475544e-07,-8.774514167475544e-07,0.0,0.0,0.0013979278023401,0.7736552718426478,0.0154731054368529,0.0,0.1,0.2,7.096938592176579e-22,7.86440079195215e-17,7,4,0.9986020721976598,0.7736552718426478,decision_level_baseline_vs_candidate_path_memory_gap_audit,outer_loop_spatial_flow_belief_safe_explore_exploit_memory_v2_2
super_light_cluster,spatial_flow_belief_memory_h30,30,final_heldout,5,r10_l7_full_domain_randomisation_arena_wide_training,r10_l7_full_domain_randomisation_arena_wide_training,r10_super_light_cluster_spatial_flow_belief_memory_h30_final_0005,1,inflight_boundary_near,boundary_near,mild_turn_right,primvar_mild_turn_right_transition_object_40208f0dcfe3,baseline_and_memory_winner_match,True,primvar_mild_turn_right_transition_object_40208f0dcfe3,primvar_mild_turn_right_transition_object_40208f0dcfe3,0.0,0.0,0.03,0.0,1.0,0.0004205640615643,0.0004205640615643,0.0,0.0,0.0341490836989254,0.7830106377944485,0.0156602127558889,0.0,0.1,0.2,0.0,0.0,7,0,0.9658509163010746,0.7830106377944485,decision_level_baseline_vs_candidate_path_memory_gap_audit,outer_loop_spatial_flow_belief_safe_explore_exploit_memory_v2_2
super_light_cluster,spatial_flow_belief_memory_h30,30,final_heldout,5,r10_l7_full_domain_randomisation_arena_wide_training,r10_l7_full_domain_randomisation_arena_wide_training,r10_super_light_cluster_spatial_flow_belief_memory_h30_final_0005,2,inflight_boundary_near,boundary_near,lift_dwell_arc,primvar_lift_dwell_arc_transition_object_cd89af02a2de,baseline_and_memory_winner_match,True,primvar_lift_dwell_arc_transition_object_cd89af02a2de,primvar_lift_dwell_arc_transition_object_cd89af02a2de,0.0,0.0,0.03,0.0,1.0,0.0003767643894683,0.0003767643894683,0.0,0.0,0.0331108891161548,0.8297694720139595,0.0165953894402791,0.0,0.1,0.2,0.0,0.0,6,0,0.9668891108838452,0.8297694720139595,decision_level_baseline_vs_candidate_path_memory_gap_audit,outer_loop_spatial_flow_belief_safe_explore_exploit_memory_v2_2
super_light_cluster,spatial_flow_belief_memory_h30,30,final_heldout,5,r10_l7_full_domain_randomisation_arena_wide_training,r10_l7_full_domain_randomisation_arena_wide_training,r10_super_light_cluster_spatial_flow_belief_memory_h30_final_0005,3,inflight_boundary_near,boundary_near,lift_dwell_arc,primvar_lift_dwell_arc_transition_object_cd89af02a2de,baseline_and_memory_winner_match,True,primvar_lift_dwell_arc_transition_object_cd89af02a2de,primvar_lift_dwell_arc_transition_object_cd89af02a2de,0.0,0.0,0.03,0.0,1.0,0.0002466627335386,0.0002466627335386,0.0,0.0,0.0376626492791246,0.9392529488838876,0.0187850589776777,0.0,0.1,0.2,0.0,0.0,0,0,0.9623373507208756,0.9392529488838876,decision_level_baseline_vs_candidate_path_memory_gap_audit,outer_loop_spatial_flow_belief_safe_explore_exploit_memory_v2_2
super_light_cluster,spatial_flow_belief_memory_h30,30,final_heldout,5,r10_l7_full_domain_randomisation_arena_wide_training,r10_l7_full_domain_randomisation_arena_wide_training,r10_super_light_cluster_spatial_flow_belief_memory_h30_final_0005,4,inflight_boundary_near,boundary_near,energy_retaining_bank,primvar_energy_retaining_bank_transition_object_59f915f98b46,baseline_and_memory_winner_match,True,primvar_energy_retaining_bank_transition_object_59f915f98b46,primvar_energy_retaining_bank_transition_object_59f915f98b46,0.0,0.0,0.03,0.0,1.0,0.0001672085838539,0.0001672085838539,0.0,0.0,0.0443132605899467,0.9556867394100532,0.019113734788201,0.0,0.1,0.2,0.0,0.0,0,0,0.9556867394100532,0.9556867394100532,decision_level_baseline_vs_candidate_path_memory_gap_audit,outer_loop_spatial_flow_belief_safe_explore_exploit_memory_v2_2
super_light_cluster,spatial_flow_belief_memory_h30,30,final_heldout,5,r10_l7_full_domain_randomisation_arena_wide_training,r10_l7_full_domain_randomisation_arena_wide_training,r10_super_light_cluster_spatial_flow_belief_memory_h30_final_0005,5,inflight_boundary_near,boundary_near,energy_retaining_bank,primvar_energy_retaining_bank_transition_object_59f915f98b46,baseline_and_memory_winner_match,True,primvar_energy_retaining_bank_transition_object_59f915f98b46,primvar_energy_retaining_bank_transition_object_59f915f98b46,0.0,0.0,0.03,0.0,1.0,6.37256797495489e-05,6.37256797495489e-05,0.0,0.0,0.0358728723354882,0.9641271276645116,0.0192825425532902,0.0,0.1,0.2,0.0,0.0,0,0,0.9641271276645116,0.9641271276645116,decision_level_baseline_vs_candidate_path_memory_gap_audit,outer_loop_spatial_flow_belief_safe_explore_exploit_memory_v2_2
super_light_cluster,spatial_flow_belief_memory_h30,30,final_heldout,5,r10_l7_full_domain_randomisation_arena_wide_training,r10_l7_full_domain_randomisation_arena_wide_training,r10_super_light_cluster_spatial_flow_belief_memory_h30_final_0005,6,inflight_boundary_near,boundary_near,energy_retaining_bank,primvar_energy_retaining_bank_transition_object_705bc67a6dc1,baseline_and_memory_winner_match,True,primvar_energy_retaining_bank_transition_object_705bc67a6dc1,primvar_energy_retaining_bank_transition_object_705bc67a6dc1,0.0,0.0,0.03,0.0,1.0,-8.101655994963153e-07,-8.101655994963153e-07,0.0,0.0,0.0431221732237726,0.9568778267762272,0.0191375565355245,0.0,0.1,0.2,0.0,0.0,0,0,0.9568778267762272,0.9568778267762272,decision_level_baseline_vs_candidate_path_memory_gap_audit,outer_loop_spatial_flow_belief_safe_explore_exploit_memory_v2_2
super_light_cluster,spatial_flow_belief_memory_h30,30,final_heldout,5,r10_l7_full_domain_randomisation_arena_wide_training,r10_l7_full_domain_randomisation_arena_wide_training,r10_super_light_cluster_spatial_flow_belief_memory_h30_final_0005,7,inflight_boundary_near,boundary_near,energy_retaining_bank,primvar_energy_retaining_bank_transition_object_705bc67a6dc1,baseline_and_memory_winner_match,True,primvar_energy_retaining_bank_transition_object_705bc67a6dc1,primvar_energy_retaining_bank_transition_object_705bc67a6dc1,0.0,0.0,0.03,0.0,1.0,-2.1038651177640588e-05,-2.1038651177640588e-05,0.0,0.0,0.0334935691636361,0.966506430836364,0.0193301286167272,0.0,0.1,0.2,0.0,0.0,0,0,0.966506430836364,0.966506430836364,decision_level_baseline_vs_candidate_path_memory_gap_audit,outer_loop_spatial_flow_belief_safe_explore_exploit_memory_v2_2
super_light_cluster,spatial_flow_belief_memory_h30,30,final_heldout,5,r10_l7_full_domain_randomisation_arena_wide_training,r10_l7_full_domain_randomisation_arena_wide_training,r10_super_light_cluster_spatial_flow_belief_memory_h30_final_0005,8,inflight_boundary_near,boundary_near,energy_retaining_bank,primvar_energy_retaining_bank_transition_object_705bc67a6dc1,baseline_and_memory_winner_match,True,primvar_energy_retaining_bank_transition_object_705bc67a6dc1,primvar_energy_retaining_bank_transition_object_705bc67a6dc1,0.0,0.0,0.03,0.0,1.0,-4.6229223860772e-05,-4.6229223860772e-05,0.0,0.0,0.0359479431020755,0.9640520568979244,0.0192810411379584,0.0,0.1,0.2,0.0,0.0,0,0,0.9640520568979244,0.9640520568979244,decision_level_baseline_vs_candidate_path_memory_gap_audit,outer_loop_spatial_flow_belief_safe_explore_exploit_memory_v2_2
super_light_cluster,spatial_flow_belief_memory_h30,30,final_heldout,1,r10_l7_full_domain_randomisation_arena_wide_training,r10_l7_full_domain_randomisation_arena_wide_training,r10_super_light_cluster_spatial_flow_belief_memory_h30_final_0001,0,launch_gate,launch_gate,mild_turn_left,primvar_mild_turn_left_transition_object_dab2e653a49b,baseline_and_memory_winner_match,True,primvar_mild_turn_left_transition_object_dab2e653a49b,primvar_mild_turn_left_transition_object_dab2e653a49b,0.0,0.0,0.03,0.0,1.0,3.1318440380068147e-05,3.1318440380068147e-05,0.0,0.0,0.0327569224243272,0.5776259811547428,0.0115525196230948,0.0,0.1,0.2,0.0,0.0,7,0,0.9672430775756728,0.5776259811547428,decision_level_baseline_vs_candidate_path_memory_gap_audit,outer_loop_spatial_flow_belief_safe_explore_exploit_memory_v2_2
super_light_cluster,spatial_flow_belief_memory_h30,30,final_heldout,1,r10_l7_full_domain_randomisation_arena_wide_training,r10_l7_full_domain_randomisation_arena_wide_training,r10_super_light_cluster_spatial_flow_belief_memory_h30_final_0001,1,inflight_nominal,inflight_stable,lift_entry,primvar_lift_entry_transition_object_a65393bbc7f9,baseline_and_memory_winner_match,True,primvar_lift_entry_transition_object_a65393bbc7f9,primvar_lift_entry_transition_object_a65393bbc7f9,0.0,0.0,0.03,0.0,1.0,8.81732881432562e-05,8.81732881432562e-05,0.0,0.0,0.0801153526487967,0.5403320956754895,0.0108066419135097,0.0,0.1,0.2,0.0,0.0,7,0,0.9198846473512032,0.5403320956754895,decision_level_baseline_vs_candidate_path_memory_gap_audit,outer_loop_spatial_flow_belief_safe_explore_exploit_memory_v2_2
super_light_cluster,spatial_flow_belief_memory_h30,30,final_heldout,1,r10_l7_full_domain_randomisation_arena_wide_training,r10_l7_full_domain_randomisation_arena_wide_training,r10_super_light_cluster_spatial_flow_belief_memory_h30_final_0001,2,inflight_recovery_edge,recoverable_degraded,safe_exit_or_recovery_handoff,primvar_safe_exit_or_recovery_handoff_transition_object_eb5ec1f84c14,baseline_and_memory_winner_match,True,primvar_safe_exit_or_recovery_handoff_transition_object_eb5ec1f84c14,primvar_safe_exit_or_recovery_handoff_transition_object_eb5ec1f84c14,0.0,0.0,0.03,0.0,1.0,-1.0792813963544924e-05,-1.0792813963544924e-05,0.0,0.0,0.0800000000001408,0.5680047697008211,0.0113600953940164,0.0,0.1,0.2,0.0,0.0,7,0,0.9199999999998592,0.5680047697008211,decision_level_baseline_vs_candidate_path_memory_gap_audit,outer_loop_spatial_flow_belief_safe_explore_exploit_memory_v2_2
super_light_cluster,spatial_flow_belief_memory_h30,30,final_heldout,1,r10_l7_full_domain_randomisation_arena_wide_training,r10_l7_full_domain_randomisation_arena_wide_training,r10_super_light_cluster_spatial_flow_belief_memory_h30_final_0001,3,inflight_nominal,inflight_stable,lift_entry,primvar_lift_entry_transition_object_a65393bbc7f9,baseline_and_memory_winner_match,True,primvar_lift_entry_transition_object_a65393bbc7f9,primvar_lift_entry_transition_object_a65393bbc7f9,0.0,0.0,0.03,0.0,1.0,-9.172034647253469e-05,-9.172034647253469e-05,0.0,0.0,0.0758980402670762,0.6153760863404789,0.0123075217268095,0.0,0.1,0.2,0.0,0.0,7,0,0.9241019597329238,0.6153760863404789,decision_level_baseline_vs_candidate_path_memory_gap_audit,outer_loop_spatial_flow_belief_safe_explore_exploit_memory_v2_2
super_light_cluster,spatial_flow_belief_memory_h30,30,final_heldout,1,r10_l7_full_domain_randomisation_arena_wide_training,r10_l7_full_domain_randomisation_arena_wide_training,r10_super_light_cluster_spatial_flow_belief_memory_h30_final_0001,4,inflight_recovery_edge,recoverable_degraded,safe_exit_or_recovery_handoff,primvar_safe_exit_or_recovery_handoff_transition_object_89fe6c2843f5,baseline_and_memory_winner_match,True,primvar_safe_exit_or_recovery_handoff_transition_object_89fe6c2843f5,primvar_safe_exit_or_recovery_handoff_transition_object_89fe6c2843f5,0.0,0.0,0.03,0.0,1.0,-0.0001486398458193,-0.0001486398458193,0.0,0.0,0.0340102565707578,0.7450049598348509,0.014900099196697,0.0,0.1,0.2,0.0,0.0,7,0,0.9659897434292422,0.7450049598348509,decision_level_baseline_vs_candidate_path_memory_gap_audit,outer_loop_spatial_flow_belief_safe_explore_exploit_memory_v2_2
super_light_cluster,spatial_flow_belief_memory_h30,30,final_heldout,1,r10_l7_full_domain_randomisation_arena_wide_training,r10_l7_full_domain_randomisation_arena_wide_training,r10_super_light_cluster_spatial_flow_belief_memory_h30_final_0001,5,inflight_recovery_edge,recoverable_degraded,safe_exit_or_recovery_handoff,primvar_safe_exit_or_recovery_handoff_transition_object_89fe6c2843f5,baseline_and_memory_winner_match,True,primvar_safe_exit_or_recovery_handoff_transition_object_89fe6c2843f5,primvar_safe_exit_or_recovery_handoff_transition_object_89fe6c2843f5,0.0,0.0,0.03,0.0,1.0,-0.0002086711406789,-0.0002086711406789,0.0,0.0,0.0387767594245959,0.8194200086619996,0.0163884001732399,0.0,0.1,0.2,5.394017856016365e-09,1.2852571346948126e-06,5,2,0.961223240575404,0.8194200086619996,decision_level_baseline_vs_candidate_path_memory_gap_audit,outer_loop_spatial_flow_belief_safe_explore_exploit_memory_v2_2
super_light_cluster,spatial_flow_belief_memory_h30,30,final_heldout,1,r10_l7_full_domain_randomisation_arena_wide_training,r10_l7_full_domain_randomisation_arena_wide_training,r10_super_light_cluster_spatial_flow_belief_memory_h30_final_0001,6,inflight_recovery_edge,recoverable_degraded,safe_exit_or_recovery_handoff,primvar_safe_exit_or_recovery_handoff_transition_object_89fe6c2843f5,baseline_and_memory_winner_match,True,primvar_safe_exit_or_recovery_handoff_transition_object_89fe6c2843f5,primvar_safe_exit_or_recovery_handoff_transition_object_89fe6c2843f5,0.0,0.0,0.03,0.0,1.0,-0.000217591475861,-0.000217591475861,0.0,0.0,0.0432475362543019,0.9208957934940504,0.018417915869881,0.0,0.1,0.2,0.0,0.0,0,0,0.956752463745698,0.9208957934940504,decision_level_baseline_vs_candidate_path_memory_gap_audit,outer_loop_spatial_flow_belief_safe_explore_exploit_memory_v2_2
super_light_cluster,spatial_flow_belief_memory_h30,30,final_heldout,1,r10_l7_full_domain_randomisation_arena_wide_training,r10_l7_full_domain_randomisation_arena_wide_training,r10_super_light_cluster_spatial_flow_belief_memory_h30_final_0001,7,inflight_boundary_near,boundary_near,energy_retaining_bank,primvar_energy_retaining_bank_transition_object_f378f7a74cce,rejected_exploration_cross_family_without_memory_confidence,False,primvar_energy_retaining_bank_transition_object_f378f7a74cce,primvar_glide_transition_object_fec7ab78d51c,2.220446049250313e-16,0.0,0.03,0.0,1.0,-0.0001271724972011,-0.0001271724972011,0.0,0.0,0.027393984682633,0.972606015317367,0.0194521203063473,0.0,0.1,0.2,0.0,0.0,0,0,0.9726060153173548,0.9726060153173548,decision_level_baseline_vs_candidate_path_memory_gap_audit,outer_loop_spatial_flow_belief_safe_explore_exploit_memory_v2_2
super_light_cluster,spatial_flow_belief_memory_h30,30,final_heldout,1,r10_l7_full_domain_randomisation_arena_wide_training,r10_l7_full_domain_randomisation_arena_wide_training,r10_super_light_cluster_spatial_flow_belief_memory_h30_final_0001,8,inflight_boundary_near,boundary_near,mild_turn_left,primvar_mild_turn_left_transition_object_dce8f75ea53c,baseline_and_memory_winner_match,True,primvar_mild_turn_left_transition_object_dce8f75ea53c,primvar_mild_turn_left_transition_object_dce8f75ea53c,0.0,0.0,0.03,0.0,1.0,-7.997773919332651e-05,-7.997773919332651e-05,0.0,0.0,0.0394804207088439,0.960519579291156,0.0192103915858231,0.0,0.1,0.2,0.0,0.0,0,0,0.960519579291156,0.960519579291156,decision_level_baseline_vs_candidate_path_memory_gap_audit,outer_loop_spatial_flow_belief_safe_explore_exploit_memory_v2_2
super_light_cluster,spatial_flow_belief_memory_h30,30,final_heldout,1,r10_l7_full_domain_randomisation_arena_wide_training,r10_l7_full_domain_randomisation_arena_wide_training,r10_super_light_cluster_spatial_flow_belief_memory_h30_final_0001,9,inflight_boundary_near,boundary_near,mild_turn_left,primvar_mild_turn_left_transition_object_dce8f75ea53c,baseline_and_memory_winner_match,True,primvar_mild_turn_left_transition_object_dce8f75ea53c,primvar_mild_turn_left_transition_object_dce8f75ea53c,0.0,0.0,0.03,0.0,1.0,-2.492493163686049e-05,-2.492493163686049e-05,0.0,0.0,0.0299600380865076,0.9700399619134924,0.0194007992382698,0.0,0.1,0.2,0.0,0.0,0,0,0.9700399619134924,0.9700399619134924,decision_level_baseline_vs_candidate_path_memory_gap_audit,outer_loop_spatial_flow_belief_safe_explore_exploit_memory_v2_2
super_light_cluster,spatial_flow_belief_memory_h30,30,final_heldout,1,r10_l7_full_domain_randomisation_arena_wide_training,r10_l7_full_domain_randomisation_arena_wide_training,r10_super_light_cluster_spatial_flow_belief_memory_h30_final_0001,10,inflight_boundary_near,boundary_near,mild_turn_left,primvar_mild_turn_left_transition_object_dce8f75ea53c,baseline_and_memory_winner_match,True,primvar_mild_turn_left_transition_object_dce8f75ea53c,primvar_mild_turn_left_transition_object_dce8f75ea53c,0.0,0.0,0.03,0.0,1.0,6.877599105514776e-05,6.877599105514776e-05,0.0,0.0,0.0363466137960408,0.9636533862039592,0.0192730677240791,0.0,0.1,0.2,0.0,0.0,0,0,0.9636533862039592,0.9636533862039592,decision_level_baseline_vs_candidate_path_memory_gap_audit,outer_loop_spatial_flow_belief_safe_explore_exploit_memory_v2_2
super_light_cluster,spatial_flow_belief_memory_h30,30,final_heldout,1,r10_l7_full_domain_randomisation_arena_wide_training,r10_l7_full_domain_randomisation_arena_wide_training,r10_super_light_cluster_spatial_flow_belief_memory_h30_final_0001,11,inflight_boundary_near,boundary_near,mild_turn_left,primvar_mild_turn_left_transition_object_dce8f75ea53c,baseline_and_memory_winner_match,True,primvar_mild_turn_left_transition_object_dce8f75ea53c,primvar_mild_turn_left_transition_object_dce8f75ea53c,0.0,0.0,0.03,0.0,1.0,9.052918892082928e-05,9.052918892082928e-05,0.0,0.0,0.0325659985076259,0.967434001492374,0.0193486800298474,0.0,0.1,0.2,0.0,0.0,0,0,0.967434001492374,0.967434001492374,decision_level_baseline_vs_candidate_path_memory_gap_audit,outer_loop_spatial_flow_belief_safe_explore_exploit_memory_v2_2
no_cluster_no_merge,no_memory_baseline,0,final_heldout,0,r10_l7_full_domain_randomisation_arena_wide_training,r10_l7_full_domain_randomisation_arena_wide_training,r10_no_cluster_no_merge_no_memory_baseline_final_0000,0,launch_gate,launch_gate,lift_dwell_arc,primvar_lift_dwell_arc_transition_object_4467119e2d78,not_active_no_candidate_path_memory,True,primvar_lift_dwell_arc_transition_object_4467119e2d78,primvar_lift_dwell_arc_transition_object_4467119e2d78,0.0,0.0,0.03,0.0,0.0,0.0,0.0,0.0,0.0,0.0,0.7065628460000156,0.0,0.0,0.1,0.2,0.0,0.0,0,0,1.0,0.7065628460000156,decision_level_baseline_vs_candidate_path_memory_gap_audit,outer_loop_spatial_flow_belief_safe_explore_exploit_memory_v2_2
no_cluster_no_merge,no_memory_baseline,0,final_heldout,0,r10_l7_full_domain_randomisation_arena_wide_training,r10_l7_full_domain_randomisation_arena_wide_training,r10_no_cluster_no_merge_no_memory_baseline_final_0000,1,inflight_boundary_near,boundary_near,lift_dwell_arc,primvar_lift_dwell_arc_transition_object_cd89af02a2de,not_active_no_candidate_path_memory,True,primvar_lift_dwell_arc_transition_object_cd89af02a2de,primvar_lift_dwell_arc_transition_object_cd89af02a2de,0.0,0.0,0.03,0.0,0.0,0.0,0.0,0.0,0.0,0.0,0.7654284310952739,0.0,0.0,0.1,0.2,0.0,0.0,0,0,1.0,0.7654284310952739,decision_level_baseline_vs_candidate_path_memory_gap_audit,outer_loop_spatial_flow_belief_safe_explore_exploit_memory_v2_2
no_cluster_no_merge,no_memory_baseline,0,final_heldout,0,r10_l7_full_domain_randomisation_arena_wide_training,r10_l7_full_domain_randomisation_arena_wide_training,r10_no_cluster_no_merge_no_memory_baseline_final_0000,2,inflight_boundary_near,boundary_near,lift_dwell_arc,primvar_lift_dwell_arc_transition_object_cd89af02a2de,not_active_no_candidate_path_memory,True,primvar_lift_dwell_arc_transition_object_cd89af02a2de,primvar_lift_dwell_arc_transition_object_cd89af02a2de,0.0,0.0,0.03,0.0,0.0,0.0,0.0,0.0,0.0,0.0,0.8413753654264335,0.0,0.0,0.1,0.2,0.0,0.0,0,0,1.0,0.8413753654264335,decision_level_baseline_vs_candidate_path_memory_gap_audit,outer_loop_spatial_flow_belief_safe_explore_exploit_memory_v2_2
no_cluster_no_merge,no_memory_baseline,0,final_heldout,0,r10_l7_full_domain_randomisation_arena_wide_training,r10_l7_full_domain_randomisation_arena_wide_training,r10_no_cluster_no_merge_no_memory_baseline_final_0000,3,inflight_boundary_near,boundary_near,lift_dwell_arc,primvar_lift_dwell_arc_transition_object_cd89af02a2de,not_active_no_candidate_path_memory,True,primvar_lift_dwell_arc_transition_object_cd89af02a2de,primvar_lift_dwell_arc_transition_object_cd89af02a2de,0.0,0.0,0.03,0.0,0.0,0.0,0.0,0.0,0.0,0.0,0.9469146936202312,0.0,0.0,0.1,0.2,0.0,0.0,0,0,1.0,0.9469146936202312,decision_level_baseline_vs_candidate_path_memory_gap_audit,outer_loop_spatial_flow_belief_safe_explore_exploit_memory_v2_2
no_cluster_no_merge,no_memory_baseline,0,final_heldout,0,r10_l7_full_domain_randomisation_arena_wide_training,r10_l7_full_domain_randomisation_arena_wide_training,r10_no_cluster_no_merge_no_memory_baseline_final_0000,4,inflight_boundary_near,boundary_near,energy_retaining_bank,primvar_energy_retaining_bank_transition_object_3a8f96df7926,not_active_no_candidate_path_memory,True,primvar_energy_retaining_bank_transition_object_3a8f96df7926,primvar_energy_retaining_bank_transition_object_3a8f96df7926,0.0,0.0,0.03,0.0,0.0,0.0,0.0,0.0,0.0,0.0,1.0,0.0,0.0,0.1,0.2,0.0,0.0,0,0,1.0,1.0,decision_level_baseline_vs_candidate_path_memory_gap_audit,outer_loop_spatial_flow_belief_safe_explore_exploit_memory_v2_2
no_cluster_no_merge,no_memory_baseline,0,final_heldout,0,r10_l7_full_domain_randomisation_arena_wide_training,r10_l7_full_domain_randomisation_arena_wide_training,r10_no_cluster_no_merge_no_memory_baseline_final_0000,5,inflight_boundary_near,boundary_near,energy_retaining_bank,primvar_energy_retaining_bank_transition_object_3a8f96df7926,not_active_no_candidate_path_memory,True,primvar_energy_retaining_bank_transition_object_3a8f96df7926,primvar_energy_retaining_bank_transition_object_3a8f96df7926,0.0,0.0,0.03,0.0,0.0,0.0,0.0,0.0,0.0,0.0,1.0,0.0,0.0,0.1,0.2,0.0,0.0,0,0,1.0,1.0,decision_level_baseline_vs_candidate_path_memory_gap_audit,outer_loop_spatial_flow_belief_safe_explore_exploit_memory_v2_2
no_cluster_no_merge,no_memory_baseline,0,final_heldout,0,r10_l7_full_domain_randomisation_arena_wide_training,r10_l7_full_domain_randomisation_arena_wide_training,r10_no_cluster_no_merge_no_memory_baseline_final_0000,6,inflight_boundary_near,boundary_near,energy_retaining_bank,primvar_energy_retaining_bank_transition_object_3a8f96df7926,not_active_no_candidate_path_memory,True,primvar_energy_retaining_bank_transition_object_3a8f96df7926,primvar_energy_retaining_bank_transition_object_3a8f96df7926,0.0,0.0,0.03,0.0,0.0,0.0,0.0,0.0,0.0,0.0,1.0,0.0,0.0,0.1,0.2,0.0,0.0,0,0,1.0,1.0,decision_level_baseline_vs_candidate_path_memory_gap_audit,outer_loop_spatial_flow_belief_safe_explore_exploit_memory_v2_2
no_cluster_no_merge,no_memory_baseline,0,final_heldout,0,r10_l7_full_domain_randomisation_arena_wide_training,r10_l7_full_domain_randomisation_arena_wide_training,r10_no_cluster_no_merge_no_memory_baseline_final_0000,7,inflight_boundary_near,boundary_near,energy_retaining_bank,primvar_energy_retaining_bank_transition_object_3a8f96df7926,not_active_no_candidate_path_memory,True,primvar_energy_retaining_bank_transition_object_3a8f96df7926,primvar_energy_retaining_bank_transition_object_3a8f96df7926,0.0,0.0,0.03,0.0,0.0,0.0,0.0,0.0,0.0,0.0,1.0,0.0,0.0,0.1,0.2,0.0,0.0,0,0,1.0,1.0,decision_level_baseline_vs_candidate_path_memory_gap_audit,outer_loop_spatial_flow_belief_safe_explore_exploit_memory_v2_2
no_cluster_no_merge,no_memory_baseline,0,final_heldout,0,r10_l7_full_domain_randomisation_arena_wide_training,r10_l7_full_domain_randomisation_arena_wide_training,r10_no_cluster_no_merge_no_memory_baseline_final_0000,8,inflight_boundary_near,boundary_near,energy_retaining_bank,primvar_energy_retaining_bank_transition_object_3a8f96df7926,not_active_no_candidate_path_memory,True,primvar_energy_retaining_bank_transition_object_3a8f96df7926,primvar_energy_retaining_bank_transition_object_3a8f96df7926,0.0,0.0,0.03,0.0,0.0,0.0,0.0,0.0,0.0,0.0,1.0,0.0,0.0,0.1,0.2,0.0,0.0,0,0,1.0,1.0,decision_level_baseline_vs_candidate_path_memory_gap_audit,outer_loop_spatial_flow_belief_safe_explore_exploit_memory_v2_2
no_cluster_no_merge,no_memory_baseline,0,final_heldout,1,r10_l7_full_domain_randomisation_arena_wide_training,r10_l7_full_domain_randomisation_arena_wide_training,r10_no_cluster_no_merge_no_memory_baseline_final_0001,0,launch_gate,launch_gate,mild_turn_left,primvar_mild_turn_left_transition_object_dab2e653a49b,not_active_no_candidate_path_memory,True,primvar_mild_turn_left_transition_object_dab2e653a49b,primvar_mild_turn_left_transition_object_dab2e653a49b,0.0,0.0,0.03,0.0,0.0,0.0,0.0,0.0,0.0,0.0,0.5971880228933993,0.0,0.0,0.1,0.2,0.0,0.0,0,0,1.0,0.5971880228933993,decision_level_baseline_vs_candidate_path_memory_gap_audit,outer_loop_spatial_flow_belief_safe_explore_exploit_memory_v2_2
no_cluster_no_merge,no_memory_baseline,0,final_heldout,1,r10_l7_full_domain_randomisation_arena_wide_training,r10_l7_full_domain_randomisation_arena_wide_training,r10_no_cluster_no_merge_no_memory_baseline_final_0001,1,inflight_nominal,inflight_stable,lift_entry,primvar_lift_entry_transition_object_a65393bbc7f9,not_active_no_candidate_path_memory,True,primvar_lift_entry_transition_object_a65393bbc7f9,primvar_lift_entry_transition_object_a65393bbc7f9,0.0,0.0,0.03,0.0,0.0,0.0,0.0,0.0,0.0,0.0,0.5873911443476845,0.0,0.0,0.1,0.2,0.0,0.0,0,0,1.0,0.5873911443476845,decision_level_baseline_vs_candidate_path_memory_gap_audit,outer_loop_spatial_flow_belief_safe_explore_exploit_memory_v2_2
no_cluster_no_merge,no_memory_baseline,0,final_heldout,1,r10_l7_full_domain_randomisation_arena_wide_training,r10_l7_full_domain_randomisation_arena_wide_training,r10_no_cluster_no_merge_no_memory_baseline_final_0001,2,inflight_recovery_edge,recoverable_degraded,safe_exit_or_recovery_handoff,primvar_safe_exit_or_recovery_handoff_transition_object_eb5ec1f84c14,not_active_no_candidate_path_memory,True,primvar_safe_exit_or_recovery_handoff_transition_object_eb5ec1f84c14,primvar_safe_exit_or_recovery_handoff_transition_object_eb5ec1f84c14,0.0,0.0,0.03,0.0,0.0,0.0,0.0,0.0,0.0,0.0,0.6173964888053349,0.0,0.0,0.1,0.2,0.0,0.0,0,0,1.0,0.6173964888053349,decision_level_baseline_vs_candidate_path_memory_gap_audit,outer_loop_spatial_flow_belief_safe_explore_exploit_memory_v2_2
no_cluster_no_merge,no_memory_baseline,0,final_heldout,1,r10_l7_full_domain_randomisation_arena_wide_training,r10_l7_full_domain_randomisation_arena_wide_training,r10_no_cluster_no_merge_no_memory_baseline_final_0001,3,inflight_nominal,inflight_stable,lift_entry,primvar_lift_entry_transition_object_a65393bbc7f9,not_active_no_candidate_path_memory,True,primvar_lift_entry_transition_object_a65393bbc7f9,primvar_lift_entry_transition_object_a65393bbc7f9,0.0,0.0,0.03,0.0,0.0,0.0,0.0,0.0,0.0,0.0,0.6659179540300183,0.0,0.0,0.1,0.2,0.0,0.0,0,0,1.0,0.6659179540300183,decision_level_baseline_vs_candidate_path_memory_gap_audit,outer_loop_spatial_flow_belief_safe_explore_exploit_memory_v2_2
no_cluster_no_merge,no_memory_baseline,0,final_heldout,1,r10_l7_full_domain_randomisation_arena_wide_training,r10_l7_full_domain_randomisation_arena_wide_training,r10_no_cluster_no_merge_no_memory_baseline_final_0001,4,inflight_recovery_edge,recoverable_degraded,safe_exit_or_recovery_handoff,primvar_safe_exit_or_recovery_handoff_transition_object_89fe6c2843f5,not_active_no_candidate_path_memory,True,primvar_safe_exit_or_recovery_handoff_transition_object_89fe6c2843f5,primvar_safe_exit_or_recovery_handoff_transition_object_89fe6c2843f5,0.0,0.0,0.03,0.0,0.0,0.0,0.0,0.0,0.0,0.0,0.771234855134279,0.0,0.0,0.1,0.2,0.0,0.0,0,0,1.0,0.771234855134279,decision_level_baseline_vs_candidate_path_memory_gap_audit,outer_loop_spatial_flow_belief_safe_explore_exploit_memory_v2_2
no_cluster_no_merge,no_memory_baseline,0,final_heldout,1,r10_l7_full_domain_randomisation_arena_wide_training,r10_l7_full_domain_randomisation_arena_wide_training,r10_no_cluster_no_merge_no_memory_baseline_final_0001,5,inflight_recovery_edge,recoverable_degraded,safe_exit_or_recovery_handoff,primvar_safe_exit_or_recovery_handoff_transition_object_89fe6c2843f5,not_active_no_candidate_path_memory,True,primvar_safe_exit_or_recovery_handoff_transition_object_89fe6c2843f5,primvar_safe_exit_or_recovery_handoff_transition_object_89fe6c2843f5,0.0,0.0,0.03,0.0,0.0,0.0,0.0,0.0,0.0,0.0,0.8524762761369371,0.0,0.0,0.1,0.2,0.0,0.0,0,0,1.0,0.8524762761369371,decision_level_baseline_vs_candidate_path_memory_gap_audit,outer_loop_spatial_flow_belief_safe_explore_exploit_memory_v2_2
no_cluster_no_merge,no_memory_baseline,0,final_heldout,1,r10_l7_full_domain_randomisation_arena_wide_training,r10_l7_full_domain_randomisation_arena_wide_training,r10_no_cluster_no_merge_no_memory_baseline_final_0001,6,inflight_recovery_edge,recoverable_degraded,safe_exit_or_recovery_handoff,primvar_safe_exit_or_recovery_handoff_transition_object_89fe6c2843f5,not_active_no_candidate_path_memory,True,primvar_safe_exit_or_recovery_handoff_transition_object_89fe6c2843f5,primvar_safe_exit_or_recovery_handoff_transition_object_89fe6c2843f5,0.0,0.0,0.03,0.0,0.0,0.0,0.0,0.0,0.0,0.0,0.9625225211218498,0.0,0.0,0.1,0.2,0.0,0.0,0,0,1.0,0.9625225211218498,decision_level_baseline_vs_candidate_path_memory_gap_audit,outer_loop_spatial_flow_belief_safe_explore_exploit_memory_v2_2
no_cluster_no_merge,no_memory_baseline,0,final_heldout,1,r10_l7_full_domain_randomisation_arena_wide_training,r10_l7_full_domain_randomisation_arena_wide_training,r10_no_cluster_no_merge_no_memory_baseline_final_0001,7,inflight_boundary_near,boundary_near,energy_retaining_bank,primvar_energy_retaining_bank_transition_object_0ab2bd05d6db,not_active_no_candidate_path_memory,True,primvar_energy_retaining_bank_transition_object_0ab2bd05d6db,primvar_energy_retaining_bank_transition_object_0ab2bd05d6db,0.0,0.0,0.03,0.0,0.0,0.0,0.0,0.0,0.0,0.0,1.0,0.0,0.0,0.1,0.2,0.0,0.0,0,0,1.0,1.0,decision_level_baseline_vs_candidate_path_memory_gap_audit,outer_loop_spatial_flow_belief_safe_explore_exploit_memory_v2_2
no_cluster_no_merge,no_memory_baseline,0,final_heldout,1,r10_l7_full_domain_randomisation_arena_wide_training,r10_l7_full_domain_randomisation_arena_wide_training,r10_no_cluster_no_merge_no_memory_baseline_final_0001,8,inflight_boundary_near,boundary_near,mild_turn_left,primvar_mild_turn_left_transition_object_dce8f75ea53c,not_active_no_candidate_path_memory,True,primvar_mild_turn_left_transition_object_dce8f75ea53c,primvar_mild_turn_left_transition_object_dce8f75ea53c,0.0,0.0,0.03,0.0,0.0,0.0,0.0,0.0,0.0,0.0,1.0,0.0,0.0,0.1,0.2,0.0,0.0,0,0,1.0,1.0,decision_level_baseline_vs_candidate_path_memory_gap_audit,outer_loop_spatial_flow_belief_safe_explore_exploit_memory_v2_2
no_cluster_no_merge,no_memory_baseline,0,final_heldout,1,r10_l7_full_domain_randomisation_arena_wide_training,r10_l7_full_domain_randomisation_arena_wide_training,r10_no_cluster_no_merge_no_memory_baseline_final_0001,9,inflight_boundary_near,boundary_near,mild_turn_left,primvar_mild_turn_left_transition_object_dce8f75ea53c,not_active_no_candidate_path_memory,True,primvar_mild_turn_left_transition_object_dce8f75ea53c,primvar_mild_turn_left_transition_object_dce8f75ea53c,0.0,0.0,0.03,0.0,0.0,0.0,0.0,0.0,0.0,0.0,1.0,0.0,0.0,0.1,0.2,0.0,0.0,0,0,1.0,1.0,decision_level_baseline_vs_candidate_path_memory_gap_audit,outer_loop_spatial_flow_belief_safe_explore_exploit_memory_v2_2
no_cluster_no_merge,no_memory_baseline,0,final_heldout,1,r10_l7_full_domain_randomisation_arena_wide_training,r10_l7_full_domain_randomisation_arena_wide_training,r10_no_cluster_no_merge_no_memory_baseline_final_0001,10,inflight_boundary_near,boundary_near,mild_turn_left,primvar_mild_turn_left_transition_object_dce8f75ea53c,not_active_no_candidate_path_memory,True,primvar_mild_turn_left_transition_object_dce8f75ea53c,primvar_mild_turn_left_transition_object_dce8f75ea53c,0.0,0.0,0.03,0.0,0.0,0.0,0.0,0.0,0.0,0.0,1.0,0.0,0.0,0.1,0.2,0.0,0.0,0,0,1.0,1.0,decision_level_baseline_vs_candidate_path_memory_gap_audit,outer_loop_spatial_flow_belief_safe_explore_exploit_memory_v2_2
no_cluster_no_merge,no_memory_baseline,0,final_heldout,1,r10_l7_full_domain_randomisation_arena_wide_training,r10_l7_full_domain_randomisation_arena_wide_training,r10_no_cluster_no_merge_no_memory_baseline_final_0001,11,inflight_boundary_near,boundary_near,mild_turn_left,primvar_mild_turn_left_transition_object_dce8f75ea53c,not_active_no_candidate_path_memory,True,primvar_mild_turn_left_transition_object_dce8f75ea53c,primvar_mild_turn_left_transition_object_dce8f75ea53c,0.0,0.0,0.03,0.0,0.0,0.0,0.0,0.0,0.0,0.0,1.0,0.0,0.0,0.1,0.2,0.0,0.0,0,0,1.0,1.0,decision_level_baseline_vs_candidate_path_memory_gap_audit,outer_loop_spatial_flow_belief_safe_explore_exploit_memory_v2_2
no_cluster_no_merge,no_memory_baseline,0,final_heldout,2,r10_l7_full_domain_randomisation_arena_wide_training,r10_l7_full_domain_randomisation_arena_wide_training,r10_no_cluster_no_merge_no_memory_baseline_final_0002,0,launch_gate,launch_gate,mild_turn_left,primvar_mild_turn_left_transition_object_81d80c74f9e0,not_active_no_candidate_path_memory,True,primvar_mild_turn_left_transition_object_81d80c74f9e0,primvar_mild_turn_left_transition_object_81d80c74f9e0,0.0,0.0,0.03,0.0,0.0,0.0,0.0,0.0,0.0,0.0,0.6304909788882473,0.0,0.0,0.1,0.2,0.0,0.0,0,0,1.0,0.6304909788882473,decision_level_baseline_vs_candidate_path_memory_gap_audit,outer_loop_spatial_flow_belief_safe_explore_exploit_memory_v2_2
no_cluster_no_merge,no_memory_baseline,0,final_heldout,2,r10_l7_full_domain_randomisation_arena_wide_training,r10_l7_full_domain_randomisation_arena_wide_training,r10_no_cluster_no_merge_no_memory_baseline_final_0002,1,inflight_nominal,inflight_stable,mild_turn_left,primvar_mild_turn_left_transition_object_c0027154e9bd,not_active_no_candidate_path_memory,True,primvar_mild_turn_left_transition_object_c0027154e9bd,primvar_mild_turn_left_transition_object_c0027154e9bd,0.0,0.0,0.03,0.0,0.0,0.0,0.0,0.0,0.0,0.0,0.6696934494082746,0.0,0.0,0.1,0.2,0.0,0.0,0,0,1.0,0.6696934494082746,decision_level_baseline_vs_candidate_path_memory_gap_audit,outer_loop_spatial_flow_belief_safe_explore_exploit_memory_v2_2
no_cluster_no_merge,no_memory_baseline,0,final_heldout,2,r10_l7_full_domain_randomisation_arena_wide_training,r10_l7_full_domain_randomisation_arena_wide_training,r10_no_cluster_no_merge_no_memory_baseline_final_0002,2,inflight_recovery_edge,recoverable_degraded,safe_exit_or_recovery_handoff,primvar_safe_exit_or_recovery_handoff_transition_object_89fe6c2843f5,not_active_no_candidate_path_memory,True,primvar_safe_exit_or_recovery_handoff_transition_object_89fe6c2843f5,primvar_safe_exit_or_recovery_handoff_transition_object_89fe6c2843f5,0.0,0.0,0.03,0.0,0.0,0.0,0.0,0.0,0.0,0.0,0.6687902803104292,0.0,0.0,0.1,0.2,0.0,0.0,0,0,1.0,0.6687902803104292,decision_level_baseline_vs_candidate_path_memory_gap_audit,outer_loop_spatial_flow_belief_safe_explore_exploit_memory_v2_2
no_cluster_no_merge,no_memory_baseline,0,final_heldout,2,r10_l7_full_domain_randomisation_arena_wide_training,r10_l7_full_domain_randomisation_arena_wide_training,r10_no_cluster_no_merge_no_memory_baseline_final_0002,3,inflight_recovery_edge,recoverable_degraded,safe_exit_or_recovery_handoff,primvar_safe_exit_or_recovery_handoff_transition_object_89fe6c2843f5,not_active_no_candidate_path_memory,True,primvar_safe_exit_or_recovery_handoff_transition_object_89fe6c2843f5,primvar_safe_exit_or_recovery_handoff_transition_object_89fe6c2843f5,0.0,0.0,0.03,0.0,0.0,0.0,0.0,0.0,0.0,0.0,0.7266776481811564,0.0,0.0,0.1,0.2,0.0,0.0,0,0,1.0,0.7266776481811564,decision_level_baseline_vs_candidate_path_memory_gap_audit,outer_loop_spatial_flow_belief_safe_explore_exploit_memory_v2_2
no_cluster_no_merge,no_memory_baseline,0,final_heldout,2,r10_l7_full_domain_randomisation_arena_wide_training,r10_l7_full_domain_randomisation_arena_wide_training,r10_no_cluster_no_merge_no_memory_baseline_final_0002,4,inflight_recovery_edge,recoverable_degraded,safe_exit_or_recovery_handoff,primvar_safe_exit_or_recovery_handoff_transition_object_eb5ec1f84c14,not_active_no_candidate_path_memory,True,primvar_safe_exit_or_recovery_handoff_transition_object_eb5ec1f84c14,primvar_safe_exit_or_recovery_handoff_transition_object_eb5ec1f84c14,0.0,0.0,0.03,0.0,0.0,0.0,0.0,0.0,0.0,0.0,0.7418788374462559,0.0,0.0,0.1,0.2,0.0,0.0,0,0,1.0,0.7418788374462559,decision_level_baseline_vs_candidate_path_memory_gap_audit,outer_loop_spatial_flow_belief_safe_explore_exploit_memory_v2_2
no_cluster_no_merge,no_memory_baseline,0,final_heldout,2,r10_l7_full_domain_randomisation_arena_wide_training,r10_l7_full_domain_randomisation_arena_wide_training,r10_no_cluster_no_merge_no_memory_baseline_final_0002,5,inflight_recovery_edge,recoverable_degraded,safe_exit_or_recovery_handoff,primvar_safe_exit_or_recovery_handoff_transition_object_eb5ec1f84c14,not_active_no_candidate_path_memory,True,primvar_safe_exit_or_recovery_handoff_transition_object_eb5ec1f84c14,primvar_safe_exit_or_recovery_handoff_transition_object_eb5ec1f84c14,0.0,0.0,0.03,0.0,0.0,0.0,0.0,0.0,0.0,0.0,0.8186966601974303,0.0,0.0,0.1,0.2,0.0,0.0,0,0,1.0,0.8186966601974303,decision_level_baseline_vs_candidate_path_memory_gap_audit,outer_loop_spatial_flow_belief_safe_explore_exploit_memory_v2_2
no_cluster_no_merge,no_memory_baseline,0,final_heldout,2,r10_l7_full_domain_randomisation_arena_wide_training,r10_l7_full_domain_randomisation_arena_wide_training,r10_no_cluster_no_merge_no_memory_baseline_final_0002,6,inflight_recovery_edge,recoverable_degraded,safe_exit_or_recovery_handoff,primvar_safe_exit_or_recovery_handoff_transition_object_eb5ec1f84c14,not_active_no_candidate_path_memory,True,primvar_safe_exit_or_recovery_handoff_transition_object_eb5ec1f84c14,primvar_safe_exit_or_recovery_handoff_transition_object_eb5ec1f84c14,0.0,0.0,0.03,0.0,0.0,0.0,0.0,0.0,0.0,0.0,0.9147980639291732,0.0,0.0,0.1,0.2,0.0,0.0,0,0,1.0,0.9147980639291732,decision_level_baseline_vs_candidate_path_memory_gap_audit,outer_loop_spatial_flow_belief_safe_explore_exploit_memory_v2_2
no_cluster_no_merge,no_memory_baseline,0,final_heldout,2,r10_l7_full_domain_randomisation_arena_wide_training,r10_l7_full_domain_randomisation_arena_wide_training,r10_no_cluster_no_merge_no_memory_baseline_final_0002,7,inflight_boundary_near,boundary_near,mild_turn_left,primvar_mild_turn_left_transition_object_dce8f75ea53c,not_active_no_candidate_path_memory,True,primvar_mild_turn_left_transition_object_dce8f75ea53c,primvar_mild_turn_left_transition_object_dce8f75ea53c,0.0,0.0,0.03,0.0,0.0,0.0,0.0,0.0,0.0,0.0,1.0,0.0,0.0,0.1,0.2,0.0,0.0,0,0,1.0,1.0,decision_level_baseline_vs_candidate_path_memory_gap_audit,outer_loop_spatial_flow_belief_safe_explore_exploit_memory_v2_2
no_cluster_no_merge,no_memory_baseline,0,final_heldout,2,r10_l7_full_domain_randomisation_arena_wide_training,r10_l7_full_domain_randomisation_arena_wide_training,r10_no_cluster_no_merge_no_memory_baseline_final_0002,8,inflight_boundary_near,boundary_near,energy_retaining_bank,primvar_energy_retaining_bank_transition_object_f378f7a74cce,not_active_no_candidate_path_memory,True,primvar_energy_retaining_bank_transition_object_f378f7a74cce,primvar_energy_retaining_bank_transition_object_f378f7a74cce,0.0,0.0,0.03,0.0,0.0,0.0,0.0,0.0,0.0,0.0,1.0,0.0,0.0,0.1,0.2,0.0,0.0,0,0,1.0,1.0,decision_level_baseline_vs_candidate_path_memory_gap_audit,outer_loop_spatial_flow_belief_safe_explore_exploit_memory_v2_2
no_cluster_no_merge,no_memory_baseline,0,final_heldout,2,r10_l7_full_domain_randomisation_arena_wide_training,r10_l7_full_domain_randomisation_arena_wide_training,r10_no_cluster_no_merge_no_memory_baseline_final_0002,9,inflight_boundary_near,boundary_near,energy_retaining_bank,primvar_energy_retaining_bank_transition_object_f378f7a74cce,not_active_no_candidate_path_memory,True,primvar_energy_retaining_bank_transition_object_f378f7a74cce,primvar_energy_retaining_bank_transition_object_f378f7a74cce,0.0,0.0,0.03,0.0,0.0,0.0,0.0,0.0,0.0,0.0,1.0,0.0,0.0,0.1,0.2,0.0,0.0,0,0,1.0,1.0,decision_level_baseline_vs_candidate_path_memory_gap_audit,outer_loop_spatial_flow_belief_safe_explore_exploit_memory_v2_2
no_cluster_no_merge,no_memory_baseline,0,final_heldout,2,r10_l7_full_domain_randomisation_arena_wide_training,r10_l7_full_domain_randomisation_arena_wide_training,r10_no_cluster_no_merge_no_memory_baseline_final_0002,10,inflight_boundary_near,boundary_near,energy_retaining_bank,primvar_energy_retaining_bank_transition_object_f378f7a74cce,not_active_no_candidate_path_memory,True,primvar_energy_retaining_bank_transition_object_f378f7a74cce,primvar_energy_retaining_bank_transition_object_f378f7a74cce,0.0,0.0,0.03,0.0,0.0,0.0,0.0,0.0,0.0,0.0,1.0,0.0,0.0,0.1,0.2,0.0,0.0,0,0,1.0,1.0,decision_level_baseline_vs_candidate_path_memory_gap_audit,outer_loop_spatial_flow_belief_safe_explore_exploit_memory_v2_2
no_cluster_no_merge,no_memory_baseline,0,final_heldout,2,r10_l7_full_domain_randomisation_arena_wide_training,r10_l7_full_domain_randomisation_arena_wide_training,r10_no_cluster_no_merge_no_memory_baseline_final_0002,11,inflight_boundary_near,boundary_near,energy_retaining_bank,primvar_energy_retaining_bank_transition_object_f378f7a74cce,not_active_no_candidate_path_memory,True,primvar_energy_retaining_bank_transition_object_f378f7a74cce,primvar_energy_retaining_bank_transition_object_f378f7a74cce,0.0,0.0,0.03,0.0,0.0,0.0,0.0,0.0,0.0,0.0,0.9722986678338816,0.0,0.0,0.1,0.2,0.0,0.0,0,0,1.0,0.9722986678338816,decision_level_baseline_vs_candidate_path_memory_gap_audit,outer_loop_spatial_flow_belief_safe_explore_exploit_memory_v2_2
no_cluster_no_merge,no_memory_baseline,0,final_heldout,3,r10_l7_full_domain_randomisation_arena_wide_training,r10_l7_full_domain_randomisation_arena_wide_training,r10_no_cluster_no_merge_no_memory_baseline_final_0003,0,launch_gate,launch_gate,lift_dwell_arc,primvar_lift_dwell_arc_transition_object_17cab9f31bb6,not_active_no_candidate_path_memory,True,primvar_lift_dwell_arc_transition_object_17cab9f31bb6,primvar_lift_dwell_arc_transition_object_17cab9f31bb6,0.0,0.0,0.03,0.0,0.0,0.0,0.0,0.0,0.0,0.0,0.750324125852373,0.0,0.0,0.1,0.2,0.0,0.0,0,0,1.0,0.750324125852373,decision_level_baseline_vs_candidate_path_memory_gap_audit,outer_loop_spatial_flow_belief_safe_explore_exploit_memory_v2_2
no_cluster_no_merge,no_memory_baseline,0,final_heldout,3,r10_l7_full_domain_randomisation_arena_wide_training,r10_l7_full_domain_randomisation_arena_wide_training,r10_no_cluster_no_merge_no_memory_baseline_final_0003,1,inflight_boundary_near,boundary_near,lift_dwell_arc,primvar_lift_dwell_arc_transition_object_10b23f39bac2,not_active_no_candidate_path_memory,True,primvar_lift_dwell_arc_transition_object_10b23f39bac2,primvar_lift_dwell_arc_transition_object_10b23f39bac2,0.0,0.0,0.03,0.0,0.0,0.0,0.0,0.0,0.0,0.0,0.8267232761820904,0.0,0.0,0.1,0.2,0.0,0.0,0,0,1.0,0.8267232761820904,decision_level_baseline_vs_candidate_path_memory_gap_audit,outer_loop_spatial_flow_belief_safe_explore_exploit_memory_v2_2
no_cluster_no_merge,no_memory_baseline,0,final_heldout,3,r10_l7_full_domain_randomisation_arena_wide_training,r10_l7_full_domain_randomisation_arena_wide_training,r10_no_cluster_no_merge_no_memory_baseline_final_0003,2,inflight_boundary_near,boundary_near,lift_dwell_arc,primvar_lift_dwell_arc_transition_object_10b23f39bac2,not_active_no_candidate_path_memory,True,primvar_lift_dwell_arc_transition_object_10b23f39bac2,primvar_lift_dwell_arc_transition_object_10b23f39bac2,0.0,0.0,0.03,0.0,0.0,0.0,0.0,0.0,0.0,0.0,0.9290094129801636,0.0,0.0,0.1,0.2,0.0,0.0,0,0,1.0,0.9290094129801636,decision_level_baseline_vs_candidate_path_memory_gap_audit,outer_loop_spatial_flow_belief_safe_explore_exploit_memory_v2_2
no_cluster_no_merge,no_memory_baseline,0,final_heldout,3,r10_l7_full_domain_randomisation_arena_wide_training,r10_l7_full_domain_randomisation_arena_wide_training,r10_no_cluster_no_merge_no_memory_baseline_final_0003,3,inflight_boundary_near,boundary_near,safe_exit_or_recovery_handoff,primvar_safe_exit_or_recovery_handoff_transition_object_989fb41df8c2,not_active_no_candidate_path_memory,True,primvar_safe_exit_or_recovery_handoff_transition_object_989fb41df8c2,primvar_safe_exit_or_recovery_handoff_transition_object_989fb41df8c2,0.0,0.0,0.03,0.0,0.0,0.0,0.0,0.0,0.0,0.0,1.0,0.0,0.0,0.1,0.2,0.0,0.0,0,0,1.0,1.0,decision_level_baseline_vs_candidate_path_memory_gap_audit,outer_loop_spatial_flow_belief_safe_explore_exploit_memory_v2_2
no_cluster_no_merge,no_memory_baseline,0,final_heldout,3,r10_l7_full_domain_randomisation_arena_wide_training,r10_l7_full_domain_randomisation_arena_wide_training,r10_no_cluster_no_merge_no_memory_baseline_final_0003,4,inflight_boundary_near,boundary_near,safe_exit_or_recovery_handoff,primvar_safe_exit_or_recovery_handoff_transition_object_989fb41df8c2,not_active_no_candidate_path_memory,True,primvar_safe_exit_or_recovery_handoff_transition_object_989fb41df8c2,primvar_safe_exit_or_recovery_handoff_transition_object_989fb41df8c2,0.0,0.0,0.03,0.0,0.0,0.0,0.0,0.0,0.0,0.0,1.0,0.0,0.0,0.1,0.2,0.0,0.0,0,0,1.0,1.0,decision_level_baseline_vs_candidate_path_memory_gap_audit,outer_loop_spatial_flow_belief_safe_explore_exploit_memory_v2_2
no_cluster_no_merge,no_memory_baseline,0,final_heldout,3,r10_l7_full_domain_randomisation_arena_wide_training,r10_l7_full_domain_randomisation_arena_wide_training,r10_no_cluster_no_merge_no_memory_baseline_final_0003,5,inflight_boundary_near,boundary_near,energy_retaining_bank,primvar_energy_retaining_bank_transition_object_59f915f98b46,not_active_no_candidate_path_memory,True,primvar_energy_retaining_bank_transition_object_59f915f98b46,primvar_energy_retaining_bank_transition_object_59f915f98b46,0.0,0.0,0.03,0.0,0.0,0.0,0.0,0.0,0.0,0.0,1.0,0.0,0.0,0.1,0.2,0.0,0.0,0,0,1.0,1.0,decision_level_baseline_vs_candidate_path_memory_gap_audit,outer_loop_spatial_flow_belief_safe_explore_exploit_memory_v2_2
no_cluster_no_merge,no_memory_baseline,0,final_heldout,3,r10_l7_full_domain_randomisation_arena_wide_training,r10_l7_full_domain_randomisation_arena_wide_training,r10_no_cluster_no_merge_no_memory_baseline_final_0003,6,inflight_boundary_near,boundary_near,energy_retaining_bank,primvar_energy_retaining_bank_transition_object_59f915f98b46,not_active_no_candidate_path_memory,True,primvar_energy_retaining_bank_transition_object_59f915f98b46,primvar_energy_retaining_bank_transition_object_59f915f98b46,0.0,0.0,0.03,0.0,0.0,0.0,0.0,0.0,0.0,0.0,1.0,0.0,0.0,0.1,0.2,0.0,0.0,0,0,1.0,1.0,decision_level_baseline_vs_candidate_path_memory_gap_audit,outer_loop_spatial_flow_belief_safe_explore_exploit_memory_v2_2
no_cluster_no_merge,no_memory_baseline,0,final_heldout,3,r10_l7_full_domain_randomisation_arena_wide_training,r10_l7_full_domain_randomisation_arena_wide_training,r10_no_cluster_no_merge_no_memory_baseline_final_0003,7,inflight_boundary_near,boundary_near,energy_retaining_bank,primvar_energy_retaining_bank_transition_object_59f915f98b46,not_active_no_candidate_path_memory,True,primvar_energy_retaining_bank_transition_object_59f915f98b46,primvar_energy_retaining_bank_transition_object_59f915f98b46,0.0,0.0,0.03,0.0,0.0,0.0,0.0,0.0,0.0,0.0,1.0,0.0,0.0,0.1,0.2,0.0,0.0,0,0,1.0,1.0,decision_level_baseline_vs_candidate_path_memory_gap_audit,outer_loop_spatial_flow_belief_safe_explore_exploit_memory_v2_2
no_cluster_no_merge,no_memory_baseline,0,final_heldout,4,r10_l7_full_domain_randomisation_arena_wide_training,r10_l7_full_domain_randomisation_arena_wide_training,r10_no_cluster_no_merge_no_memory_baseline_final_0004,0,launch_gate,launch_gate,mild_turn_right,primvar_mild_turn_right_transition_object_ee1da6c85686,not_active_no_candidate_path_memory,True,primvar_mild_turn_right_transition_object_ee1da6c85686,primvar_mild_turn_right_transition_object_ee1da6c85686,0.0,0.0,0.03,0.0,0.0,0.0,0.0,0.0,0.0,0.0,0.6054458636514142,0.0,0.0,0.1,0.2,0.0,0.0,0,0,1.0,0.6054458636514142,decision_level_baseline_vs_candidate_path_memory_gap_audit,outer_loop_spatial_flow_belief_safe_explore_exploit_memory_v2_2
no_cluster_no_merge,no_memory_baseline,0,final_heldout,4,r10_l7_full_domain_randomisation_arena_wide_training,r10_l7_full_domain_randomisation_arena_wide_training,r10_no_cluster_no_merge_no_memory_baseline_final_0004,1,inflight_nominal,inflight_stable,mild_turn_right,primvar_mild_turn_right_transition_object_7b5af5b6a95a,not_active_no_candidate_path_memory,True,primvar_mild_turn_right_transition_object_7b5af5b6a95a,primvar_mild_turn_right_transition_object_7b5af5b6a95a,0.0,0.0,0.03,0.0,0.0,0.0,0.0,0.0,0.0,0.0,0.6388596128775923,0.0,0.0,0.1,0.2,0.0,0.0,0,0,1.0,0.6388596128775923,decision_level_baseline_vs_candidate_path_memory_gap_audit,outer_loop_spatial_flow_belief_safe_explore_exploit_memory_v2_2
no_cluster_no_merge,no_memory_baseline,0,final_heldout,4,r10_l7_full_domain_randomisation_arena_wide_training,r10_l7_full_domain_randomisation_arena_wide_training,r10_no_cluster_no_merge_no_memory_baseline_final_0004,2,inflight_recovery_edge,recoverable_degraded,safe_exit_or_recovery_handoff,primvar_safe_exit_or_recovery_handoff_transition_object_89fe6c2843f5,not_active_no_candidate_path_memory,True,primvar_safe_exit_or_recovery_handoff_transition_object_89fe6c2843f5,primvar_safe_exit_or_recovery_handoff_transition_object_89fe6c2843f5,0.0,0.0,0.03,0.0,0.0,0.0,0.0,0.0,0.0,0.0,0.6711422692368127,0.0,0.0,0.1,0.2,0.0,0.0,0,0,1.0,0.6711422692368127,decision_level_baseline_vs_candidate_path_memory_gap_audit,outer_loop_spatial_flow_belief_safe_explore_exploit_memory_v2_2
no_cluster_no_merge,no_memory_baseline,0,final_heldout,4,r10_l7_full_domain_randomisation_arena_wide_training,r10_l7_full_domain_randomisation_arena_wide_training,r10_no_cluster_no_merge_no_memory_baseline_final_0004,3,inflight_recovery_edge,recoverable_degraded,safe_exit_or_recovery_handoff,primvar_safe_exit_or_recovery_handoff_transition_object_eb5ec1f84c14,not_active_no_candidate_path_memory,True,primvar_safe_exit_or_recovery_handoff_transition_object_eb5ec1f84c14,primvar_safe_exit_or_recovery_handoff_transition_object_eb5ec1f84c14,0.0,0.0,0.03,0.0,0.0,0.0,0.0,0.0,0.0,0.0,0.6713682937547143,0.0,0.0,0.1,0.2,0.0,0.0,0,0,1.0,0.6713682937547143,decision_level_baseline_vs_candidate_path_memory_gap_audit,outer_loop_spatial_flow_belief_safe_explore_exploit_memory_v2_2
no_cluster_no_merge,no_memory_baseline,0,final_heldout,4,r10_l7_full_domain_randomisation_arena_wide_training,r10_l7_full_domain_randomisation_arena_wide_training,r10_no_cluster_no_merge_no_memory_baseline_final_0004,4,inflight_boundary_near,boundary_near,lift_dwell_arc,primvar_lift_dwell_arc_transition_object_052b842e4b9a,not_active_no_candidate_path_memory,True,primvar_lift_dwell_arc_transition_object_052b842e4b9a,primvar_lift_dwell_arc_transition_object_052b842e4b9a,0.0,0.0,0.03,0.0,0.0,0.0,0.0,0.0,0.0,0.0,0.7887750077196577,0.0,0.0,0.1,0.2,0.0,0.0,0,0,1.0,0.7887750077196577,decision_level_baseline_vs_candidate_path_memory_gap_audit,outer_loop_spatial_flow_belief_safe_explore_exploit_memory_v2_2
no_cluster_no_merge,no_memory_baseline,0,final_heldout,4,r10_l7_full_domain_randomisation_arena_wide_training,r10_l7_full_domain_randomisation_arena_wide_training,r10_no_cluster_no_merge_no_memory_baseline_final_0004,5,inflight_boundary_near,boundary_near,lift_dwell_arc,primvar_lift_dwell_arc_transition_object_052b842e4b9a,not_active_no_candidate_path_memory,True,primvar_lift_dwell_arc_transition_object_052b842e4b9a,primvar_lift_dwell_arc_transition_object_052b842e4b9a,0.0,0.0,0.03,0.0,0.0,0.0,0.0,0.0,0.0,0.0,0.8645635494345785,0.0,0.0,0.1,0.2,0.0,0.0,0,0,1.0,0.8645635494345785,decision_level_baseline_vs_candidate_path_memory_gap_audit,outer_loop_spatial_flow_belief_safe_explore_exploit_memory_v2_2
no_cluster_no_merge,no_memory_baseline,0,final_heldout,4,r10_l7_full_domain_randomisation_arena_wide_training,r10_l7_full_domain_randomisation_arena_wide_training,r10_no_cluster_no_merge_no_memory_baseline_final_0004,6,inflight_boundary_near,boundary_near,lift_dwell_arc,primvar_lift_dwell_arc_transition_object_e77518a9ca96,not_active_no_candidate_path_memory,True,primvar_lift_dwell_arc_transition_object_e77518a9ca96,primvar_lift_dwell_arc_transition_object_e77518a9ca96,0.0,0.0,0.03,0.0,0.0,0.0,0.0,0.0,0.0,0.0,1.0,0.0,0.0,0.1,0.2,0.0,0.0,0,0,1.0,1.0,decision_level_baseline_vs_candidate_path_memory_gap_audit,outer_loop_spatial_flow_belief_safe_explore_exploit_memory_v2_2
no_cluster_no_merge,no_memory_baseline,0,final_heldout,4,r10_l7_full_domain_randomisation_arena_wide_training,r10_l7_full_domain_randomisation_arena_wide_training,r10_no_cluster_no_merge_no_memory_baseline_final_0004,7,inflight_boundary_near,boundary_near,lift_dwell_arc,primvar_lift_dwell_arc_transition_object_e77518a9ca96,not_active_no_candidate_path_memory,True,primvar_lift_dwell_arc_transition_object_e77518a9ca96,primvar_lift_dwell_arc_transition_object_e77518a9ca96,0.0,0.0,0.03,0.0,0.0,0.0,0.0,0.0,0.0,0.0,1.0,0.0,0.0,0.1,0.2,0.0,0.0,0,0,1.0,1.0,decision_level_baseline_vs_candidate_path_memory_gap_audit,outer_loop_spatial_flow_belief_safe_explore_exploit_memory_v2_2
no_cluster_no_merge,no_memory_baseline,0,final_heldout,4,r10_l7_full_domain_randomisation_arena_wide_training,r10_l7_full_domain_randomisation_arena_wide_training,r10_no_cluster_no_merge_no_memory_baseline_final_0004,8,inflight_boundary_near,boundary_near,lift_dwell_arc,primvar_lift_dwell_arc_transition_object_e77518a9ca96,not_active_no_candidate_path_memory,True,primvar_lift_dwell_arc_transition_object_e77518a9ca96,primvar_lift_dwell_arc_transition_object_e77518a9ca96,0.0,0.0,0.03,0.0,0.0,0.0,0.0,0.0,0.0,0.0,1.0,0.0,0.0,0.1,0.2,0.0,0.0,0,0,1.0,1.0,decision_level_baseline_vs_candidate_path_memory_gap_audit,outer_loop_spatial_flow_belief_safe_explore_exploit_memory_v2_2
no_cluster_no_merge,no_memory_baseline,0,final_heldout,4,r10_l7_full_domain_randomisation_arena_wide_training,r10_l7_full_domain_randomisation_arena_wide_training,r10_no_cluster_no_merge_no_memory_baseline_final_0004,9,inflight_boundary_near,boundary_near,lift_dwell_arc,primvar_lift_dwell_arc_transition_object_e77518a9ca96,not_active_no_candidate_path_memory,True,primvar_lift_dwell_arc_transition_object_e77518a9ca96,primvar_lift_dwell_arc_transition_object_e77518a9ca96,0.0,0.0,0.03,0.0,0.0,0.0,0.0,0.0,0.0,0.0,1.0,0.0,0.0,0.1,0.2,0.0,0.0,0,0,1.0,1.0,decision_level_baseline_vs_candidate_path_memory_gap_audit,outer_loop_spatial_flow_belief_safe_explore_exploit_memory_v2_2
no_cluster_no_merge,no_memory_baseline,0,final_heldout,4,r10_l7_full_domain_randomisation_arena_wide_training,r10_l7_full_domain_randomisation_arena_wide_training,r10_no_cluster_no_merge_no_memory_baseline_final_0004,10,inflight_boundary_near,boundary_near,lift_dwell_arc,primvar_lift_dwell_arc_transition_object_e77518a9ca96,not_active_no_candidate_path_memory,True,primvar_lift_dwell_arc_transition_object_e77518a9ca96,primvar_lift_dwell_arc_transition_object_e77518a9ca96,0.0,0.0,0.03,0.0,0.0,0.0,0.0,0.0,0.0,0.0,1.0,0.0,0.0,0.1,0.2,0.0,0.0,0,0,1.0,1.0,decision_level_baseline_vs_candidate_path_memory_gap_audit,outer_loop_spatial_flow_belief_safe_explore_exploit_memory_v2_2
no_cluster_no_merge,no_memory_baseline,0,final_heldout,5,r10_l7_full_domain_randomisation_arena_wide_training,r10_l7_full_domain_randomisation_arena_wide_training,r10_no_cluster_no_merge_no_memory_baseline_final_0005,0,launch_gate,launch_gate,mild_turn_right,primvar_mild_turn_right_transition_object_dda6391330ff,not_active_no_candidate_path_memory,True,primvar_mild_turn_right_transition_object_dda6391330ff,primvar_mild_turn_right_transition_object_dda6391330ff,0.0,0.0,0.03,0.0,0.0,0.0,0.0,0.0,0.0,0.0,0.7760532244391705,0.0,0.0,0.1,0.2,0.0,0.0,0,0,1.0,0.7760532244391705,decision_level_baseline_vs_candidate_path_memory_gap_audit,outer_loop_spatial_flow_belief_safe_explore_exploit_memory_v2_2
no_cluster_no_merge,no_memory_baseline,0,final_heldout,5,r10_l7_full_domain_randomisation_arena_wide_training,r10_l7_full_domain_randomisation_arena_wide_training,r10_no_cluster_no_merge_no_memory_baseline_final_0005,1,inflight_boundary_near,boundary_near,lift_dwell_arc,primvar_lift_dwell_arc_transition_object_10b23f39bac2,not_active_no_candidate_path_memory,True,primvar_lift_dwell_arc_transition_object_10b23f39bac2,primvar_lift_dwell_arc_transition_object_10b23f39bac2,0.0,0.0,0.03,0.0,0.0,0.0,0.0,0.0,0.0,0.0,0.812474002206856,0.0,0.0,0.1,0.2,0.0,0.0,0,0,1.0,0.812474002206856,decision_level_baseline_vs_candidate_path_memory_gap_audit,outer_loop_spatial_flow_belief_safe_explore_exploit_memory_v2_2
no_cluster_no_merge,no_memory_baseline,0,final_heldout,5,r10_l7_full_domain_randomisation_arena_wide_training,r10_l7_full_domain_randomisation_arena_wide_training,r10_no_cluster_no_merge_no_memory_baseline_final_0005,2,inflight_boundary_near,boundary_near,lift_dwell_arc,primvar_lift_dwell_arc_transition_object_cd89af02a2de,not_active_no_candidate_path_memory,True,primvar_lift_dwell_arc_transition_object_cd89af02a2de,primvar_lift_dwell_arc_transition_object_cd89af02a2de,0.0,0.0,0.03,0.0,0.0,0.0,0.0,0.0,0.0,0.0,0.8573193935226274,0.0,0.0,0.1,0.2,0.0,0.0,0,0,1.0,0.8573193935226274,decision_level_baseline_vs_candidate_path_memory_gap_audit,outer_loop_spatial_flow_belief_safe_explore_exploit_memory_v2_2
no_cluster_no_merge,no_memory_baseline,0,final_heldout,5,r10_l7_full_domain_randomisation_arena_wide_training,r10_l7_full_domain_randomisation_arena_wide_training,r10_no_cluster_no_merge_no_memory_baseline_final_0005,3,inflight_boundary_near,boundary_near,lift_dwell_arc,primvar_lift_dwell_arc_transition_object_cd89af02a2de,not_active_no_candidate_path_memory,True,primvar_lift_dwell_arc_transition_object_cd89af02a2de,primvar_lift_dwell_arc_transition_object_cd89af02a2de,0.0,0.0,0.03,0.0,0.0,0.0,0.0,0.0,0.0,0.0,0.9748498793656885,0.0,0.0,0.1,0.2,0.0,0.0,0,0,1.0,0.9748498793656885,decision_level_baseline_vs_candidate_path_memory_gap_audit,outer_loop_spatial_flow_belief_safe_explore_exploit_memory_v2_2
no_cluster_no_merge,no_memory_baseline,0,final_heldout,5,r10_l7_full_domain_randomisation_arena_wide_training,r10_l7_full_domain_randomisation_arena_wide_training,r10_no_cluster_no_merge_no_memory_baseline_final_0005,4,inflight_boundary_near,boundary_near,energy_retaining_bank,primvar_energy_retaining_bank_transition_object_59f915f98b46,not_active_no_candidate_path_memory,True,primvar_energy_retaining_bank_transition_object_59f915f98b46,primvar_energy_retaining_bank_transition_object_59f915f98b46,0.0,0.0,0.03,0.0,0.0,0.0,0.0,0.0,0.0,0.0,1.0,0.0,0.0,0.1,0.2,0.0,0.0,0,0,1.0,1.0,decision_level_baseline_vs_candidate_path_memory_gap_audit,outer_loop_spatial_flow_belief_safe_explore_exploit_memory_v2_2
no_cluster_no_merge,no_memory_baseline,0,final_heldout,5,r10_l7_full_domain_randomisation_arena_wide_training,r10_l7_full_domain_randomisation_arena_wide_training,r10_no_cluster_no_merge_no_memory_baseline_final_0005,5,inflight_boundary_near,boundary_near,energy_retaining_bank,primvar_energy_retaining_bank_transition_object_59f915f98b46,not_active_no_candidate_path_memory,True,primvar_energy_retaining_bank_transition_object_59f915f98b46,primvar_energy_retaining_bank_transition_object_59f915f98b46,0.0,0.0,0.03,0.0,0.0,0.0,0.0,0.0,0.0,0.0,1.0,0.0,0.0,0.1,0.2,0.0,0.0,0,0,1.0,1.0,decision_level_baseline_vs_candidate_path_memory_gap_audit,outer_loop_spatial_flow_belief_safe_explore_exploit_memory_v2_2
no_cluster_no_merge,no_memory_baseline,0,final_heldout,5,r10_l7_full_domain_randomisation_arena_wide_training,r10_l7_full_domain_randomisation_arena_wide_training,r10_no_cluster_no_merge_no_memory_baseline_final_0005,6,inflight_boundary_near,boundary_near,energy_retaining_bank,primvar_energy_retaining_bank_transition_object_59f915f98b46,not_active_no_candidate_path_memory,True,primvar_energy_retaining_bank_transition_object_59f915f98b46,primvar_energy_retaining_bank_transition_object_59f915f98b46,0.0,0.0,0.03,0.0,0.0,0.0,0.0,0.0,0.0,0.0,1.0,0.0,0.0,0.1,0.2,0.0,0.0,0,0,1.0,1.0,decision_level_baseline_vs_candidate_path_memory_gap_audit,outer_loop_spatial_flow_belief_safe_explore_exploit_memory_v2_2
no_cluster_no_merge,no_memory_baseline,0,final_heldout,5,r10_l7_full_domain_randomisation_arena_wide_training,r10_l7_full_domain_randomisation_arena_wide_training,r10_no_cluster_no_merge_no_memory_baseline_final_0005,7,inflight_boundary_near,boundary_near,energy_retaining_bank,primvar_energy_retaining_bank_transition_object_59f915f98b46,not_active_no_candidate_path_memory,True,primvar_energy_retaining_bank_transition_object_59f915f98b46,primvar_energy_retaining_bank_transition_object_59f915f98b46,0.0,0.0,0.03,0.0,0.0,0.0,0.0,0.0,0.0,0.0,1.0,0.0,0.0,0.1,0.2,0.0,0.0,0,0,1.0,1.0,decision_level_baseline_vs_candidate_path_memory_gap_audit,outer_loop_spatial_flow_belief_safe_explore_exploit_memory_v2_2
no_cluster_no_merge,no_memory_baseline,0,final_heldout,5,r10_l7_full_domain_randomisation_arena_wide_training,r10_l7_full_domain_randomisation_arena_wide_training,r10_no_cluster_no_merge_no_memory_baseline_final_0005,8,inflight_boundary_near,boundary_near,energy_retaining_bank,primvar_energy_retaining_bank_transition_object_59f915f98b46,not_active_no_candidate_path_memory,True,primvar_energy_retaining_bank_transition_object_59f915f98b46,primvar_energy_retaining_bank_transition_object_59f915f98b46,0.0,0.0,0.03,0.0,0.0,0.0,0.0,0.0,0.0,0.0,1.0,0.0,0.0,0.1,0.2,0.0,0.0,0,0,1.0,1.0,decision_level_baseline_vs_candidate_path_memory_gap_audit,outer_loop_spatial_flow_belief_safe_explore_exploit_memory_v2_2
no_cluster_no_merge,no_memory_baseline,0,final_heldout,6,r10_l7_full_domain_randomisation_arena_wide_training,r10_l7_full_domain_randomisation_arena_wide_training,r10_no_cluster_no_merge_no_memory_baseline_final_0006,0,launch_gate,launch_gate,mild_turn_left,primvar_mild_turn_left_transition_object_90af87442a8a,not_active_no_candidate_path_memory,True,primvar_mild_turn_left_transition_object_90af87442a8a,primvar_mild_turn_left_transition_object_90af87442a8a,0.0,0.0,0.03,0.0,0.0,0.0,0.0,0.0,0.0,0.0,0.6395614393057931,0.0,0.0,0.1,0.2,0.0,0.0,0,0,1.0,0.6395614393057931,decision_level_baseline_vs_candidate_path_memory_gap_audit,outer_loop_spatial_flow_belief_safe_explore_exploit_memory_v2_2
no_cluster_no_merge,no_memory_baseline,0,final_heldout,6,r10_l7_full_domain_randomisation_arena_wide_training,r10_l7_full_domain_randomisation_arena_wide_training,r10_no_cluster_no_merge_no_memory_baseline_final_0006,1,inflight_nominal,inflight_stable,safe_exit_or_recovery_handoff,primvar_safe_exit_or_recovery_handoff_transition_object_569472a752ed,not_active_no_candidate_path_memory,True,primvar_safe_exit_or_recovery_handoff_transition_object_569472a752ed,primvar_safe_exit_or_recovery_handoff_transition_object_569472a752ed,0.0,0.0,0.03,0.0,0.0,0.0,0.0,0.0,0.0,0.0,0.6428539170573611,0.0,0.0,0.1,0.2,0.0,0.0,0,0,1.0,0.6428539170573611,decision_level_baseline_vs_candidate_path_memory_gap_audit,outer_loop_spatial_flow_belief_safe_explore_exploit_memory_v2_2
no_cluster_no_merge,no_memory_baseline,0,final_heldout,6,r10_l7_full_domain_randomisation_arena_wide_training,r10_l7_full_domain_randomisation_arena_wide_training,r10_no_cluster_no_merge_no_memory_baseline_final_0006,2,inflight_recovery_edge,recoverable_degraded,safe_exit_or_recovery_handoff,primvar_safe_exit_or_recovery_handoff_transition_object_89fe6c2843f5,not_active_no_candidate_path_memory,True,primvar_safe_exit_or_recovery_handoff_transition_object_89fe6c2843f5,primvar_safe_exit_or_recovery_handoff_transition_object_89fe6c2843f5,0.0,0.0,0.03,0.0,0.0,0.0,0.0,0.0,0.0,0.0,0.6891345732363913,0.0,0.0,0.1,0.2,0.0,0.0,0,0,1.0,0.6891345732363913,decision_level_baseline_vs_candidate_path_memory_gap_audit,outer_loop_spatial_flow_belief_safe_explore_exploit_memory_v2_2
no_cluster_no_merge,no_memory_baseline,0,final_heldout,6,r10_l7_full_domain_randomisation_arena_wide_training,r10_l7_full_domain_randomisation_arena_wide_training,r10_no_cluster_no_merge_no_memory_baseline_final_0006,3,inflight_recovery_edge,recoverable_degraded,safe_exit_or_recovery_handoff,primvar_safe_exit_or_recovery_handoff_transition_object_eb5ec1f84c14,not_active_no_candidate_path_memory,True,primvar_safe_exit_or_recovery_handoff_transition_object_eb5ec1f84c14,primvar_safe_exit_or_recovery_handoff_transition_object_eb5ec1f84c14,0.0,0.0,0.03,0.0,0.0,0.0,0.0,0.0,0.0,0.0,0.6923355693225008,0.0,0.0,0.1,0.2,0.0,0.0,0,0,1.0,0.6923355693225008,decision_level_baseline_vs_candidate_path_memory_gap_audit,outer_loop_spatial_flow_belief_safe_explore_exploit_memory_v2_2
no_cluster_no_merge,no_memory_baseline,0,final_heldout,6,r10_l7_full_domain_randomisation_arena_wide_training,r10_l7_full_domain_randomisation_arena_wide_training,r10_no_cluster_no_merge_no_memory_baseline_final_0006,4,inflight_recovery_edge,recoverable_degraded,safe_exit_or_recovery_handoff,primvar_safe_exit_or_recovery_handoff_transition_object_54443200afd9,not_active_no_candidate_path_memory,True,primvar_safe_exit_or_recovery_handoff_transition_object_54443200afd9,primvar_safe_exit_or_recovery_handoff_transition_object_54443200afd9,0.0,0.0,0.03,0.0,0.0,0.0,0.0,0.0,0.0,0.0,0.6881477435520952,0.0,0.0,0.1,0.2,0.0,0.0,0,0,1.0,0.6881477435520952,decision_level_baseline_vs_candidate_path_memory_gap_audit,outer_loop_spatial_flow_belief_safe_explore_exploit_memory_v2_2
no_cluster_no_merge,no_memory_baseline,0,final_heldout,6,r10_l7_full_domain_randomisation_arena_wide_training,r10_l7_full_domain_randomisation_arena_wide_training,r10_no_cluster_no_merge_no_memory_baseline_final_0006,5,inflight_recovery_edge,recoverable_degraded,safe_exit_or_recovery_handoff,primvar_safe_exit_or_recovery_handoff_transition_object_54443200afd9,not_active_no_candidate_path_memory,True,primvar_safe_exit_or_recovery_handoff_transition_object_54443200afd9,primvar_safe_exit_or_recovery_handoff_transition_object_54443200afd9,0.0,0.0,0.03,0.0,0.0,0.0,0.0,0.0,0.0,0.0,0.7364068504366007,0.0,0.0,0.1,0.2,0.0,0.0,0,0,1.0,0.7364068504366007,decision_level_baseline_vs_candidate_path_memory_gap_audit,outer_loop_spatial_flow_belief_safe_explore_exploit_memory_v2_2
no_cluster_no_merge,no_memory_baseline,0,final_heldout,6,r10_l7_full_domain_randomisation_arena_wide_training,r10_l7_full_domain_randomisation_arena_wide_training,r10_no_cluster_no_merge_no_memory_baseline_final_0006,6,inflight_recovery_edge,recoverable_degraded,safe_exit_or_recovery_handoff,primvar_safe_exit_or_recovery_handoff_transition_object_5e603211d22a,not_active_no_candidate_path_memory,True,primvar_safe_exit_or_recovery_handoff_transition_object_5e603211d22a,primvar_safe_exit_or_recovery_handoff_transition_object_5e603211d22a,0.0,0.0,0.03,0.0,0.0,0.0,0.0,0.0,0.0,0.0,0.7222655049749752,0.0,0.0,0.1,0.2,0.0,0.0,0,0,1.0,0.7222655049749752,decision_level_baseline_vs_candidate_path_memory_gap_audit,outer_loop_spatial_flow_belief_safe_explore_exploit_memory_v2_2
no_cluster_no_merge,no_memory_baseline,0,final_heldout,6,r10_l7_full_domain_randomisation_arena_wide_training,r10_l7_full_domain_randomisation_arena_wide_training,r10_no_cluster_no_merge_no_memory_baseline_final_0006,7,inflight_recovery_edge,recoverable_degraded,safe_exit_or_recovery_handoff,primvar_safe_exit_or_recovery_handoff_transition_object_5e603211d22a,not_active_no_candidate_path_memory,True,primvar_safe_exit_or_recovery_handoff_transition_object_5e603211d22a,primvar_safe_exit_or_recovery_handoff_transition_object_5e603211d22a,0.0,0.0,0.03,0.0,0.0,0.0,0.0,0.0,0.0,0.0,0.7697361664422355,0.0,0.0,0.1,0.2,0.0,0.0,0,0,1.0,0.7697361664422355,decision_level_baseline_vs_candidate_path_memory_gap_audit,outer_loop_spatial_flow_belief_safe_explore_exploit_memory_v2_2
no_cluster_no_merge,no_memory_baseline,0,final_heldout,6,r10_l7_full_domain_randomisation_arena_wide_training,r10_l7_full_domain_randomisation_arena_wide_training,r10_no_cluster_no_merge_no_memory_baseline_final_0006,8,inflight_recovery_edge,recoverable_degraded,safe_exit_or_recovery_handoff,primvar_safe_exit_or_recovery_handoff_transition_object_5e603211d22a,not_active_no_candidate_path_memory,True,primvar_safe_exit_or_recovery_handoff_transition_object_5e603211d22a,primvar_safe_exit_or_recovery_handoff_transition_object_5e603211d22a,0.0,0.0,0.03,0.0,0.0,0.0,0.0,0.0,0.0,0.0,0.8179876247809934,0.0,0.0,0.1,0.2,0.0,0.0,0,0,1.0,0.8179876247809934,decision_level_baseline_vs_candidate_path_memory_gap_audit,outer_loop_spatial_flow_belief_safe_explore_exploit_memory_v2_2
no_cluster_no_merge,no_memory_baseline,0,final_heldout,6,r10_l7_full_domain_randomisation_arena_wide_training,r10_l7_full_domain_randomisation_arena_wide_training,r10_no_cluster_no_merge_no_memory_baseline_final_0006,9,inflight_boundary_near,boundary_near,lift_dwell_arc,primvar_lift_dwell_arc_transition_object_de078f2fa84a,not_active_no_candidate_path_memory,True,primvar_lift_dwell_arc_transition_object_de078f2fa84a,primvar_lift_dwell_arc_transition_object_de078f2fa84a,0.0,0.0,0.03,0.0,0.0,0.0,0.0,0.0,0.0,0.0,0.9141389994626524,0.0,0.0,0.1,0.2,0.0,0.0,0,0,1.0,0.9141389994626524,decision_level_baseline_vs_candidate_path_memory_gap_audit,outer_loop_spatial_flow_belief_safe_explore_exploit_memory_v2_2
no_cluster_no_merge,no_memory_baseline,0,final_heldout,6,r10_l7_full_domain_randomisation_arena_wide_training,r10_l7_full_domain_randomisation_arena_wide_training,r10_no_cluster_no_merge_no_memory_baseline_final_0006,10,inflight_boundary_near,boundary_near,lift_dwell_arc,primvar_lift_dwell_arc_transition_object_de078f2fa84a,not_active_no_candidate_path_memory,True,primvar_lift_dwell_arc_transition_object_de078f2fa84a,primvar_lift_dwell_arc_transition_object_de078f2fa84a,0.0,0.0,0.03,0.0,0.0,0.0,0.0,0.0,0.0,0.0,0.954299562756063,0.0,0.0,0.1,0.2,0.0,0.0,0,0,1.0,0.954299562756063,decision_level_baseline_vs_candidate_path_memory_gap_audit,outer_loop_spatial_flow_belief_safe_explore_exploit_memory_v2_2
no_cluster_no_merge,no_memory_baseline,0,final_heldout,6,r10_l7_full_domain_randomisation_arena_wide_training,r10_l7_full_domain_randomisation_arena_wide_training,r10_no_cluster_no_merge_no_memory_baseline_final_0006,11,inflight_boundary_near,boundary_near,lift_dwell_arc,primvar_lift_dwell_arc_transition_object_de078f2fa84a,not_active_no_candidate_path_memory,True,primvar_lift_dwell_arc_transition_object_de078f2fa84a,primvar_lift_dwell_arc_transition_object_de078f2fa84a,0.0,0.0,0.03,0.0,0.0,0.0,0.0,0.0,0.0,0.0,0.959663589190042,0.0,0.0,0.1,0.2,0.0,0.0,0,0,1.0,0.959663589190042,decision_level_baseline_vs_candidate_path_memory_gap_audit,outer_loop_spatial_flow_belief_safe_explore_exploit_memory_v2_2
no_cluster_no_merge,no_memory_baseline,0,final_heldout,6,r10_l7_full_domain_randomisation_arena_wide_training,r10_l7_full_domain_randomisation_arena_wide_training,r10_no_cluster_no_merge_no_memory_baseline_final_0006,12,inflight_boundary_near,boundary_near,lift_dwell_arc,primvar_lift_dwell_arc_transition_object_de078f2fa84a,not_active_no_candidate_path_memory,True,primvar_lift_dwell_arc_transition_object_de078f2fa84a,primvar_lift_dwell_arc_transition_object_de078f2fa84a,0.0,0.0,0.03,0.0,0.0,0.0,0.0,0.0,0.0,0.0,0.9028804503987476,0.0,0.0,0.1,0.2,0.0,0.0,0,0,1.0,0.9028804503987476,decision_level_baseline_vs_candidate_path_memory_gap_audit,outer_loop_spatial_flow_belief_safe_explore_exploit_memory_v2_2
no_cluster_no_merge,no_memory_baseline,0,final_heldout,6,r10_l7_full_domain_randomisation_arena_wide_training,r10_l7_full_domain_randomisation_arena_wide_training,r10_no_cluster_no_merge_no_memory_baseline_final_0006,13,inflight_boundary_near,boundary_near,lift_dwell_arc,primvar_lift_dwell_arc_transition_object_de078f2fa84a,not_active_no_candidate_path_memory,True,primvar_lift_dwell_arc_transition_object_de078f2fa84a,primvar_lift_dwell_arc_transition_object_de078f2fa84a,0.0,0.0,0.03,0.0,0.0,0.0,0.0,0.0,0.0,0.0,0.7466356061313687,0.0,0.0,0.1,0.2,0.0,0.0,0,0,1.0,0.7466356061313687,decision_level_baseline_vs_candidate_path_memory_gap_audit,outer_loop_spatial_flow_belief_safe_explore_exploit_memory_v2_2
no_cluster_no_merge,no_memory_baseline,0,final_heldout,7,r10_l7_full_domain_randomisation_arena_wide_training,r10_l7_full_domain_randomisation_arena_wide_training,r10_no_cluster_no_merge_no_memory_baseline_final_0007,0,launch_gate,launch_gate,lift_dwell_arc,primvar_lift_dwell_arc_transition_object_569b281fbb4d,not_active_no_candidate_path_memory,True,primvar_lift_dwell_arc_transition_object_569b281fbb4d,primvar_lift_dwell_arc_transition_object_569b281fbb4d,0.0,0.0,0.03,0.0,0.0,0.0,0.0,0.0,0.0,0.0,0.4951585494690667,0.0,0.0,0.1,0.2,0.0,0.0,0,0,1.0,0.4951585494690667,decision_level_baseline_vs_candidate_path_memory_gap_audit,outer_loop_spatial_flow_belief_safe_explore_exploit_memory_v2_2
no_cluster_no_merge,no_memory_baseline,0,final_heldout,7,r10_l7_full_domain_randomisation_arena_wide_training,r10_l7_full_domain_randomisation_arena_wide_training,r10_no_cluster_no_merge_no_memory_baseline_final_0007,1,inflight_nominal,inflight_stable,lift_dwell_arc,primvar_lift_dwell_arc_transition_object_3ff3f3ca3c62,not_active_no_candidate_path_memory,True,primvar_lift_dwell_arc_transition_object_3ff3f3ca3c62,primvar_lift_dwell_arc_transition_object_3ff3f3ca3c62,0.0,0.0,0.03,0.0,0.0,0.0,0.0,0.0,0.0,0.0,0.5086441985925915,0.0,0.0,0.1,0.2,0.0,0.0,0,0,1.0,0.5086441985925915,decision_level_baseline_vs_candidate_path_memory_gap_audit,outer_loop_spatial_flow_belief_safe_explore_exploit_memory_v2_2
no_cluster_no_merge,no_memory_baseline,0,final_heldout,7,r10_l7_full_domain_randomisation_arena_wide_training,r10_l7_full_domain_randomisation_arena_wide_training,r10_no_cluster_no_merge_no_memory_baseline_final_0007,2,inflight_nominal,inflight_stable,lift_dwell_arc,primvar_lift_dwell_arc_transition_object_3ff3f3ca3c62,not_active_no_candidate_path_memory,True,primvar_lift_dwell_arc_transition_object_3ff3f3ca3c62,primvar_lift_dwell_arc_transition_object_3ff3f3ca3c62,0.0,0.0,0.03,0.0,0.0,0.0,0.0,0.0,0.0,0.0,0.52816944379105,0.0,0.0,0.1,0.2,0.0,0.0,0,0,1.0,0.52816944379105,decision_level_baseline_vs_candidate_path_memory_gap_audit,outer_loop_spatial_flow_belief_safe_explore_exploit_memory_v2_2
no_cluster_no_merge,no_memory_baseline,0,final_heldout,7,r10_l7_full_domain_randomisation_arena_wide_training,r10_l7_full_domain_randomisation_arena_wide_training,r10_no_cluster_no_merge_no_memory_baseline_final_0007,3,inflight_nominal,inflight_stable,lift_dwell_arc,primvar_lift_dwell_arc_transition_object_f5212e7a8993,not_active_no_candidate_path_memory,True,primvar_lift_dwell_arc_transition_object_f5212e7a8993,primvar_lift_dwell_arc_transition_object_f5212e7a8993,0.0,0.0,0.03,0.0,0.0,0.0,0.0,0.0,0.0,0.0,0.5986225801314667,0.0,0.0,0.1,0.2,0.0,0.0,0,0,1.0,0.5986225801314667,decision_level_baseline_vs_candidate_path_memory_gap_audit,outer_loop_spatial_flow_belief_safe_explore_exploit_memory_v2_2
no_cluster_no_merge,no_memory_baseline,0,final_heldout,7,r10_l7_full_domain_randomisation_arena_wide_training,r10_l7_full_domain_randomisation_arena_wide_training,r10_no_cluster_no_merge_no_memory_baseline_final_0007,4,inflight_nominal,inflight_stable,lift_dwell_arc,primvar_lift_dwell_arc_transition_object_f5212e7a8993,not_active_no_candidate_path_memory,True,primvar_lift_dwell_arc_transition_object_f5212e7a8993,primvar_lift_dwell_arc_transition_object_f5212e7a8993,0.0,0.0,0.03,0.0,0.0,0.0,0.0,0.0,0.0,0.0,0.6299275356083769,0.0,0.0,0.1,0.2,0.0,0.0,0,0,1.0,0.6299275356083769,decision_level_baseline_vs_candidate_path_memory_gap_audit,outer_loop_spatial_flow_belief_safe_explore_exploit_memory_v2_2
no_cluster_no_merge,no_memory_baseline,0,final_heldout,7,r10_l7_full_domain_randomisation_arena_wide_training,r10_l7_full_domain_randomisation_arena_wide_training,r10_no_cluster_no_merge_no_memory_baseline_final_0007,5,inflight_nominal,inflight_stable,lift_dwell_arc,primvar_lift_dwell_arc_transition_object_f5212e7a8993,not_active_no_candidate_path_memory,True,primvar_lift_dwell_arc_transition_object_f5212e7a8993,primvar_lift_dwell_arc_transition_object_f5212e7a8993,0.0,0.0,0.03,0.0,0.0,0.0,0.0,0.0,0.0,0.0,0.6669995820419415,0.0,0.0,0.1,0.2,0.0,0.0,0,0,1.0,0.6669995820419415,decision_level_baseline_vs_candidate_path_memory_gap_audit,outer_loop_spatial_flow_belief_safe_explore_exploit_memory_v2_2
no_cluster_no_merge,no_memory_baseline,0,final_heldout,7,r10_l7_full_domain_randomisation_arena_wide_training,r10_l7_full_domain_randomisation_arena_wide_training,r10_no_cluster_no_merge_no_memory_baseline_final_0007,6,inflight_nominal,inflight_stable,lift_dwell_arc,primvar_lift_dwell_arc_transition_object_f5212e7a8993,not_active_no_candidate_path_memory,True,primvar_lift_dwell_arc_transition_object_f5212e7a8993,primvar_lift_dwell_arc_transition_object_f5212e7a8993,0.0,0.0,0.03,0.0,0.0,0.0,0.0,0.0,0.0,0.0,0.711367376839172,0.0,0.0,0.1,0.2,0.0,0.0,0,0,1.0,0.711367376839172,decision_level_baseline_vs_candidate_path_memory_gap_audit,outer_loop_spatial_flow_belief_safe_explore_exploit_memory_v2_2
no_cluster_no_merge,no_memory_baseline,0,final_heldout,7,r10_l7_full_domain_randomisation_arena_wide_training,r10_l7_full_domain_randomisation_arena_wide_training,r10_no_cluster_no_merge_no_memory_baseline_final_0007,7,inflight_nominal,inflight_stable,lift_dwell_arc,primvar_lift_dwell_arc_transition_object_f5212e7a8993,not_active_no_candidate_path_memory,True,primvar_lift_dwell_arc_transition_object_f5212e7a8993,primvar_lift_dwell_arc_transition_object_f5212e7a8993,0.0,0.0,0.03,0.0,0.0,0.0,0.0,0.0,0.0,0.0,0.7660219606040755,0.0,0.0,0.1,0.2,0.0,0.0,0,0,1.0,0.7660219606040755,decision_level_baseline_vs_candidate_path_memory_gap_audit,outer_loop_spatial_flow_belief_safe_explore_exploit_memory_v2_2
no_cluster_no_merge,no_memory_baseline,0,final_heldout,7,r10_l7_full_domain_randomisation_arena_wide_training,r10_l7_full_domain_randomisation_arena_wide_training,r10_no_cluster_no_merge_no_memory_baseline_final_0007,8,inflight_nominal,inflight_stable,lift_dwell_arc,primvar_lift_dwell_arc_transition_object_f5212e7a8993,not_active_no_candidate_path_memory,True,primvar_lift_dwell_arc_transition_object_f5212e7a8993,primvar_lift_dwell_arc_transition_object_f5212e7a8993,0.0,0.0,0.03,0.0,0.0,0.0,0.0,0.0,0.0,0.0,0.8357555325397605,0.0,0.0,0.1,0.2,0.0,0.0,0,0,1.0,0.8357555325397605,decision_level_baseline_vs_candidate_path_memory_gap_audit,outer_loop_spatial_flow_belief_safe_explore_exploit_memory_v2_2
no_cluster_no_merge,no_memory_baseline,0,final_heldout,7,r10_l7_full_domain_randomisation_arena_wide_training,r10_l7_full_domain_randomisation_arena_wide_training,r10_no_cluster_no_merge_no_memory_baseline_final_0007,9,inflight_boundary_near,boundary_near,energy_retaining_bank,primvar_energy_retaining_bank_transition_object_444a6c5eb99a,not_active_no_candidate_path_memory,True,primvar_energy_retaining_bank_transition_object_444a6c5eb99a,primvar_energy_retaining_bank_transition_object_444a6c5eb99a,0.0,0.0,0.03,0.0,0.0,0.0,0.0,0.0,0.0,0.0,0.932673024141886,0.0,0.0,0.1,0.2,0.0,0.0,0,0,1.0,0.932673024141886,decision_level_baseline_vs_candidate_path_memory_gap_audit,outer_loop_spatial_flow_belief_safe_explore_exploit_memory_v2_2
no_cluster_no_merge,no_memory_baseline,0,final_heldout,7,r10_l7_full_domain_randomisation_arena_wide_training,r10_l7_full_domain_randomisation_arena_wide_training,r10_no_cluster_no_merge_no_memory_baseline_final_0007,10,inflight_boundary_near,boundary_near,,,,False,,,0.0,0.0,0.0,0.0,0.0,0.0,0.0,0.0,0.0,0.0,1.0,0.0,0.0,0.0,0.0,0.0,0.0,0,0,0.0,0.0,decision_level_baseline_vs_candidate_path_memory_gap_audit,outer_loop_spatial_flow_belief_safe_explore_exploit_memory_v2_2
super_light_cluster,spatial_flow_belief_memory_h30,30,final_heldout,2,r10_l7_full_domain_randomisation_arena_wide_training,r10_l7_full_domain_randomisation_arena_wide_training,r10_super_light_cluster_spatial_flow_belief_memory_h30_final_0002,0,launch_gate,launch_gate,mild_turn_left,primvar_mild_turn_left_transition_object_c5942d118f74,baseline_and_memory_winner_match,True,primvar_mild_turn_left_transition_object_c5942d118f74,primvar_mild_turn_left_transition_object_c5942d118f74,0.0,0.0,0.03,0.0,1.0,0.000215837836833,0.000215837836833,0.0,0.0,0.0175473486990968,0.6164797713331244,0.0123295954266624,0.0,0.1,0.2,0.0,0.0,7,0,0.9824526513009032,0.6164797713331244,decision_level_baseline_vs_candidate_path_memory_gap_audit,outer_loop_spatial_flow_belief_safe_explore_exploit_memory_v2_2
super_light_cluster,spatial_flow_belief_memory_h30,30,final_heldout,2,r10_l7_full_domain_randomisation_arena_wide_training,r10_l7_full_domain_randomisation_arena_wide_training,r10_super_light_cluster_spatial_flow_belief_memory_h30_final_0002,1,inflight_nominal,inflight_stable,mild_turn_left,primvar_mild_turn_left_transition_object_c0027154e9bd,baseline_and_memory_winner_match,True,primvar_mild_turn_left_transition_object_c0027154e9bd,primvar_mild_turn_left_transition_object_c0027154e9bd,0.0,0.0,0.03,0.0,1.0,0.0002874787028601,0.0002874787028601,0.0,0.0,0.0434369374095978,0.6406045534159402,0.0128120910683188,0.0,0.1,0.2,0.0,0.0,7,0,0.956563062590402,0.6406045534159402,decision_level_baseline_vs_candidate_path_memory_gap_audit,outer_loop_spatial_flow_belief_safe_explore_exploit_memory_v2_2
super_light_cluster,spatial_flow_belief_memory_h30,30,final_heldout,2,r10_l7_full_domain_randomisation_arena_wide_training,r10_l7_full_domain_randomisation_arena_wide_training,r10_super_light_cluster_spatial_flow_belief_memory_h30_final_0002,2,inflight_recovery_edge,recoverable_degraded,safe_exit_or_recovery_handoff,primvar_safe_exit_or_recovery_handoff_transition_object_89fe6c2843f5,baseline_and_memory_winner_match,True,primvar_safe_exit_or_recovery_handoff_transition_object_89fe6c2843f5,primvar_safe_exit_or_recovery_handoff_transition_object_89fe6c2843f5,0.0,0.0,0.03,0.0,1.0,0.0007661860957448,0.0007661860957448,0.0,0.0,0.0695054527620439,0.6245683292193314,0.0124913665843866,0.0,0.1,0.2,0.0,0.0,7,0,0.930494547237956,0.6245683292193314,decision_level_baseline_vs_candidate_path_memory_gap_audit,outer_loop_spatial_flow_belief_safe_explore_exploit_memory_v2_2
super_light_cluster,spatial_flow_belief_memory_h30,30,final_heldout,2,r10_l7_full_domain_randomisation_arena_wide_training,r10_l7_full_domain_randomisation_arena_wide_training,r10_super_light_cluster_spatial_flow_belief_memory_h30_final_0002,3,inflight_recovery_edge,recoverable_degraded,safe_exit_or_recovery_handoff,primvar_safe_exit_or_recovery_handoff_transition_object_89fe6c2843f5,baseline_and_memory_winner_match,True,primvar_safe_exit_or_recovery_handoff_transition_object_89fe6c2843f5,primvar_safe_exit_or_recovery_handoff_transition_object_89fe6c2843f5,0.0,0.0,0.03,0.0,1.0,0.0012011495863006,0.0012011495863006,0.0,0.0,0.0608561178339731,0.6854198290391427,0.0137083965807828,0.0,0.1,0.2,0.0,0.0,7,0,0.9391438821660268,0.6854198290391427,decision_level_baseline_vs_candidate_path_memory_gap_audit,outer_loop_spatial_flow_belief_safe_explore_exploit_memory_v2_2
super_light_cluster,spatial_flow_belief_memory_h30,30,final_heldout,2,r10_l7_full_domain_randomisation_arena_wide_training,r10_l7_full_domain_randomisation_arena_wide_training,r10_super_light_cluster_spatial_flow_belief_memory_h30_final_0002,4,inflight_recovery_edge,recoverable_degraded,safe_exit_or_recovery_handoff,primvar_safe_exit_or_recovery_handoff_transition_object_eb5ec1f84c14,baseline_and_memory_winner_match,True,primvar_safe_exit_or_recovery_handoff_transition_object_eb5ec1f84c14,primvar_safe_exit_or_recovery_handoff_transition_object_eb5ec1f84c14,0.0,0.0,0.03,0.0,1.0,0.0010907675892496,0.0010907675892496,0.0,0.0,0.0714199459474842,0.6905778260531807,0.0138115565210636,0.0,0.1,0.2,0.0,0.0,7,0,0.9285800540525158,0.6905778260531807,decision_level_baseline_vs_candidate_path_memory_gap_audit,outer_loop_spatial_flow_belief_safe_explore_exploit_memory_v2_2
super_light_cluster,spatial_flow_belief_memory_h30,30,final_heldout,2,r10_l7_full_domain_randomisation_arena_wide_training,r10_l7_full_domain_randomisation_arena_wide_training,r10_super_light_cluster_spatial_flow_belief_memory_h30_final_0002,5,inflight_recovery_edge,recoverable_degraded,safe_exit_or_recovery_handoff,primvar_safe_exit_or_recovery_handoff_transition_object_eb5ec1f84c14,baseline_and_memory_winner_match,True,primvar_safe_exit_or_recovery_handoff_transition_object_eb5ec1f84c14,primvar_safe_exit_or_recovery_handoff_transition_object_eb5ec1f84c14,0.0,0.0,0.03,0.0,1.0,0.0007439931296131,0.0007439931296131,0.0,0.0,0.0659856710561918,0.7643296278255315,0.0152865925565106,0.0,0.1,0.2,0.0,0.0,5,0,0.9340143289438082,0.7643296278255315,decision_level_baseline_vs_candidate_path_memory_gap_audit,outer_loop_spatial_flow_belief_safe_explore_exploit_memory_v2_2
super_light_cluster,spatial_flow_belief_memory_h30,30,final_heldout,2,r10_l7_full_domain_randomisation_arena_wide_training,r10_l7_full_domain_randomisation_arena_wide_training,r10_super_light_cluster_spatial_flow_belief_memory_h30_final_0002,6,inflight_recovery_edge,recoverable_degraded,safe_exit_or_recovery_handoff,primvar_safe_exit_or_recovery_handoff_transition_object_eb5ec1f84c14,baseline_and_memory_winner_match,True,primvar_safe_exit_or_recovery_handoff_transition_object_eb5ec1f84c14,primvar_safe_exit_or_recovery_handoff_transition_object_eb5ec1f84c14,0.0,0.0,0.03,0.0,1.0,-2.350274545537268e-06,-2.350274545537268e-06,0.0,0.0,0.0734228727549613,0.845208060657039,0.0169041612131407,0.0,0.1,0.2,0.0,0.0,0,0,0.9265771272450386,0.845208060657039,decision_level_baseline_vs_candidate_path_memory_gap_audit,outer_loop_spatial_flow_belief_safe_explore_exploit_memory_v2_2
super_light_cluster,spatial_flow_belief_memory_h30,30,final_heldout,2,r10_l7_full_domain_randomisation_arena_wide_training,r10_l7_full_domain_randomisation_arena_wide_training,r10_super_light_cluster_spatial_flow_belief_memory_h30_final_0002,7,inflight_recovery_edge,recoverable_degraded,safe_exit_or_recovery_handoff,primvar_safe_exit_or_recovery_handoff_transition_object_eb5ec1f84c14,baseline_and_memory_winner_match,True,primvar_safe_exit_or_recovery_handoff_transition_object_eb5ec1f84c14,primvar_safe_exit_or_recovery_handoff_transition_object_eb5ec1f84c14,0.0,0.0,0.03,0.0,1.0,-0.0002594859791515,-0.0002594859791515,0.0,0.0,0.0394719979058807,0.9605280020941191,0.0192105600418823,0.0,0.1,0.2,0.0,0.0,0,0,0.9605280020941191,0.9605280020941191,decision_level_baseline_vs_candidate_path_memory_gap_audit,outer_loop_spatial_flow_belief_safe_explore_exploit_memory_v2_2
super_light_cluster,spatial_flow_belief_memory_h30,30,final_heldout,2,r10_l7_full_domain_randomisation_arena_wide_training,r10_l7_full_domain_randomisation_arena_wide_training,r10_super_light_cluster_spatial_flow_belief_memory_h30_final_0002,8,inflight_boundary_near,boundary_near,mild_turn_left,primvar_mild_turn_left_transition_object_dce8f75ea53c,baseline_and_memory_winner_match,True,primvar_mild_turn_left_transition_object_dce8f75ea53c,primvar_mild_turn_left_transition_object_dce8f75ea53c,0.0,0.0,0.03,0.0,1.0,-0.00027390253994,-0.00027390253994,0.0,0.0,0.0293368146545051,0.9706631853454948,0.0194132637069098,0.0,0.1,0.2,0.0,0.0,0,0,0.9706631853454948,0.9706631853454948,decision_level_baseline_vs_candidate_path_memory_gap_audit,outer_loop_spatial_flow_belief_safe_explore_exploit_memory_v2_2
super_light_cluster,spatial_flow_belief_memory_h30,30,final_heldout,2,r10_l7_full_domain_randomisation_arena_wide_training,r10_l7_full_domain_randomisation_arena_wide_training,r10_super_light_cluster_spatial_flow_belief_memory_h30_final_0002,9,inflight_boundary_near,boundary_near,energy_retaining_bank,primvar_energy_retaining_bank_transition_object_f378f7a74cce,baseline_and_memory_winner_match,True,primvar_energy_retaining_bank_transition_object_f378f7a74cce,primvar_energy_retaining_bank_transition_object_f378f7a74cce,0.0,0.0,0.03,0.0,1.0,-0.0002799804864903,-0.0002799804864903,0.0,0.0,0.0377164073403615,0.9622835926596384,0.0192456718531927,0.0,0.1,0.2,0.0,0.0,0,0,0.9622835926596384,0.9622835926596384,decision_level_baseline_vs_candidate_path_memory_gap_audit,outer_loop_spatial_flow_belief_safe_explore_exploit_memory_v2_2
super_light_cluster,spatial_flow_belief_memory_h30,30,final_heldout,2,r10_l7_full_domain_randomisation_arena_wide_training,r10_l7_full_domain_randomisation_arena_wide_training,r10_super_light_cluster_spatial_flow_belief_memory_h30_final_0002,10,inflight_boundary_near,boundary_near,energy_retaining_bank,primvar_energy_retaining_bank_transition_object_f378f7a74cce,baseline_and_memory_winner_match,True,primvar_energy_retaining_bank_transition_object_f378f7a74cce,primvar_energy_retaining_bank_transition_object_f378f7a74cce,0.0,0.0,0.03,0.0,1.0,-0.0002072176890146,-0.0002072176890146,0.0,0.0,0.0283516757132409,0.971648324286759,0.0194329664857351,0.0,0.1,0.2,0.0,0.0,0,0,0.971648324286759,0.971648324286759,decision_level_baseline_vs_candidate_path_memory_gap_audit,outer_loop_spatial_flow_belief_safe_explore_exploit_memory_v2_2
super_light_cluster,spatial_flow_belief_memory_h30,30,final_heldout,2,r10_l7_full_domain_randomisation_arena_wide_training,r10_l7_full_domain_randomisation_arena_wide_training,r10_super_light_cluster_spatial_flow_belief_memory_h30_final_0002,11,inflight_boundary_near,boundary_near,energy_retaining_bank,primvar_energy_retaining_bank_transition_object_f378f7a74cce,baseline_and_memory_winner_match,True,primvar_energy_retaining_bank_transition_object_f378f7a74cce,primvar_energy_retaining_bank_transition_object_f378f7a74cce,0.0,0.0,0.03,0.0,1.0,-0.0002980055732448,-0.0002980055732448,0.0,0.0,0.0403519777821519,0.959648022217848,0.0191929604443569,0.0,0.1,0.2,0.0,0.0,0,0,0.959648022217848,0.959648022217848,decision_level_baseline_vs_candidate_path_memory_gap_audit,outer_loop_spatial_flow_belief_safe_explore_exploit_memory_v2_2
no_cluster_no_merge,no_memory_baseline,0,final_heldout,8,r10_l7_full_domain_randomisation_arena_wide_training,r10_l7_full_domain_randomisation_arena_wide_training,r10_no_cluster_no_merge_no_memory_baseline_final_0008,0,launch_gate,launch_gate,mild_turn_left,primvar_mild_turn_left_transition_object_1bbffe24d4e9,not_active_no_candidate_path_memory,True,primvar_mild_turn_left_transition_object_1bbffe24d4e9,primvar_mild_turn_left_transition_object_1bbffe24d4e9,0.0,0.0,0.03,0.0,0.0,0.0,0.0,0.0,0.0,0.0,0.5334650713097457,0.0,0.0,0.1,0.2,0.0,0.0,0,0,1.0,0.5334650713097457,decision_level_baseline_vs_candidate_path_memory_gap_audit,outer_loop_spatial_flow_belief_safe_explore_exploit_memory_v2_2
no_cluster_no_merge,no_memory_baseline,0,final_heldout,8,r10_l7_full_domain_randomisation_arena_wide_training,r10_l7_full_domain_randomisation_arena_wide_training,r10_no_cluster_no_merge_no_memory_baseline_final_0008,1,inflight_nominal,inflight_stable,recovery,primvar_recovery_transition_object_4268876749b8,not_active_no_candidate_path_memory,True,primvar_recovery_transition_object_4268876749b8,primvar_recovery_transition_object_4268876749b8,0.0,0.0,0.03,0.0,0.0,0.0,0.0,0.0,0.0,0.0,0.5511246185248406,0.0,0.0,0.1,0.2,0.0,0.0,0,0,1.0,0.5511246185248406,decision_level_baseline_vs_candidate_path_memory_gap_audit,outer_loop_spatial_flow_belief_safe_explore_exploit_memory_v2_2
no_cluster_no_merge,no_memory_baseline,0,final_heldout,8,r10_l7_full_domain_randomisation_arena_wide_training,r10_l7_full_domain_randomisation_arena_wide_training,r10_no_cluster_no_merge_no_memory_baseline_final_0008,2,inflight_nominal,inflight_stable,recovery,primvar_recovery_transition_object_4268876749b8,not_active_no_candidate_path_memory,True,primvar_recovery_transition_object_4268876749b8,primvar_recovery_transition_object_4268876749b8,0.0,0.0,0.03,0.0,0.0,0.0,0.0,0.0,0.0,0.0,0.5780282019338425,0.0,0.0,0.1,0.2,0.0,0.0,0,0,1.0,0.5780282019338425,decision_level_baseline_vs_candidate_path_memory_gap_audit,outer_loop_spatial_flow_belief_safe_explore_exploit_memory_v2_2
no_cluster_no_merge,no_memory_baseline,0,final_heldout,8,r10_l7_full_domain_randomisation_arena_wide_training,r10_l7_full_domain_randomisation_arena_wide_training,r10_no_cluster_no_merge_no_memory_baseline_final_0008,3,inflight_nominal,inflight_stable,recovery,primvar_recovery_transition_object_4268876749b8,not_active_no_candidate_path_memory,True,primvar_recovery_transition_object_4268876749b8,primvar_recovery_transition_object_4268876749b8,0.0,0.0,0.03,0.0,0.0,0.0,0.0,0.0,0.0,0.0,0.6118331174434768,0.0,0.0,0.1,0.2,0.0,0.0,0,0,1.0,0.6118331174434768,decision_level_baseline_vs_candidate_path_memory_gap_audit,outer_loop_spatial_flow_belief_safe_explore_exploit_memory_v2_2
no_cluster_no_merge,no_memory_baseline,0,final_heldout,8,r10_l7_full_domain_randomisation_arena_wide_training,r10_l7_full_domain_randomisation_arena_wide_training,r10_no_cluster_no_merge_no_memory_baseline_final_0008,4,inflight_recovery_edge,recoverable_degraded,safe_exit_or_recovery_handoff,primvar_safe_exit_or_recovery_handoff_transition_object_54443200afd9,not_active_no_candidate_path_memory,True,primvar_safe_exit_or_recovery_handoff_transition_object_54443200afd9,primvar_safe_exit_or_recovery_handoff_transition_object_54443200afd9,0.0,0.0,0.03,0.0,0.0,0.0,0.0,0.0,0.0,0.0,0.6557949315010199,0.0,0.0,0.1,0.2,0.0,0.0,0,0,1.0,0.6557949315010199,decision_level_baseline_vs_candidate_path_memory_gap_audit,outer_loop_spatial_flow_belief_safe_explore_exploit_memory_v2_2
no_cluster_no_merge,no_memory_baseline,0,final_heldout,8,r10_l7_full_domain_randomisation_arena_wide_training,r10_l7_full_domain_randomisation_arena_wide_training,r10_no_cluster_no_merge_no_memory_baseline_final_0008,5,inflight_nominal,inflight_stable,lift_entry,primvar_lift_entry_transition_object_a65393bbc7f9,not_active_no_candidate_path_memory,True,primvar_lift_entry_transition_object_a65393bbc7f9,primvar_lift_entry_transition_object_a65393bbc7f9,0.0,0.0,0.03,0.0,0.0,0.0,0.0,0.0,0.0,0.0,0.7660630323874796,0.0,0.0,0.1,0.2,0.0,0.0,0,0,1.0,0.7660630323874796,decision_level_baseline_vs_candidate_path_memory_gap_audit,outer_loop_spatial_flow_belief_safe_explore_exploit_memory_v2_2
no_cluster_no_merge,no_memory_baseline,0,final_heldout,8,r10_l7_full_domain_randomisation_arena_wide_training,r10_l7_full_domain_randomisation_arena_wide_training,r10_no_cluster_no_merge_no_memory_baseline_final_0008,6,inflight_nominal,inflight_stable,lift_entry,primvar_lift_entry_transition_object_a65393bbc7f9,not_active_no_candidate_path_memory,True,primvar_lift_entry_transition_object_a65393bbc7f9,primvar_lift_entry_transition_object_a65393bbc7f9,0.0,0.0,0.03,0.0,0.0,0.0,0.0,0.0,0.0,0.0,0.8391658776245333,0.0,0.0,0.1,0.2,0.0,0.0,0,0,1.0,0.8391658776245333,decision_level_baseline_vs_candidate_path_memory_gap_audit,outer_loop_spatial_flow_belief_safe_explore_exploit_memory_v2_2
no_cluster_no_merge,no_memory_baseline,0,final_heldout,8,r10_l7_full_domain_randomisation_arena_wide_training,r10_l7_full_domain_randomisation_arena_wide_training,r10_no_cluster_no_merge_no_memory_baseline_final_0008,7,inflight_nominal,inflight_stable,lift_entry,primvar_lift_entry_transition_object_a65393bbc7f9,not_active_no_candidate_path_memory,True,primvar_lift_entry_transition_object_a65393bbc7f9,primvar_lift_entry_transition_object_a65393bbc7f9,0.0,0.0,0.03,0.0,0.0,0.0,0.0,0.0,0.0,0.0,0.9366529348561702,0.0,0.0,0.1,0.2,0.0,0.0,0,0,1.0,0.9366529348561702,decision_level_baseline_vs_candidate_path_memory_gap_audit,outer_loop_spatial_flow_belief_safe_explore_exploit_memory_v2_2
no_cluster_no_merge,no_memory_baseline,0,final_heldout,8,r10_l7_full_domain_randomisation_arena_wide_training,r10_l7_full_domain_randomisation_arena_wide_training,r10_no_cluster_no_merge_no_memory_baseline_final_0008,8,inflight_nominal,inflight_stable,lift_entry,primvar_lift_entry_transition_object_a65393bbc7f9,not_active_no_candidate_path_memory,True,primvar_lift_entry_transition_object_a65393bbc7f9,primvar_lift_entry_transition_object_a65393bbc7f9,0.0,0.0,0.03,0.0,0.0,0.0,0.0,0.0,0.0,0.0,1.0,0.0,0.0,0.1,0.2,0.0,0.0,0,0,1.0,1.0,decision_level_baseline_vs_candidate_path_memory_gap_audit,outer_loop_spatial_flow_belief_safe_explore_exploit_memory_v2_2
no_cluster_no_merge,no_memory_baseline,0,final_heldout,8,r10_l7_full_domain_randomisation_arena_wide_training,r10_l7_full_domain_randomisation_arena_wide_training,r10_no_cluster_no_merge_no_memory_baseline_final_0008,9,inflight_boundary_near,boundary_near,mild_turn_left,primvar_mild_turn_left_transition_object_dce8f75ea53c,not_active_no_candidate_path_memory,True,primvar_mild_turn_left_transition_object_dce8f75ea53c,primvar_mild_turn_left_transition_object_dce8f75ea53c,0.0,0.0,0.03,0.0,0.0,0.0,0.0,0.0,0.0,0.0,1.0,0.0,0.0,0.1,0.2,0.0,0.0,0,0,1.0,1.0,decision_level_baseline_vs_candidate_path_memory_gap_audit,outer_loop_spatial_flow_belief_safe_explore_exploit_memory_v2_2
no_cluster_no_merge,no_memory_baseline,0,final_heldout,8,r10_l7_full_domain_randomisation_arena_wide_training,r10_l7_full_domain_randomisation_arena_wide_training,r10_no_cluster_no_merge_no_memory_baseline_final_0008,10,inflight_boundary_near,boundary_near,energy_retaining_bank,primvar_energy_retaining_bank_transition_object_4ba16dc62b26,not_active_no_candidate_path_memory,True,primvar_energy_retaining_bank_transition_object_4ba16dc62b26,primvar_energy_retaining_bank_transition_object_4ba16dc62b26,0.0,0.0,0.03,0.0,0.0,0.0,0.0,0.0,0.0,0.0,1.0,0.0,0.0,0.1,0.2,0.0,0.0,0,0,1.0,1.0,decision_level_baseline_vs_candidate_path_memory_gap_audit,outer_loop_spatial_flow_belief_safe_explore_exploit_memory_v2_2
no_cluster_no_merge,no_memory_baseline,0,final_heldout,8,r10_l7_full_domain_randomisation_arena_wide_training,r10_l7_full_domain_randomisation_arena_wide_training,r10_no_cluster_no_merge_no_memory_baseline_final_0008,11,inflight_boundary_near,boundary_near,mild_turn_left,primvar_mild_turn_left_transition_object_dce8f75ea53c,not_active_no_candidate_path_memory,True,primvar_mild_turn_left_transition_object_dce8f75ea53c,primvar_mild_turn_left_transition_object_dce8f75ea53c,0.0,0.0,0.03,0.0,0.0,0.0,0.0,0.0,0.0,0.0,1.0,0.0,0.0,0.1,0.2,0.0,0.0,0,0,1.0,1.0,decision_level_baseline_vs_candidate_path_memory_gap_audit,outer_loop_spatial_flow_belief_safe_explore_exploit_memory_v2_2
no_cluster_no_merge,no_memory_baseline,0,final_heldout,9,r10_l7_full_domain_randomisation_arena_wide_training,r10_l7_full_domain_randomisation_arena_wide_training,r10_no_cluster_no_merge_no_memory_baseline_final_0009,0,launch_gate,launch_gate,mild_turn_right,primvar_mild_turn_right_transition_object_800116bd9d08,not_active_no_candidate_path_memory,True,primvar_mild_turn_right_transition_object_800116bd9d08,primvar_mild_turn_right_transition_object_800116bd9d08,0.0,0.0,0.03,0.0,0.0,0.0,0.0,0.0,0.0,0.0,0.6707284051922116,0.0,0.0,0.1,0.2,0.0,0.0,0,0,1.0,0.6707284051922116,decision_level_baseline_vs_candidate_path_memory_gap_audit,outer_loop_spatial_flow_belief_safe_explore_exploit_memory_v2_2
no_cluster_no_merge,no_memory_baseline,0,final_heldout,9,r10_l7_full_domain_randomisation_arena_wide_training,r10_l7_full_domain_randomisation_arena_wide_training,r10_no_cluster_no_merge_no_memory_baseline_final_0009,1,inflight_boundary_near,boundary_near,lift_dwell_arc,primvar_lift_dwell_arc_transition_object_dc88f167daff,not_active_no_candidate_path_memory,True,primvar_lift_dwell_arc_transition_object_dc88f167daff,primvar_lift_dwell_arc_transition_object_dc88f167daff,0.0,0.0,0.03,0.0,0.0,0.0,0.0,0.0,0.0,0.0,0.7217471904559954,0.0,0.0,0.1,0.2,0.0,0.0,0,0,1.0,0.7217471904559954,decision_level_baseline_vs_candidate_path_memory_gap_audit,outer_loop_spatial_flow_belief_safe_explore_exploit_memory_v2_2
no_cluster_no_merge,no_memory_baseline,0,final_heldout,9,r10_l7_full_domain_randomisation_arena_wide_training,r10_l7_full_domain_randomisation_arena_wide_training,r10_no_cluster_no_merge_no_memory_baseline_final_0009,2,inflight_boundary_near,boundary_near,lift_dwell_arc,primvar_lift_dwell_arc_transition_object_dc88f167daff,not_active_no_candidate_path_memory,True,primvar_lift_dwell_arc_transition_object_dc88f167daff,primvar_lift_dwell_arc_transition_object_dc88f167daff,0.0,0.0,0.03,0.0,0.0,0.0,0.0,0.0,0.0,0.0,0.7910968638158266,0.0,0.0,0.1,0.2,0.0,0.0,0,0,1.0,0.7910968638158266,decision_level_baseline_vs_candidate_path_memory_gap_audit,outer_loop_spatial_flow_belief_safe_explore_exploit_memory_v2_2
no_cluster_no_merge,no_memory_baseline,0,final_heldout,9,r10_l7_full_domain_randomisation_arena_wide_training,r10_l7_full_domain_randomisation_arena_wide_training,r10_no_cluster_no_merge_no_memory_baseline_final_0009,3,inflight_boundary_near,boundary_near,lift_dwell_arc,primvar_lift_dwell_arc_transition_object_dc88f167daff,not_active_no_candidate_path_memory,True,primvar_lift_dwell_arc_transition_object_dc88f167daff,primvar_lift_dwell_arc_transition_object_dc88f167daff,0.0,0.0,0.03,0.0,0.0,0.0,0.0,0.0,0.0,0.0,0.882071686000731,0.0,0.0,0.1,0.2,0.0,0.0,0,0,1.0,0.882071686000731,decision_level_baseline_vs_candidate_path_memory_gap_audit,outer_loop_spatial_flow_belief_safe_explore_exploit_memory_v2_2
no_cluster_no_merge,no_memory_baseline,0,final_heldout,9,r10_l7_full_domain_randomisation_arena_wide_training,r10_l7_full_domain_randomisation_arena_wide_training,r10_no_cluster_no_merge_no_memory_baseline_final_0009,4,inflight_boundary_near,boundary_near,energy_retaining_bank,primvar_energy_retaining_bank_transition_object_59f915f98b46,not_active_no_candidate_path_memory,True,primvar_energy_retaining_bank_transition_object_59f915f98b46,primvar_energy_retaining_bank_transition_object_59f915f98b46,0.0,0.0,0.03,0.0,0.0,0.0,0.0,0.0,0.0,0.0,1.0,0.0,0.0,0.1,0.2,0.0,0.0,0,0,1.0,1.0,decision_level_baseline_vs_candidate_path_memory_gap_audit,outer_loop_spatial_flow_belief_safe_explore_exploit_memory_v2_2
no_cluster_no_merge,no_memory_baseline,0,final_heldout,9,r10_l7_full_domain_randomisation_arena_wide_training,r10_l7_full_domain_randomisation_arena_wide_training,r10_no_cluster_no_merge_no_memory_baseline_final_0009,5,inflight_boundary_near,boundary_near,energy_retaining_bank,primvar_energy_retaining_bank_transition_object_59f915f98b46,not_active_no_candidate_path_memory,True,primvar_energy_retaining_bank_transition_object_59f915f98b46,primvar_energy_retaining_bank_transition_object_59f915f98b46,0.0,0.0,0.03,0.0,0.0,0.0,0.0,0.0,0.0,0.0,1.0,0.0,0.0,0.1,0.2,0.0,0.0,0,0,1.0,1.0,decision_level_baseline_vs_candidate_path_memory_gap_audit,outer_loop_spatial_flow_belief_safe_explore_exploit_memory_v2_2
no_cluster_no_merge,no_memory_baseline,0,final_heldout,9,r10_l7_full_domain_randomisation_arena_wide_training,r10_l7_full_domain_randomisation_arena_wide_training,r10_no_cluster_no_merge_no_memory_baseline_final_0009,6,inflight_boundary_near,boundary_near,energy_retaining_bank,primvar_energy_retaining_bank_transition_object_59f915f98b46,not_active_no_candidate_path_memory,True,primvar_energy_retaining_bank_transition_object_59f915f98b46,primvar_energy_retaining_bank_transition_object_59f915f98b46,0.0,0.0,0.03,0.0,0.0,0.0,0.0,0.0,0.0,0.0,1.0,0.0,0.0,0.1,0.2,0.0,0.0,0,0,1.0,1.0,decision_level_baseline_vs_candidate_path_memory_gap_audit,outer_loop_spatial_flow_belief_safe_explore_exploit_memory_v2_2
no_cluster_no_merge,no_memory_baseline,0,final_heldout,9,r10_l7_full_domain_randomisation_arena_wide_training,r10_l7_full_domain_randomisation_arena_wide_training,r10_no_cluster_no_merge_no_memory_baseline_final_0009,7,inflight_boundary_near,boundary_near,energy_retaining_bank,primvar_energy_retaining_bank_transition_object_59f915f98b46,not_active_no_candidate_path_memory,True,primvar_energy_retaining_bank_transition_object_59f915f98b46,primvar_energy_retaining_bank_transition_object_59f915f98b46,0.0,0.0,0.03,0.0,0.0,0.0,0.0,0.0,0.0,0.0,1.0,0.0,0.0,0.1,0.2,0.0,0.0,0,0,1.0,1.0,decision_level_baseline_vs_candidate_path_memory_gap_audit,outer_loop_spatial_flow_belief_safe_explore_exploit_memory_v2_2
no_cluster_no_merge,no_memory_baseline,0,final_heldout,9,r10_l7_full_domain_randomisation_arena_wide_training,r10_l7_full_domain_randomisation_arena_wide_training,r10_no_cluster_no_merge_no_memory_baseline_final_0009,8,inflight_boundary_near,boundary_near,safe_exit_or_recovery_handoff,primvar_safe_exit_or_recovery_handoff_transition_object_989fb41df8c2,not_active_no_candidate_path_memory,True,primvar_safe_exit_or_recovery_handoff_transition_object_989fb41df8c2,primvar_safe_exit_or_recovery_handoff_transition_object_989fb41df8c2,0.0,0.0,0.03,0.0,0.0,0.0,0.0,0.0,0.0,0.0,1.0,0.0,0.0,0.1,0.2,0.0,0.0,0,0,1.0,1.0,decision_level_baseline_vs_candidate_path_memory_gap_audit,outer_loop_spatial_flow_belief_safe_explore_exploit_memory_v2_2
super_light_cluster,spatial_flow_belief_memory_h30,30,final_heldout,6,r10_l7_full_domain_randomisation_arena_wide_training,r10_l7_full_domain_randomisation_arena_wide_training,r10_super_light_cluster_spatial_flow_belief_memory_h30_final_0006,0,launch_gate,launch_gate,mild_turn_left,primvar_mild_turn_left_transition_object_c5942d118f74,baseline_and_memory_winner_match,True,primvar_mild_turn_left_transition_object_c5942d118f74,primvar_mild_turn_left_transition_object_c5942d118f74,0.0,0.0,0.03,0.0,1.0,0.0,0.0,0.0,0.0,6.459082758774575e-16,0.639311001456433,0.0127862200291286,0.0,0.1,0.2,1.1060694671906815e-25,6.946200213356144e-23,7,4,0.9999999999999992,0.639311001456433,decision_level_baseline_vs_candidate_path_memory_gap_audit,outer_loop_spatial_flow_belief_safe_explore_exploit_memory_v2_2
super_light_cluster,spatial_flow_belief_memory_h30,30,final_heldout,6,r10_l7_full_domain_randomisation_arena_wide_training,r10_l7_full_domain_randomisation_arena_wide_training,r10_super_light_cluster_spatial_flow_belief_memory_h30_final_0006,1,inflight_nominal,inflight_stable,recovery,primvar_recovery_transition_object_a9d2daacfd0f,baseline_and_memory_winner_match,True,primvar_recovery_transition_object_a9d2daacfd0f,primvar_recovery_transition_object_a9d2daacfd0f,0.0,0.0,0.03,0.0,1.0,0.0002099759965927,0.0002099759965927,0.0,0.0,0.0336140207139541,0.6210430699659321,0.0124208613993186,0.0,0.1,0.2,0.0,0.0,7,0,0.966385979286046,0.6210430699659321,decision_level_baseline_vs_candidate_path_memory_gap_audit,outer_loop_spatial_flow_belief_safe_explore_exploit_memory_v2_2
super_light_cluster,spatial_flow_belief_memory_h30,30,final_heldout,6,r10_l7_full_domain_randomisation_arena_wide_training,r10_l7_full_domain_randomisation_arena_wide_training,r10_super_light_cluster_spatial_flow_belief_memory_h30_final_0006,2,inflight_recovery_edge,recoverable_degraded,safe_exit_or_recovery_handoff,primvar_safe_exit_or_recovery_handoff_transition_object_89fe6c2843f5,baseline_and_memory_winner_match,True,primvar_safe_exit_or_recovery_handoff_transition_object_89fe6c2843f5,primvar_safe_exit_or_recovery_handoff_transition_object_89fe6c2843f5,0.0,0.0,0.03,0.0,1.0,0.0002618468654912,0.0002618468654912,0.0,0.0,0.0358403661019077,0.6644794386184834,0.0132895887723696,0.0,0.1,0.2,0.0,0.0,7,0,0.9641596338980922,0.6644794386184834,decision_level_baseline_vs_candidate_path_memory_gap_audit,outer_loop_spatial_flow_belief_safe_explore_exploit_memory_v2_2
super_light_cluster,spatial_flow_belief_memory_h30,30,final_heldout,6,r10_l7_full_domain_randomisation_arena_wide_training,r10_l7_full_domain_randomisation_arena_wide_training,r10_super_light_cluster_spatial_flow_belief_memory_h30_final_0006,3,inflight_recovery_edge,recoverable_degraded,safe_exit_or_recovery_handoff,primvar_safe_exit_or_recovery_handoff_transition_object_eb5ec1f84c14,baseline_and_memory_winner_match,True,primvar_safe_exit_or_recovery_handoff_transition_object_eb5ec1f84c14,primvar_safe_exit_or_recovery_handoff_transition_object_eb5ec1f84c14,0.0,0.0,0.03,0.0,1.0,0.000239403708271,0.000239403708271,0.0,0.0,0.0369515728589265,0.6665992197967656,0.0133319843959353,0.0,0.1,0.2,0.0,0.0,7,0,0.9630484271410734,0.6665992197967656,decision_level_baseline_vs_candidate_path_memory_gap_audit,outer_loop_spatial_flow_belief_safe_explore_exploit_memory_v2_2
super_light_cluster,spatial_flow_belief_memory_h30,30,final_heldout,6,r10_l7_full_domain_randomisation_arena_wide_training,r10_l7_full_domain_randomisation_arena_wide_training,r10_super_light_cluster_spatial_flow_belief_memory_h30_final_0006,4,inflight_recovery_edge,recoverable_degraded,safe_exit_or_recovery_handoff,primvar_safe_exit_or_recovery_handoff_transition_object_54443200afd9,baseline_and_memory_winner_match,True,primvar_safe_exit_or_recovery_handoff_transition_object_54443200afd9,primvar_safe_exit_or_recovery_handoff_transition_object_54443200afd9,0.0,0.0,0.03,0.0,1.0,0.0002033768116446,0.0002033768116446,0.0,0.0,0.0372687225389714,0.6602928648964803,0.0132058572979296,0.0,0.1,0.2,0.0,0.0,7,0,0.9627312774610286,0.6602928648964803,decision_level_baseline_vs_candidate_path_memory_gap_audit,outer_loop_spatial_flow_belief_safe_explore_exploit_memory_v2_2
super_light_cluster,spatial_flow_belief_memory_h30,30,final_heldout,6,r10_l7_full_domain_randomisation_arena_wide_training,r10_l7_full_domain_randomisation_arena_wide_training,r10_super_light_cluster_spatial_flow_belief_memory_h30_final_0006,5,inflight_recovery_edge,recoverable_degraded,safe_exit_or_recovery_handoff,primvar_safe_exit_or_recovery_handoff_transition_object_54443200afd9,baseline_and_memory_winner_match,True,primvar_safe_exit_or_recovery_handoff_transition_object_54443200afd9,primvar_safe_exit_or_recovery_handoff_transition_object_54443200afd9,0.0,0.0,0.03,0.0,1.0,0.0001110830779739,0.0001110830779739,0.0,0.0,0.0368613813400264,0.7044982095526219,0.0140899641910524,0.0,0.1,0.2,0.0,0.0,7,0,0.9631386186599736,0.7044982095526219,decision_level_baseline_vs_candidate_path_memory_gap_audit,outer_loop_spatial_flow_belief_safe_explore_exploit_memory_v2_2
super_light_cluster,spatial_flow_belief_memory_h30,30,final_heldout,6,r10_l7_full_domain_randomisation_arena_wide_training,r10_l7_full_domain_randomisation_arena_wide_training,r10_super_light_cluster_spatial_flow_belief_memory_h30_final_0006,6,inflight_recovery_edge,recoverable_degraded,safe_exit_or_recovery_handoff,primvar_safe_exit_or_recovery_handoff_transition_object_5e603211d22a,baseline_and_memory_winner_match,True,primvar_safe_exit_or_recovery_handoff_transition_object_5e603211d22a,primvar_safe_exit_or_recovery_handoff_transition_object_5e603211d22a,0.0,0.0,0.03,0.0,1.0,-3.917960237714846e-06,-3.917960237714846e-06,0.0,0.0,0.0362668710722456,0.6902252241440456,0.0138045044828809,0.0,0.1,0.2,0.0,0.0,7,0,0.9637331289277544,0.6902252241440456,decision_level_baseline_vs_candidate_path_memory_gap_audit,outer_loop_spatial_flow_belief_safe_explore_exploit_memory_v2_2
super_light_cluster,spatial_flow_belief_memory_h30,30,final_heldout,6,r10_l7_full_domain_randomisation_arena_wide_training,r10_l7_full_domain_randomisation_arena_wide_training,r10_super_light_cluster_spatial_flow_belief_memory_h30_final_0006,7,inflight_recovery_edge,recoverable_degraded,safe_exit_or_recovery_handoff,primvar_safe_exit_or_recovery_handoff_transition_object_5e603211d22a,baseline_and_memory_winner_match,True,primvar_safe_exit_or_recovery_handoff_transition_object_5e603211d22a,primvar_safe_exit_or_recovery_handoff_transition_object_5e603211d22a,0.0,0.0,0.03,0.0,1.0,-0.000104365828225,-0.000104365828225,0.0,0.0,0.0326880361591261,0.7373083314467341,0.0147461666289346,0.0,0.1,0.2,0.0,0.0,6,0,0.967311963840874,0.7373083314467341,decision_level_baseline_vs_candidate_path_memory_gap_audit,outer_loop_spatial_flow_belief_safe_explore_exploit_memory_v2_2
super_light_cluster,spatial_flow_belief_memory_h30,30,final_heldout,6,r10_l7_full_domain_randomisation_arena_wide_training,r10_l7_full_domain_randomisation_arena_wide_training,r10_super_light_cluster_spatial_flow_belief_memory_h30_final_0006,8,inflight_boundary_near,boundary_near,lift_dwell_arc,primvar_lift_dwell_arc_transition_object_9643c5747c99,baseline_and_memory_winner_match,True,primvar_lift_dwell_arc_transition_object_9643c5747c99,primvar_lift_dwell_arc_transition_object_9643c5747c99,0.0,0.0,0.03,0.0,1.0,-7.582651254112172e-05,-7.582651254112172e-05,0.0,0.0,0.0558794977184493,0.8000647914857499,0.016001295829715,0.0,0.1,0.2,0.0,0.0,1,0,0.9441205022815506,0.8000647914857499,decision_level_baseline_vs_candidate_path_memory_gap_audit,outer_loop_spatial_flow_belief_safe_explore_exploit_memory_v2_2
super_light_cluster,spatial_flow_belief_memory_h30,30,final_heldout,6,r10_l7_full_domain_randomisation_arena_wide_training,r10_l7_full_domain_randomisation_arena_wide_training,r10_super_light_cluster_spatial_flow_belief_memory_h30_final_0006,9,inflight_boundary_near,boundary_near,lift_dwell_arc,primvar_lift_dwell_arc_transition_object_9643c5747c99,baseline_and_memory_winner_match,True,primvar_lift_dwell_arc_transition_object_9643c5747c99,primvar_lift_dwell_arc_transition_object_9643c5747c99,0.0,0.0,0.03,0.0,1.0,-0.0002542083481267,-0.0002542083481267,0.0,0.0,0.0412931620179524,0.853808017425348,0.0170761603485069,0.0,0.1,0.2,0.0,0.0,0,0,0.9587068379820476,0.853808017425348,decision_level_baseline_vs_candidate_path_memory_gap_audit,outer_loop_spatial_flow_belief_safe_explore_exploit_memory_v2_2
super_light_cluster,spatial_flow_belief_memory_h30,30,final_heldout,6,r10_l7_full_domain_randomisation_arena_wide_training,r10_l7_full_domain_randomisation_arena_wide_training,r10_super_light_cluster_spatial_flow_belief_memory_h30_final_0006,10,inflight_boundary_near,boundary_near,lift_dwell_arc,primvar_lift_dwell_arc_transition_object_9643c5747c99,baseline_and_memory_winner_match,True,primvar_lift_dwell_arc_transition_object_9643c5747c99,primvar_lift_dwell_arc_transition_object_9643c5747c99,0.0,0.0,0.03,0.0,1.0,-0.0002746116195141,-0.0002746116195141,0.0,0.0,0.0338467857821402,0.8756882813835065,0.0175137656276701,0.0,0.1,0.2,0.0,0.0,0,0,0.9661532142178596,0.8756882813835065,decision_level_baseline_vs_candidate_path_memory_gap_audit,outer_loop_spatial_flow_belief_safe_explore_exploit_memory_v2_2
super_light_cluster,spatial_flow_belief_memory_h30,30,final_heldout,6,r10_l7_full_domain_randomisation_arena_wide_training,r10_l7_full_domain_randomisation_arena_wide_training,r10_super_light_cluster_spatial_flow_belief_memory_h30_final_0006,11,inflight_boundary_near,boundary_near,lift_dwell_arc,primvar_lift_dwell_arc_transition_object_3d4acb04abc7,baseline_and_memory_winner_match,True,primvar_lift_dwell_arc_transition_object_3d4acb04abc7,primvar_lift_dwell_arc_transition_object_3d4acb04abc7,0.0,0.0,0.03,0.0,1.0,-0.0003251096399742,-0.0003251096399742,0.0,0.0,0.033759710181263,0.8798112542326381,0.0175962250846527,0.0,0.1,0.2,0.0,0.0,0,0,0.966240289818737,0.8798112542326381,decision_level_baseline_vs_candidate_path_memory_gap_audit,outer_loop_spatial_flow_belief_safe_explore_exploit_memory_v2_2
super_light_cluster,spatial_flow_belief_memory_h30,30,final_heldout,6,r10_l7_full_domain_randomisation_arena_wide_training,r10_l7_full_domain_randomisation_arena_wide_training,r10_super_light_cluster_spatial_flow_belief_memory_h30_final_0006,12,inflight_boundary_near,boundary_near,lift_dwell_arc,primvar_lift_dwell_arc_transition_object_3d4acb04abc7,baseline_and_memory_winner_match,True,primvar_lift_dwell_arc_transition_object_3d4acb04abc7,primvar_lift_dwell_arc_transition_object_3d4acb04abc7,0.0,0.0,0.03,0.0,1.0,-0.0003421202361189,-0.0003421202361189,0.0,0.0,0.0319371944442142,0.722996512848043,0.0144599302569608,0.0,0.1,0.2,0.0,0.0,0,0,0.9680628055557856,0.722996512848043,decision_level_baseline_vs_candidate_path_memory_gap_audit,outer_loop_spatial_flow_belief_safe_explore_exploit_memory_v2_2
no_cluster_no_merge,spatial_flow_belief_memory_h3,3,final_heldout,0,r10_l7_full_domain_randomisation_arena_wide_training,r10_l7_full_domain_randomisation_arena_wide_training,r10_no_cluster_no_merge_spatial_flow_belief_memory_h3_final_0000,0,launch_gate,launch_gate,lift_dwell_arc,primvar_lift_dwell_arc_transition_object_4467119e2d78,baseline_and_memory_winner_match,True,primvar_lift_dwell_arc_transition_object_4467119e2d78,primvar_lift_dwell_arc_transition_object_4467119e2d78,0.0,0.0,0.03,0.0,1.0,7.956639238360097e-05,7.956639238360097e-05,0.0,0.0,0.032228032862279,0.6837917153798617,0.0136758343075972,0.0,0.1,0.2,0.0,0.0,7,0,0.967771967137721,0.6837917153798617,decision_level_baseline_vs_candidate_path_memory_gap_audit,outer_loop_spatial_flow_belief_safe_explore_exploit_memory_v2_2
no_cluster_no_merge,spatial_flow_belief_memory_h3,3,final_heldout,0,r10_l7_full_domain_randomisation_arena_wide_training,r10_l7_full_domain_randomisation_arena_wide_training,r10_no_cluster_no_merge_spatial_flow_belief_memory_h3_final_0000,1,inflight_boundary_near,boundary_near,lift_dwell_arc,primvar_lift_dwell_arc_transition_object_cd89af02a2de,baseline_and_memory_winner_match,True,primvar_lift_dwell_arc_transition_object_cd89af02a2de,primvar_lift_dwell_arc_transition_object_cd89af02a2de,0.0,0.0,0.03,0.0,1.0,0.0001472098673616,0.0001472098673616,0.0,0.0,0.0998726073101331,0.6889830979724844,0.0137796619594496,0.0,0.1,0.2,0.0,0.0,7,0,0.9001273926898669,0.6889830979724844,decision_level_baseline_vs_candidate_path_memory_gap_audit,outer_loop_spatial_flow_belief_safe_explore_exploit_memory_v2_2
no_cluster_no_merge,spatial_flow_belief_memory_h3,3,final_heldout,0,r10_l7_full_domain_randomisation_arena_wide_training,r10_l7_full_domain_randomisation_arena_wide_training,r10_no_cluster_no_merge_spatial_flow_belief_memory_h3_final_0000,2,inflight_boundary_near,boundary_near,lift_dwell_arc,primvar_lift_dwell_arc_transition_object_cd89af02a2de,baseline_and_memory_winner_match,True,primvar_lift_dwell_arc_transition_object_cd89af02a2de,primvar_lift_dwell_arc_transition_object_cd89af02a2de,0.0,0.0,0.03,0.0,1.0,-2.250580455742668e-05,-2.250580455742668e-05,0.0,0.0,0.066554125617784,0.7853783636641337,0.0157075672732826,0.0,0.1,0.2,0.0,0.0,7,0,0.933445874382216,0.7853783636641337,decision_level_baseline_vs_candidate_path_memory_gap_audit,outer_loop_spatial_flow_belief_safe_explore_exploit_memory_v2_2
no_cluster_no_merge,spatial_flow_belief_memory_h3,3,final_heldout,0,r10_l7_full_domain_randomisation_arena_wide_training,r10_l7_full_domain_randomisation_arena_wide_training,r10_no_cluster_no_merge_spatial_flow_belief_memory_h3_final_0000,3,inflight_boundary_near,boundary_near,lift_dwell_arc,primvar_lift_dwell_arc_transition_object_cd89af02a2de,baseline_and_memory_winner_match,True,primvar_lift_dwell_arc_transition_object_cd89af02a2de,primvar_lift_dwell_arc_transition_object_cd89af02a2de,0.0,0.0,0.03,0.0,1.0,-3.664101303146872e-05,-3.664101303146872e-05,0.0,0.0,0.0532608754053116,0.8964811881038652,0.0179296237620773,0.0,0.1,0.2,0.0,0.0,0,0,0.9467391245946885,0.8964811881038652,decision_level_baseline_vs_candidate_path_memory_gap_audit,outer_loop_spatial_flow_belief_safe_explore_exploit_memory_v2_2
no_cluster_no_merge,spatial_flow_belief_memory_h3,3,final_heldout,0,r10_l7_full_domain_randomisation_arena_wide_training,r10_l7_full_domain_randomisation_arena_wide_training,r10_no_cluster_no_merge_spatial_flow_belief_memory_h3_final_0000,4,inflight_boundary_near,boundary_near,energy_retaining_bank,primvar_energy_retaining_bank_transition_object_3a8f96df7926,rejected_exploration_cross_family_without_memory_confidence,False,primvar_energy_retaining_bank_transition_object_3a8f96df7926,primvar_lift_dwell_arc_transition_object_dc88f167daff,4.025531162410445e-06,6.415838178508437e-07,0.03,0.0,1.0,-3.78472581736844e-05,-3.78472581736844e-05,0.0,641.5838178508437,0.0475790260810546,0.9524209739189452,0.0190484194783789,0.0,0.1,0.2,0.0,0.0,0,0,0.9522517765517168,0.9522517765517168,decision_level_baseline_vs_candidate_path_memory_gap_audit,outer_loop_spatial_flow_belief_safe_explore_exploit_memory_v2_2
no_cluster_no_merge,spatial_flow_belief_memory_h3,3,final_heldout,0,r10_l7_full_domain_randomisation_arena_wide_training,r10_l7_full_domain_randomisation_arena_wide_training,r10_no_cluster_no_merge_spatial_flow_belief_memory_h3_final_0000,5,inflight_boundary_near,boundary_near,energy_retaining_bank,primvar_energy_retaining_bank_transition_object_3a8f96df7926,rejected_exploration_cross_family_without_memory_confidence,False,primvar_energy_retaining_bank_transition_object_3a8f96df7926,primvar_mild_turn_left_transition_object_5025802460e6,1.2332018579641613e-06,2.1883296219549209e-07,0.03,0.0,1.0,-2.449722716391101e-05,-2.449722716391101e-05,0.0,218.8329621954921,0.0418048023052306,0.9581951976947694,0.0191639039538953,0.0,0.1,0.2,0.0,0.0,0,0,0.9581444792499764,0.9581444792499764,decision_level_baseline_vs_candidate_path_memory_gap_audit,outer_loop_spatial_flow_belief_safe_explore_exploit_memory_v2_2
no_cluster_no_merge,spatial_flow_belief_memory_h3,3,final_heldout,0,r10_l7_full_domain_randomisation_arena_wide_training,r10_l7_full_domain_randomisation_arena_wide_training,r10_no_cluster_no_merge_spatial_flow_belief_memory_h3_final_0000,6,inflight_boundary_near,boundary_near,energy_retaining_bank,primvar_energy_retaining_bank_transition_object_3a8f96df7926,baseline_and_memory_winner_match,True,primvar_energy_retaining_bank_transition_object_3a8f96df7926,primvar_energy_retaining_bank_transition_object_3a8f96df7926,0.0,0.0,0.03,0.0,1.0,-2.132726169068455e-05,-2.132726169068455e-05,0.0,0.0,0.031172798554769,0.9688272014452308,0.0193765440289046,0.0,0.1,0.2,0.0,0.0,0,0,0.9688272014452308,0.9688272014452308,decision_level_baseline_vs_candidate_path_memory_gap_audit,outer_loop_spatial_flow_belief_safe_explore_exploit_memory_v2_2
no_cluster_no_merge,spatial_flow_belief_memory_h3,3,final_heldout,0,r10_l7_full_domain_randomisation_arena_wide_training,r10_l7_full_domain_randomisation_arena_wide_training,r10_no_cluster_no_merge_spatial_flow_belief_memory_h3_final_0000,7,inflight_boundary_near,boundary_near,energy_retaining_bank,primvar_energy_retaining_bank_transition_object_3a8f96df7926,baseline_and_memory_winner_match,True,primvar_energy_retaining_bank_transition_object_3a8f96df7926,primvar_energy_retaining_bank_transition_object_3a8f96df7926,0.0,0.0,0.03,0.0,1.0,-2.834952210339914e-05,-2.834952210339914e-05,0.0,0.0,0.0299990944382076,0.9700009055617924,0.0194000181112358,0.0,0.1,0.2,0.0,0.0,0,0,0.9700009055617924,0.9700009055617924,decision_level_baseline_vs_candidate_path_memory_gap_audit,outer_loop_spatial_flow_belief_safe_explore_exploit_memory_v2_2
no_cluster_no_merge,spatial_flow_belief_memory_h3,3,final_heldout,0,r10_l7_full_domain_randomisation_arena_wide_training,r10_l7_full_domain_randomisation_arena_wide_training,r10_no_cluster_no_merge_spatial_flow_belief_memory_h3_final_0000,8,inflight_boundary_near,boundary_near,energy_retaining_bank,primvar_energy_retaining_bank_transition_object_3a8f96df7926,baseline_and_memory_winner_match,True,primvar_energy_retaining_bank_transition_object_3a8f96df7926,primvar_energy_retaining_bank_transition_object_3a8f96df7926,0.0,0.0,0.03,0.0,1.0,-4.99342160313887e-05,-4.99342160313887e-05,0.0,0.0,0.0300859091391424,0.9699140908608576,0.0193982818172171,0.0,0.1,0.2,0.0,0.0,0,0,0.9699140908608576,0.9699140908608576,decision_level_baseline_vs_candidate_path_memory_gap_audit,outer_loop_spatial_flow_belief_safe_explore_exploit_memory_v2_2
no_cluster_no_merge,spatial_flow_belief_memory_h3,3,final_heldout,1,r10_l7_full_domain_randomisation_arena_wide_training,r10_l7_full_domain_randomisation_arena_wide_training,r10_no_cluster_no_merge_spatial_flow_belief_memory_h3_final_0001,0,launch_gate,launch_gate,mild_turn_left,primvar_mild_turn_left_transition_object_dab2e653a49b,baseline_and_memory_winner_match,True,primvar_mild_turn_left_transition_object_dab2e653a49b,primvar_mild_turn_left_transition_object_dab2e653a49b,0.0,0.0,0.03,0.0,1.0,0.0,0.0,0.0,0.0,0.0,0.5971880228933993,0.0119437604578679,0.0,0.1,0.2,0.0,0.0,7,0,1.0,0.5971880228933993,decision_level_baseline_vs_candidate_path_memory_gap_audit,outer_loop_spatial_flow_belief_safe_explore_exploit_memory_v2_2
no_cluster_no_merge,spatial_flow_belief_memory_h3,3,final_heldout,1,r10_l7_full_domain_randomisation_arena_wide_training,r10_l7_full_domain_randomisation_arena_wide_training,r10_no_cluster_no_merge_spatial_flow_belief_memory_h3_final_0001,1,inflight_nominal,inflight_stable,lift_entry,primvar_lift_entry_transition_object_a65393bbc7f9,baseline_and_memory_winner_match,True,primvar_lift_entry_transition_object_a65393bbc7f9,primvar_lift_entry_transition_object_a65393bbc7f9,0.0,0.0,0.03,0.0,1.0,3.436217346886039e-05,3.436217346886039e-05,0.0,0.0,0.0296220624029685,0.5699914072148662,0.0113998281442973,0.0,0.1,0.2,0.0,0.0,7,0,0.9703779375970314,0.5699914072148662,decision_level_baseline_vs_candidate_path_memory_gap_audit,outer_loop_spatial_flow_belief_safe_explore_exploit_memory_v2_2
no_cluster_no_merge,spatial_flow_belief_memory_h3,3,final_heldout,1,r10_l7_full_domain_randomisation_arena_wide_training,r10_l7_full_domain_randomisation_arena_wide_training,r10_no_cluster_no_merge_spatial_flow_belief_memory_h3_final_0001,2,inflight_recovery_edge,recoverable_degraded,safe_exit_or_recovery_handoff,primvar_safe_exit_or_recovery_handoff_transition_object_eb5ec1f84c14,baseline_and_memory_winner_match,True,primvar_safe_exit_or_recovery_handoff_transition_object_eb5ec1f84c14,primvar_safe_exit_or_recovery_handoff_transition_object_eb5ec1f84c14,0.0,0.0,0.03,0.0,1.0,-5.798391780406642e-05,-5.798391780406642e-05,0.0,0.0,0.0407533363433017,0.5922355220398775,0.0118447104407975,0.0,0.1,0.2,0.0,0.0,7,0,0.9592466636566982,0.5922355220398775,decision_level_baseline_vs_candidate_path_memory_gap_audit,outer_loop_spatial_flow_belief_safe_explore_exploit_memory_v2_2
no_cluster_no_merge,spatial_flow_belief_memory_h3,3,final_heldout,1,r10_l7_full_domain_randomisation_arena_wide_training,r10_l7_full_domain_randomisation_arena_wide_training,r10_no_cluster_no_merge_spatial_flow_belief_memory_h3_final_0001,3,inflight_nominal,inflight_stable,lift_entry,primvar_lift_entry_transition_object_a65393bbc7f9,baseline_and_memory_winner_match,True,primvar_lift_entry_transition_object_a65393bbc7f9,primvar_lift_entry_transition_object_a65393bbc7f9,0.0,0.0,0.03,0.0,1.0,-0.0001161898179899,-0.0001161898179899,0.0,0.0,0.0319856378567139,0.6446181435101302,0.0128923628702026,0.0,0.1,0.2,0.0,0.0,7,0,0.968014362143286,0.6446181435101302,decision_level_baseline_vs_candidate_path_memory_gap_audit,outer_loop_spatial_flow_belief_safe_explore_exploit_memory_v2_2
no_cluster_no_merge,spatial_flow_belief_memory_h3,3,final_heldout,1,r10_l7_full_domain_randomisation_arena_wide_training,r10_l7_full_domain_randomisation_arena_wide_training,r10_no_cluster_no_merge_spatial_flow_belief_memory_h3_final_0001,4,inflight_recovery_edge,recoverable_degraded,safe_exit_or_recovery_handoff,primvar_safe_exit_or_recovery_handoff_transition_object_89fe6c2843f5,baseline_and_memory_winner_match,True,primvar_safe_exit_or_recovery_handoff_transition_object_89fe6c2843f5,primvar_safe_exit_or_recovery_handoff_transition_object_89fe6c2843f5,0.0,0.0,0.03,0.0,1.0,-0.000148639845819,-0.000148639845819,0.0,0.0,0.0340102565706534,0.7450049598349315,0.0149000991966986,0.0,0.1,0.2,0.0,0.0,7,0,0.9659897434293466,0.7450049598349315,decision_level_baseline_vs_candidate_path_memory_gap_audit,outer_loop_spatial_flow_belief_safe_explore_exploit_memory_v2_2
no_cluster_no_merge,spatial_flow_belief_memory_h3,3,final_heldout,1,r10_l7_full_domain_randomisation_arena_wide_training,r10_l7_full_domain_randomisation_arena_wide_training,r10_no_cluster_no_merge_spatial_flow_belief_memory_h3_final_0001,5,inflight_recovery_edge,recoverable_degraded,safe_exit_or_recovery_handoff,primvar_safe_exit_or_recovery_handoff_transition_object_89fe6c2843f5,baseline_and_memory_winner_match,True,primvar_safe_exit_or_recovery_handoff_transition_object_89fe6c2843f5,primvar_safe_exit_or_recovery_handoff_transition_object_89fe6c2843f5,0.0,0.0,0.03,0.0,1.0,-0.0002086715722001,-0.0002086715722001,0.0,0.0,0.0387767594245568,0.819420008662033,0.0163884001732406,0.0,0.1,0.2,0.0,0.0,5,0,0.9612232405754432,0.819420008662033,decision_level_baseline_vs_candidate_path_memory_gap_audit,outer_loop_spatial_flow_belief_safe_explore_exploit_memory_v2_2
no_cluster_no_merge,spatial_flow_belief_memory_h3,3,final_heldout,1,r10_l7_full_domain_randomisation_arena_wide_training,r10_l7_full_domain_randomisation_arena_wide_training,r10_no_cluster_no_merge_spatial_flow_belief_memory_h3_final_0001,6,inflight_recovery_edge,recoverable_degraded,safe_exit_or_recovery_handoff,primvar_safe_exit_or_recovery_handoff_transition_object_89fe6c2843f5,baseline_and_memory_winner_match,True,primvar_safe_exit_or_recovery_handoff_transition_object_89fe6c2843f5,primvar_safe_exit_or_recovery_handoff_transition_object_89fe6c2843f5,0.0,0.0,0.03,0.0,1.0,-0.000217591475861,-0.000217591475861,0.0,0.0,0.0432475362543019,0.9208957934940504,0.018417915869881,0.0,0.1,0.2,0.0,0.0,0,0,0.956752463745698,0.9208957934940504,decision_level_baseline_vs_candidate_path_memory_gap_audit,outer_loop_spatial_flow_belief_safe_explore_exploit_memory_v2_2
no_cluster_no_merge,spatial_flow_belief_memory_h3,3,final_heldout,1,r10_l7_full_domain_randomisation_arena_wide_training,r10_l7_full_domain_randomisation_arena_wide_training,r10_no_cluster_no_merge_spatial_flow_belief_memory_h3_final_0001,7,inflight_boundary_near,boundary_near,energy_retaining_bank,primvar_energy_retaining_bank_transition_object_0ab2bd05d6db,baseline_and_memory_winner_match,True,primvar_energy_retaining_bank_transition_object_0ab2bd05d6db,primvar_energy_retaining_bank_transition_object_0ab2bd05d6db,0.0,0.0,0.03,0.0,1.0,-0.0001271724972011,-0.0001271724972011,0.0,0.0,0.027393984682633,0.972606015317367,0.0194521203063473,0.0,0.1,0.2,0.0,0.0,0,0,0.972606015317367,0.972606015317367,decision_level_baseline_vs_candidate_path_memory_gap_audit,outer_loop_spatial_flow_belief_safe_explore_exploit_memory_v2_2
no_cluster_no_merge,spatial_flow_belief_memory_h3,3,final_heldout,1,r10_l7_full_domain_randomisation_arena_wide_training,r10_l7_full_domain_randomisation_arena_wide_training,r10_no_cluster_no_merge_spatial_flow_belief_memory_h3_final_0001,8,inflight_boundary_near,boundary_near,mild_turn_left,primvar_mild_turn_left_transition_object_dce8f75ea53c,baseline_and_memory_winner_match,True,primvar_mild_turn_left_transition_object_dce8f75ea53c,primvar_mild_turn_left_transition_object_dce8f75ea53c,0.0,0.0,0.03,0.0,1.0,-7.961578014636927e-05,-7.961578014636927e-05,0.0,0.0,0.0394804207088439,0.960519579291156,0.0192103915858231,0.0,0.1,0.2,0.0,0.0,0,0,0.960519579291156,0.960519579291156,decision_level_baseline_vs_candidate_path_memory_gap_audit,outer_loop_spatial_flow_belief_safe_explore_exploit_memory_v2_2
no_cluster_no_merge,spatial_flow_belief_memory_h3,3,final_heldout,1,r10_l7_full_domain_randomisation_arena_wide_training,r10_l7_full_domain_randomisation_arena_wide_training,r10_no_cluster_no_merge_spatial_flow_belief_memory_h3_final_0001,9,inflight_boundary_near,boundary_near,mild_turn_left,primvar_mild_turn_left_transition_object_dce8f75ea53c,baseline_and_memory_winner_match,True,primvar_mild_turn_left_transition_object_dce8f75ea53c,primvar_mild_turn_left_transition_object_dce8f75ea53c,0.0,0.0,0.03,0.0,1.0,-2.446767329056243e-05,-2.446767329056243e-05,0.0,0.0,0.0296961211086436,0.9703038788913564,0.0194060775778271,0.0,0.1,0.2,0.0,0.0,0,0,0.9703038788913564,0.9703038788913564,decision_level_baseline_vs_candidate_path_memory_gap_audit,outer_loop_spatial_flow_belief_safe_explore_exploit_memory_v2_2
no_cluster_no_merge,spatial_flow_belief_memory_h3,3,final_heldout,1,r10_l7_full_domain_randomisation_arena_wide_training,r10_l7_full_domain_randomisation_arena_wide_training,r10_no_cluster_no_merge_spatial_flow_belief_memory_h3_final_0001,10,inflight_boundary_near,boundary_near,mild_turn_left,primvar_mild_turn_left_transition_object_dce8f75ea53c,baseline_and_memory_winner_match,True,primvar_mild_turn_left_transition_object_dce8f75ea53c,primvar_mild_turn_left_transition_object_dce8f75ea53c,0.0,0.0,0.03,0.0,1.0,7.051918045464234e-05,7.051918045464234e-05,0.0,0.0,0.0362844838142472,0.9637155161857528,0.019274310323715,0.0,0.1,0.2,0.0,0.0,0,0,0.9637155161857528,0.9637155161857528,decision_level_baseline_vs_candidate_path_memory_gap_audit,outer_loop_spatial_flow_belief_safe_explore_exploit_memory_v2_2
no_cluster_no_merge,spatial_flow_belief_memory_h3,3,final_heldout,1,r10_l7_full_domain_randomisation_arena_wide_training,r10_l7_full_domain_randomisation_arena_wide_training,r10_no_cluster_no_merge_spatial_flow_belief_memory_h3_final_0001,11,inflight_boundary_near,boundary_near,mild_turn_left,primvar_mild_turn_left_transition_object_dce8f75ea53c,baseline_and_memory_winner_match,True,primvar_mild_turn_left_transition_object_dce8f75ea53c,primvar_mild_turn_left_transition_object_dce8f75ea53c,0.0,0.0,0.03,0.0,1.0,9.357724018177473e-05,9.357724018177473e-05,0.0,0.0,0.0324902288929653,0.9675097711070348,0.0193501954221406,0.0,0.1,0.2,0.0,0.0,0,0,0.9675097711070348,0.9675097711070348,decision_level_baseline_vs_candidate_path_memory_gap_audit,outer_loop_spatial_flow_belief_safe_explore_exploit_memory_v2_2
no_cluster_no_merge,spatial_flow_belief_memory_h3,3,final_heldout,2,r10_l7_full_domain_randomisation_arena_wide_training,r10_l7_full_domain_randomisation_arena_wide_training,r10_no_cluster_no_merge_spatial_flow_belief_memory_h3_final_0002,0,launch_gate,launch_gate,mild_turn_left,primvar_mild_turn_left_transition_object_81d80c74f9e0,baseline_and_memory_winner_match,True,primvar_mild_turn_left_transition_object_81d80c74f9e0,primvar_mild_turn_left_transition_object_81d80c74f9e0,0.0,0.0,0.03,0.0,1.0,-1.5618699253705515e-05,-1.5618699253705515e-05,0.0,0.0,0.0070342957037584,0.6260559189041953,0.0125211183780839,0.0,0.1,0.2,0.0,0.0,7,0,0.9929657042962416,0.6260559189041953,decision_level_baseline_vs_candidate_path_memory_gap_audit,outer_loop_spatial_flow_belief_safe_explore_exploit_memory_v2_2
no_cluster_no_merge,spatial_flow_belief_memory_h3,3,final_heldout,2,r10_l7_full_domain_randomisation_arena_wide_training,r10_l7_full_domain_randomisation_arena_wide_training,r10_no_cluster_no_merge_spatial_flow_belief_memory_h3_final_0002,1,inflight_nominal,inflight_stable,mild_turn_left,primvar_mild_turn_left_transition_object_c0027154e9bd,baseline_and_memory_winner_match,True,primvar_mild_turn_left_transition_object_c0027154e9bd,primvar_mild_turn_left_transition_object_c0027154e9bd,0.0,0.0,0.03,0.0,1.0,0.0002207827334514,0.0002207827334514,0.0,0.0,0.0394514726594764,0.6432730565987136,0.0128654611319742,0.0,0.1,0.2,0.0,0.0,7,0,0.9605485273405237,0.6432730565987136,decision_level_baseline_vs_candidate_path_memory_gap_audit,outer_loop_spatial_flow_belief_safe_explore_exploit_memory_v2_2
no_cluster_no_merge,spatial_flow_belief_memory_h3,3,final_heldout,2,r10_l7_full_domain_randomisation_arena_wide_training,r10_l7_full_domain_randomisation_arena_wide_training,r10_no_cluster_no_merge_spatial_flow_belief_memory_h3_final_0002,2,inflight_recovery_edge,recoverable_degraded,safe_exit_or_recovery_handoff,primvar_safe_exit_or_recovery_handoff_transition_object_89fe6c2843f5,baseline_and_memory_winner_match,True,primvar_safe_exit_or_recovery_handoff_transition_object_89fe6c2843f5,primvar_safe_exit_or_recovery_handoff_transition_object_89fe6c2843f5,0.0,0.0,0.03,0.0,1.0,0.0003355850728059,0.0003355850728059,0.0,0.0,0.0348544278339714,0.6454799777492878,0.0129095995549857,0.0,0.1,0.2,0.0,0.0,7,0,0.9651455721660286,0.6454799777492878,decision_level_baseline_vs_candidate_path_memory_gap_audit,outer_loop_spatial_flow_belief_safe_explore_exploit_memory_v2_2
no_cluster_no_merge,spatial_flow_belief_memory_h3,3,final_heldout,2,r10_l7_full_domain_randomisation_arena_wide_training,r10_l7_full_domain_randomisation_arena_wide_training,r10_no_cluster_no_merge_spatial_flow_belief_memory_h3_final_0002,3,inflight_recovery_edge,recoverable_degraded,safe_exit_or_recovery_handoff,primvar_safe_exit_or_recovery_handoff_transition_object_89fe6c2843f5,baseline_and_memory_winner_match,True,primvar_safe_exit_or_recovery_handoff_transition_object_89fe6c2843f5,primvar_safe_exit_or_recovery_handoff_transition_object_89fe6c2843f5,0.0,0.0,0.03,0.0,1.0,0.0003630683641156,0.0003630683641156,0.0,0.0,0.0298213186357266,0.7050071624892857,0.0141001432497857,0.0,0.1,0.2,0.0,0.0,7,0,0.9701786813642734,0.7050071624892857,decision_level_baseline_vs_candidate_path_memory_gap_audit,outer_loop_spatial_flow_belief_safe_explore_exploit_memory_v2_2
no_cluster_no_merge,spatial_flow_belief_memory_h3,3,final_heldout,2,r10_l7_full_domain_randomisation_arena_wide_training,r10_l7_full_domain_randomisation_arena_wide_training,r10_no_cluster_no_merge_spatial_flow_belief_memory_h3_final_0002,4,inflight_recovery_edge,recoverable_degraded,safe_exit_or_recovery_handoff,primvar_safe_exit_or_recovery_handoff_transition_object_eb5ec1f84c14,baseline_and_memory_winner_match,True,primvar_safe_exit_or_recovery_handoff_transition_object_eb5ec1f84c14,primvar_safe_exit_or_recovery_handoff_transition_object_eb5ec1f84c14,0.0,0.0,0.03,0.0,1.0,0.0004015767115365,0.0004015767115365,0.0,0.0,0.0303606768815783,0.7193548937772692,0.0143870978755453,0.0,0.1,0.2,0.0,0.0,7,0,0.9696393231184216,0.7193548937772692,decision_level_baseline_vs_candidate_path_memory_gap_audit,outer_loop_spatial_flow_belief_safe_explore_exploit_memory_v2_2
no_cluster_no_merge,spatial_flow_belief_memory_h3,3,final_heldout,2,r10_l7_full_domain_randomisation_arena_wide_training,r10_l7_full_domain_randomisation_arena_wide_training,r10_no_cluster_no_merge_spatial_flow_belief_memory_h3_final_0002,5,inflight_recovery_edge,recoverable_degraded,safe_exit_or_recovery_handoff,primvar_safe_exit_or_recovery_handoff_transition_object_eb5ec1f84c14,baseline_and_memory_winner_match,True,primvar_safe_exit_or_recovery_handoff_transition_object_eb5ec1f84c14,primvar_safe_exit_or_recovery_handoff_transition_object_eb5ec1f84c14,0.0,0.0,0.03,0.0,1.0,0.0002525398941799,0.0002525398941799,0.0,0.0,0.0300167091654944,0.7941220806535224,0.0158824416130704,0.0,0.1,0.2,0.0,0.0,5,0,0.9699832908345056,0.7941220806535224,decision_level_baseline_vs_candidate_path_memory_gap_audit,outer_loop_spatial_flow_belief_safe_explore_exploit_memory_v2_2
no_cluster_no_merge,spatial_flow_belief_memory_h3,3,final_heldout,2,r10_l7_full_domain_randomisation_arena_wide_training,r10_l7_full_domain_randomisation_arena_wide_training,r10_no_cluster_no_merge_spatial_flow_belief_memory_h3_final_0002,6,inflight_recovery_edge,recoverable_degraded,safe_exit_or_recovery_handoff,primvar_safe_exit_or_recovery_handoff_transition_object_eb5ec1f84c14,baseline_and_memory_winner_match,True,primvar_safe_exit_or_recovery_handoff_transition_object_eb5ec1f84c14,primvar_safe_exit_or_recovery_handoff_transition_object_eb5ec1f84c14,0.0,0.0,0.03,0.0,1.0,-4.050789770304597e-05,-4.050789770304597e-05,0.0,0.0,0.0344761820969562,0.883259319295208,0.0176651863859041,0.0,0.1,0.2,0.0,0.0,0,0,0.9655238179030438,0.883259319295208,decision_level_baseline_vs_candidate_path_memory_gap_audit,outer_loop_spatial_flow_belief_safe_explore_exploit_memory_v2_2
no_cluster_no_merge,spatial_flow_belief_memory_h3,3,final_heldout,2,r10_l7_full_domain_randomisation_arena_wide_training,r10_l7_full_domain_randomisation_arena_wide_training,r10_no_cluster_no_merge_spatial_flow_belief_memory_h3_final_0002,7,inflight_boundary_near,boundary_near,mild_turn_left,primvar_mild_turn_left_transition_object_dce8f75ea53c,baseline_and_memory_winner_match,True,primvar_mild_turn_left_transition_object_dce8f75ea53c,primvar_mild_turn_left_transition_object_dce8f75ea53c,0.0,0.0,0.03,0.0,1.0,-0.0003101411384602,-0.0003101411384602,0.0,0.0,0.0375532607745351,0.9624467392254648,0.0192489347845092,0.0,0.1,0.2,0.0,0.0,0,0,0.9624467392254648,0.9624467392254648,decision_level_baseline_vs_candidate_path_memory_gap_audit,outer_loop_spatial_flow_belief_safe_explore_exploit_memory_v2_2
no_cluster_no_merge,spatial_flow_belief_memory_h3,3,final_heldout,2,r10_l7_full_domain_randomisation_arena_wide_training,r10_l7_full_domain_randomisation_arena_wide_training,r10_no_cluster_no_merge_spatial_flow_belief_memory_h3_final_0002,8,inflight_boundary_near,boundary_near,energy_retaining_bank,primvar_energy_retaining_bank_transition_object_f378f7a74cce,baseline_and_memory_winner_match,True,primvar_energy_retaining_bank_transition_object_f378f7a74cce,primvar_energy_retaining_bank_transition_object_f378f7a74cce,0.0,0.0,0.03,0.0,1.0,-0.0003333527220399,-0.0003333527220399,0.0,0.0,0.0405622403421844,0.9594377596578156,0.0191887551931563,0.0,0.1,0.2,0.0,0.0,0,0,0.9594377596578156,0.9594377596578156,decision_level_baseline_vs_candidate_path_memory_gap_audit,outer_loop_spatial_flow_belief_safe_explore_exploit_memory_v2_2
no_cluster_no_merge,spatial_flow_belief_memory_h3,3,final_heldout,2,r10_l7_full_domain_randomisation_arena_wide_training,r10_l7_full_domain_randomisation_arena_wide_training,r10_no_cluster_no_merge_spatial_flow_belief_memory_h3_final_0002,9,inflight_boundary_near,boundary_near,energy_retaining_bank,primvar_energy_retaining_bank_transition_object_f378f7a74cce,baseline_and_memory_winner_match,True,primvar_energy_retaining_bank_transition_object_f378f7a74cce,primvar_energy_retaining_bank_transition_object_f378f7a74cce,0.0,0.0,0.03,0.0,1.0,-0.0002620217556565,-0.0002620217556565,0.0,0.0,0.0323215797171033,0.9676784202828967,0.0193535684056579,0.0,0.1,0.2,0.0,0.0,0,0,0.9676784202828967,0.9676784202828967,decision_level_baseline_vs_candidate_path_memory_gap_audit,outer_loop_spatial_flow_belief_safe_explore_exploit_memory_v2_2
no_cluster_no_merge,spatial_flow_belief_memory_h3,3,final_heldout,2,r10_l7_full_domain_randomisation_arena_wide_training,r10_l7_full_domain_randomisation_arena_wide_training,r10_no_cluster_no_merge_spatial_flow_belief_memory_h3_final_0002,10,inflight_boundary_near,boundary_near,energy_retaining_bank,primvar_energy_retaining_bank_transition_object_f378f7a74cce,baseline_and_memory_winner_match,True,primvar_energy_retaining_bank_transition_object_f378f7a74cce,primvar_energy_retaining_bank_transition_object_f378f7a74cce,0.0,0.0,0.03,0.0,1.0,-0.0003026329017106,-0.0003026329017106,0.0,0.0,0.0378670926789087,0.9621329073210912,0.0192426581464218,0.0,0.1,0.2,0.0,0.0,0,0,0.9621329073210912,0.9621329073210912,decision_level_baseline_vs_candidate_path_memory_gap_audit,outer_loop_spatial_flow_belief_safe_explore_exploit_memory_v2_2
no_cluster_no_merge,spatial_flow_belief_memory_h3,3,final_heldout,2,r10_l7_full_domain_randomisation_arena_wide_training,r10_l7_full_domain_randomisation_arena_wide_training,r10_no_cluster_no_merge_spatial_flow_belief_memory_h3_final_0002,11,inflight_boundary_near,boundary_near,energy_retaining_bank,primvar_energy_retaining_bank_transition_object_f378f7a74cce,baseline_and_memory_winner_match,True,primvar_energy_retaining_bank_transition_object_f378f7a74cce,primvar_energy_retaining_bank_transition_object_f378f7a74cce,0.0,0.0,0.03,0.0,1.0,-0.0002889662571585,-0.0002889662571585,0.0,0.0,0.0361765394565207,0.9371242667134666,0.0187424853342693,0.0,0.1,0.2,0.0,0.0,0,0,0.9638234605434792,0.9371242667134666,decision_level_baseline_vs_candidate_path_memory_gap_audit,outer_loop_spatial_flow_belief_safe_explore_exploit_memory_v2_2
super_light_cluster,spatial_flow_belief_memory_h30,30,final_heldout,7,r10_l7_full_domain_randomisation_arena_wide_training,r10_l7_full_domain_randomisation_arena_wide_training,r10_super_light_cluster_spatial_flow_belief_memory_h30_final_0007,0,launch_gate,launch_gate,energy_retaining_bank,primvar_energy_retaining_bank_transition_object_948a3695e639,baseline_and_memory_winner_match,True,primvar_energy_retaining_bank_transition_object_948a3695e639,primvar_energy_retaining_bank_transition_object_948a3695e639,0.0,0.0,0.03,0.0,1.0,-2.168476987640666e-06,-2.168476987640666e-06,0.0,0.0,0.0133544081568727,0.4861888279564675,0.0097237765591293,0.0,0.1,0.2,0.0,0.0,7,0,0.9866455918431272,0.4861888279564675,decision_level_baseline_vs_candidate_path_memory_gap_audit,outer_loop_spatial_flow_belief_safe_explore_exploit_memory_v2_2
super_light_cluster,spatial_flow_belief_memory_h30,30,final_heldout,7,r10_l7_full_domain_randomisation_arena_wide_training,r10_l7_full_domain_randomisation_arena_wide_training,r10_super_light_cluster_spatial_flow_belief_memory_h30_final_0007,1,inflight_nominal,inflight_stable,energy_retaining_bank,primvar_energy_retaining_bank_transition_object_69c1057e81e7,baseline_and_memory_winner_match,True,primvar_energy_retaining_bank_transition_object_69c1057e81e7,primvar_energy_retaining_bank_transition_object_69c1057e81e7,0.0,0.0,0.03,0.0,1.0,-0.0001660926976212,-0.0001660926976212,0.0,0.0,0.086849150005754,0.4629326592176631,0.0092586531843532,0.0,0.1,0.2,0.0,0.0,7,0,0.913150849994246,0.4629326592176631,decision_level_baseline_vs_candidate_path_memory_gap_audit,outer_loop_spatial_flow_belief_safe_explore_exploit_memory_v2_2
super_light_cluster,spatial_flow_belief_memory_h30,30,final_heldout,7,r10_l7_full_domain_randomisation_arena_wide_training,r10_l7_full_domain_randomisation_arena_wide_training,r10_super_light_cluster_spatial_flow_belief_memory_h30_final_0007,2,inflight_nominal,inflight_stable,energy_retaining_bank,primvar_energy_retaining_bank_transition_object_69c1057e81e7,baseline_and_memory_winner_match,True,primvar_energy_retaining_bank_transition_object_69c1057e81e7,primvar_energy_retaining_bank_transition_object_69c1057e81e7,0.0,0.0,0.03,0.0,1.0,-0.0003190666734347,-0.0003190666734347,0.0,0.0,0.1048371129530248,0.4713357278971573,0.0094267145579431,0.0,0.1,0.2,6.478266621612499e-12,2.6120606218841516e-09,7,3,0.8951628870469751,0.4713357278971573,decision_level_baseline_vs_candidate_path_memory_gap_audit,outer_loop_spatial_flow_belief_safe_explore_exploit_memory_v2_2
super_light_cluster,spatial_flow_belief_memory_h30,30,final_heldout,7,r10_l7_full_domain_randomisation_arena_wide_training,r10_l7_full_domain_randomisation_arena_wide_training,r10_super_light_cluster_spatial_flow_belief_memory_h30_final_0007,3,inflight_nominal,inflight_stable,lift_dwell_arc,primvar_lift_dwell_arc_transition_object_f5212e7a8993,baseline_and_memory_winner_match,True,primvar_lift_dwell_arc_transition_object_f5212e7a8993,primvar_lift_dwell_arc_transition_object_f5212e7a8993,0.0,0.0,0.03,0.0,1.0,-0.0003703709129625,-0.0003703709129625,0.0,0.0,0.1194936320932514,0.5273749869063188,0.0105474997381263,0.0,0.1,0.2,3.888886619390956e-13,1.333941309699811e-09,7,1,0.8805063679067485,0.5273749869063188,decision_level_baseline_vs_candidate_path_memory_gap_audit,outer_loop_spatial_flow_belief_safe_explore_exploit_memory_v2_2
super_light_cluster,spatial_flow_belief_memory_h30,30,final_heldout,7,r10_l7_full_domain_randomisation_arena_wide_training,r10_l7_full_domain_randomisation_arena_wide_training,r10_super_light_cluster_spatial_flow_belief_memory_h30_final_0007,4,inflight_nominal,inflight_stable,lift_dwell_arc,primvar_lift_dwell_arc_transition_object_f5212e7a8993,baseline_and_memory_winner_match,True,primvar_lift_dwell_arc_transition_object_f5212e7a8993,primvar_lift_dwell_arc_transition_object_f5212e7a8993,0.0,0.0,0.03,0.0,1.0,-0.0003614938386282,-0.0003614938386282,0.0,0.0,0.0643142506387951,0.5898656380137633,0.0117973127602752,0.0,0.1,0.2,0.0,0.0,7,0,0.9356857493612049,0.5898656380137633,decision_level_baseline_vs_candidate_path_memory_gap_audit,outer_loop_spatial_flow_belief_safe_explore_exploit_memory_v2_2
super_light_cluster,spatial_flow_belief_memory_h30,30,final_heldout,7,r10_l7_full_domain_randomisation_arena_wide_training,r10_l7_full_domain_randomisation_arena_wide_training,r10_super_light_cluster_spatial_flow_belief_memory_h30_final_0007,5,inflight_nominal,inflight_stable,lift_dwell_arc,primvar_lift_dwell_arc_transition_object_f5212e7a8993,baseline_and_memory_winner_match,True,primvar_lift_dwell_arc_transition_object_f5212e7a8993,primvar_lift_dwell_arc_transition_object_f5212e7a8993,0.0,0.0,0.03,0.0,1.0,-0.0003496909000921,-0.0003496909000921,0.0,0.0,0.0416039946811139,0.6395210568465615,0.0127904211369312,0.0,0.1,0.2,1.5014838180830648e-10,1.1094873601708993e-06,7,4,0.958396005318886,0.6395210568465615,decision_level_baseline_vs_candidate_path_memory_gap_audit,outer_loop_spatial_flow_belief_safe_explore_exploit_memory_v2_2
super_light_cluster,spatial_flow_belief_memory_h30,30,final_heldout,7,r10_l7_full_domain_randomisation_arena_wide_training,r10_l7_full_domain_randomisation_arena_wide_training,r10_super_light_cluster_spatial_flow_belief_memory_h30_final_0007,6,inflight_nominal,inflight_stable,lift_dwell_arc,primvar_lift_dwell_arc_transition_object_f5212e7a8993,baseline_and_memory_winner_match,True,primvar_lift_dwell_arc_transition_object_f5212e7a8993,primvar_lift_dwell_arc_transition_object_f5212e7a8993,0.0,0.0,0.03,0.0,1.0,-0.0003213289660171,-0.0003213289660171,0.0,0.0,0.0332946364760635,0.6875205611686344,0.0137504112233726,0.0,0.1,0.2,2.817059487162123e-10,1.2853716214138265e-06,7,10,0.9667053635239364,0.6875205611686344,decision_level_baseline_vs_candidate_path_memory_gap_audit,outer_loop_spatial_flow_belief_safe_explore_exploit_memory_v2_2
super_light_cluster,spatial_flow_belief_memory_h30,30,final_heldout,7,r10_l7_full_domain_randomisation_arena_wide_training,r10_l7_full_domain_randomisation_arena_wide_training,r10_super_light_cluster_spatial_flow_belief_memory_h30_final_0007,7,inflight_nominal,inflight_stable,lift_dwell_arc,primvar_lift_dwell_arc_transition_object_f5212e7a8993,baseline_and_memory_winner_match,True,primvar_lift_dwell_arc_transition_object_f5212e7a8993,primvar_lift_dwell_arc_transition_object_f5212e7a8993,0.0,0.0,0.03,0.0,1.0,-0.0004511013918993,-0.0004511013918993,0.0,0.0,0.0441504121649658,0.7315182434159723,0.0146303648683194,0.0,0.1,0.2,1.2997368374489254e-11,2.4738491182597143e-08,7,8,0.9558495878350342,0.7315182434159723,decision_level_baseline_vs_candidate_path_memory_gap_audit,outer_loop_spatial_flow_belief_safe_explore_exploit_memory_v2_2
super_light_cluster,spatial_flow_belief_memory_h30,30,final_heldout,7,r10_l7_full_domain_randomisation_arena_wide_training,r10_l7_full_domain_randomisation_arena_wide_training,r10_super_light_cluster_spatial_flow_belief_memory_h30_final_0007,8,inflight_nominal,inflight_stable,recovery,primvar_recovery_transition_object_4268876749b8,baseline_and_memory_winner_match,True,primvar_recovery_transition_object_4268876749b8,primvar_recovery_transition_object_4268876749b8,0.0,0.0,0.03,0.0,1.0,-0.0003993073079482,-0.0003993073079482,0.0,0.0,0.0375084432112352,0.8040281246016966,0.0160805624920339,0.0,0.1,0.2,1.1441733777410135e-06,0.0025497985969566,4,10,0.9624915567887647,0.8040281246016966,decision_level_baseline_vs_candidate_path_memory_gap_audit,outer_loop_spatial_flow_belief_safe_explore_exploit_memory_v2_2
super_light_cluster,spatial_flow_belief_memory_h30,30,final_heldout,7,r10_l7_full_domain_randomisation_arena_wide_training,r10_l7_full_domain_randomisation_arena_wide_training,r10_super_light_cluster_spatial_flow_belief_memory_h30_final_0007,9,inflight_boundary_near,boundary_near,glide,primvar_glide_transition_object_719a7ba198c8,baseline_and_memory_winner_match,True,primvar_glide_transition_object_719a7ba198c8,primvar_glide_transition_object_719a7ba198c8,0.0,0.0,0.03,0.0,1.0,-0.0004324295113544,-0.0004324295113544,0.0,0.0,0.0385046012357885,0.8953193988205744,0.0179063879764114,0.0,0.1,0.2,0.0,0.0,0,0,0.9614953987642114,0.8953193988205744,decision_level_baseline_vs_candidate_path_memory_gap_audit,outer_loop_spatial_flow_belief_safe_explore_exploit_memory_v2_2
super_light_cluster,spatial_flow_belief_memory_h30,30,final_heldout,7,r10_l7_full_domain_randomisation_arena_wide_training,r10_l7_full_domain_randomisation_arena_wide_training,r10_super_light_cluster_spatial_flow_belief_memory_h30_final_0007,10,inflight_boundary_near,boundary_near,,,,False,,,0.0,0.0,0.0,0.0,0.0,0.0,0.0,0.0,0.0,0.0,1.0,0.0,0.0,0.0,0.0,0.0,0.0,0,0,0.0,0.0,decision_level_baseline_vs_candidate_path_memory_gap_audit,outer_loop_spatial_flow_belief_safe_explore_exploit_memory_v2_2
no_cluster_no_merge,spatial_flow_belief_memory_h3,3,final_heldout,4,r10_l7_full_domain_randomisation_arena_wide_training,r10_l7_full_domain_randomisation_arena_wide_training,r10_no_cluster_no_merge_spatial_flow_belief_memory_h3_final_0004,0,launch_gate,launch_gate,mild_turn_right,primvar_mild_turn_right_transition_object_ee1da6c85686,baseline_and_memory_winner_match,True,primvar_mild_turn_right_transition_object_ee1da6c85686,primvar_mild_turn_right_transition_object_ee1da6c85686,0.0,0.0,0.03,0.0,1.0,4.883469217975556e-05,4.883469217975556e-05,0.0,0.0,0.0055194309447544,0.6021041470162031,0.012042082940324,0.0,0.1,0.2,0.0,0.0,7,0,0.9944805690552456,0.6021041470162031,decision_level_baseline_vs_candidate_path_memory_gap_audit,outer_loop_spatial_flow_belief_safe_explore_exploit_memory_v2_2
no_cluster_no_merge,spatial_flow_belief_memory_h3,3,final_heldout,4,r10_l7_full_domain_randomisation_arena_wide_training,r10_l7_full_domain_randomisation_arena_wide_training,r10_no_cluster_no_merge_spatial_flow_belief_memory_h3_final_0004,1,inflight_nominal,inflight_stable,mild_turn_right,primvar_mild_turn_right_transition_object_7b5af5b6a95a,baseline_and_memory_winner_match,True,primvar_mild_turn_right_transition_object_7b5af5b6a95a,primvar_mild_turn_right_transition_object_7b5af5b6a95a,0.0,0.0,0.03,0.0,1.0,0.0005850762326509,0.0005850762326509,0.0,0.0,0.0548846866760538,0.6037960031948206,0.0120759200638964,0.0,0.1,0.2,0.0,0.0,7,0,0.9451153133239462,0.6037960031948206,decision_level_baseline_vs_candidate_path_memory_gap_audit,outer_loop_spatial_flow_belief_safe_explore_exploit_memory_v2_2
no_cluster_no_merge,spatial_flow_belief_memory_h3,3,final_heldout,4,r10_l7_full_domain_randomisation_arena_wide_training,r10_l7_full_domain_randomisation_arena_wide_training,r10_no_cluster_no_merge_spatial_flow_belief_memory_h3_final_0004,2,inflight_recovery_edge,recoverable_degraded,safe_exit_or_recovery_handoff,primvar_safe_exit_or_recovery_handoff_transition_object_89fe6c2843f5,baseline_and_memory_winner_match,True,primvar_safe_exit_or_recovery_handoff_transition_object_89fe6c2843f5,primvar_safe_exit_or_recovery_handoff_transition_object_89fe6c2843f5,0.0,0.0,0.03,0.0,1.0,0.0002805673167506,0.0002805673167506,0.0,0.0,0.0249584912007603,0.6543915708156074,0.0130878314163121,0.0,0.1,0.2,0.0,0.0,7,0,0.9750415087992396,0.6543915708156074,decision_level_baseline_vs_candidate_path_memory_gap_audit,outer_loop_spatial_flow_belief_safe_explore_exploit_memory_v2_2
no_cluster_no_merge,spatial_flow_belief_memory_h3,3,final_heldout,4,r10_l7_full_domain_randomisation_arena_wide_training,r10_l7_full_domain_randomisation_arena_wide_training,r10_no_cluster_no_merge_spatial_flow_belief_memory_h3_final_0004,3,inflight_recovery_edge,recoverable_degraded,safe_exit_or_recovery_handoff,primvar_safe_exit_or_recovery_handoff_transition_object_eb5ec1f84c14,baseline_and_memory_winner_match,True,primvar_safe_exit_or_recovery_handoff_transition_object_eb5ec1f84c14,primvar_safe_exit_or_recovery_handoff_transition_object_eb5ec1f84c14,0.0,0.0,0.03,0.0,1.0,0.0001179820103643,0.0001179820103643,0.0,0.0,0.0351490981304724,0.647770303715842,0.0129554060743168,0.0,0.1,0.2,0.0,0.0,7,0,0.9648509018695276,0.647770303715842,decision_level_baseline_vs_candidate_path_memory_gap_audit,outer_loop_spatial_flow_belief_safe_explore_exploit_memory_v2_2
no_cluster_no_merge,spatial_flow_belief_memory_h3,3,final_heldout,4,r10_l7_full_domain_randomisation_arena_wide_training,r10_l7_full_domain_randomisation_arena_wide_training,r10_no_cluster_no_merge_spatial_flow_belief_memory_h3_final_0004,4,inflight_boundary_near,boundary_near,lift_dwell_arc,primvar_lift_dwell_arc_transition_object_052b842e4b9a,baseline_and_memory_winner_match,True,primvar_lift_dwell_arc_transition_object_052b842e4b9a,primvar_lift_dwell_arc_transition_object_052b842e4b9a,0.0,0.0,0.03,0.0,1.0,-0.0002684818858409,-0.0002684818858409,0.0,0.0,0.0357673496079065,0.7605626162565695,0.0152112523251313,0.0,0.1,0.2,0.0,0.0,7,0,0.9642326503920936,0.7605626162565695,decision_level_baseline_vs_candidate_path_memory_gap_audit,outer_loop_spatial_flow_belief_safe_explore_exploit_memory_v2_2
no_cluster_no_merge,spatial_flow_belief_memory_h3,3,final_heldout,4,r10_l7_full_domain_randomisation_arena_wide_training,r10_l7_full_domain_randomisation_arena_wide_training,r10_no_cluster_no_merge_spatial_flow_belief_memory_h3_final_0004,5,inflight_boundary_near,boundary_near,lift_dwell_arc,primvar_lift_dwell_arc_transition_object_052b842e4b9a,baseline_and_memory_winner_match,True,primvar_lift_dwell_arc_transition_object_052b842e4b9a,primvar_lift_dwell_arc_transition_object_052b842e4b9a,0.0,0.0,0.03,0.0,1.0,-0.0003371016474091,-0.0003371016474091,0.0,0.0,0.0266229338352927,0.8415463312615757,0.0168309266252315,0.0,0.1,0.2,0.0,0.0,3,0,0.9733770661647072,0.8415463312615757,decision_level_baseline_vs_candidate_path_memory_gap_audit,outer_loop_spatial_flow_belief_safe_explore_exploit_memory_v2_2
no_cluster_no_merge,spatial_flow_belief_memory_h3,3,final_heldout,4,r10_l7_full_domain_randomisation_arena_wide_training,r10_l7_full_domain_randomisation_arena_wide_training,r10_no_cluster_no_merge_spatial_flow_belief_memory_h3_final_0004,6,inflight_boundary_near,boundary_near,lift_dwell_arc,primvar_lift_dwell_arc_transition_object_e77518a9ca96,baseline_and_memory_winner_match,True,primvar_lift_dwell_arc_transition_object_e77518a9ca96,primvar_lift_dwell_arc_transition_object_e77518a9ca96,0.0,0.0,0.03,0.0,1.0,-0.000512426580399,-0.000512426580399,0.0,0.0,0.0363074620994696,0.9636925379005304,0.0192738507580106,0.0,0.1,0.2,0.0,0.0,0,0,0.9636925379005304,0.9636925379005304,decision_level_baseline_vs_candidate_path_memory_gap_audit,outer_loop_spatial_flow_belief_safe_explore_exploit_memory_v2_2
no_cluster_no_merge,spatial_flow_belief_memory_h3,3,final_heldout,4,r10_l7_full_domain_randomisation_arena_wide_training,r10_l7_full_domain_randomisation_arena_wide_training,r10_no_cluster_no_merge_spatial_flow_belief_memory_h3_final_0004,7,inflight_boundary_near,boundary_near,lift_dwell_arc,primvar_lift_dwell_arc_transition_object_e77518a9ca96,baseline_and_memory_winner_match,True,primvar_lift_dwell_arc_transition_object_e77518a9ca96,primvar_lift_dwell_arc_transition_object_e77518a9ca96,0.0,0.0,0.03,0.0,1.0,-0.0005187192229492,-0.0005187192229492,0.0,0.0,0.0418230886936653,0.9581769113063346,0.0191635382261266,0.0,0.1,0.2,0.0,0.0,0,0,0.9581769113063346,0.9581769113063346,decision_level_baseline_vs_candidate_path_memory_gap_audit,outer_loop_spatial_flow_belief_safe_explore_exploit_memory_v2_2
no_cluster_no_merge,spatial_flow_belief_memory_h3,3,final_heldout,4,r10_l7_full_domain_randomisation_arena_wide_training,r10_l7_full_domain_randomisation_arena_wide_training,r10_no_cluster_no_merge_spatial_flow_belief_memory_h3_final_0004,8,inflight_boundary_near,boundary_near,lift_dwell_arc,primvar_lift_dwell_arc_transition_object_e77518a9ca96,baseline_and_memory_winner_match,True,primvar_lift_dwell_arc_transition_object_e77518a9ca96,primvar_lift_dwell_arc_transition_object_e77518a9ca96,0.0,0.0,0.03,0.0,1.0,-0.0003894514504168,-0.0003894514504168,0.0,0.0,0.038750491425546,0.961249508574454,0.019224990171489,0.0,0.1,0.2,0.0,0.0,0,0,0.961249508574454,0.961249508574454,decision_level_baseline_vs_candidate_path_memory_gap_audit,outer_loop_spatial_flow_belief_safe_explore_exploit_memory_v2_2
no_cluster_no_merge,spatial_flow_belief_memory_h3,3,final_heldout,4,r10_l7_full_domain_randomisation_arena_wide_training,r10_l7_full_domain_randomisation_arena_wide_training,r10_no_cluster_no_merge_spatial_flow_belief_memory_h3_final_0004,9,inflight_boundary_near,boundary_near,lift_dwell_arc,primvar_lift_dwell_arc_transition_object_e77518a9ca96,baseline_and_memory_winner_match,True,primvar_lift_dwell_arc_transition_object_e77518a9ca96,primvar_lift_dwell_arc_transition_object_e77518a9ca96,0.0,0.0,0.03,0.0,1.0,-0.0002890154724271,-0.0002890154724271,0.0,0.0,0.0362006259269382,0.9637993740730618,0.0192759874814612,0.0,0.1,0.2,0.0,0.0,0,0,0.9637993740730618,0.9637993740730618,decision_level_baseline_vs_candidate_path_memory_gap_audit,outer_loop_spatial_flow_belief_safe_explore_exploit_memory_v2_2
no_cluster_no_merge,spatial_flow_belief_memory_h3,3,final_heldout,4,r10_l7_full_domain_randomisation_arena_wide_training,r10_l7_full_domain_randomisation_arena_wide_training,r10_no_cluster_no_merge_spatial_flow_belief_memory_h3_final_0004,10,inflight_boundary_near,boundary_near,lift_dwell_arc,primvar_lift_dwell_arc_transition_object_e77518a9ca96,baseline_and_memory_winner_match,True,primvar_lift_dwell_arc_transition_object_e77518a9ca96,primvar_lift_dwell_arc_transition_object_e77518a9ca96,0.0,0.0,0.03,0.0,1.0,-0.00020629603552,-0.00020629603552,0.0,0.0,0.0307350595587374,0.9692649404412624,0.0193852988088252,0.0,0.1,0.2,0.0,0.0,0,0,0.9692649404412624,0.9692649404412624,decision_level_baseline_vs_candidate_path_memory_gap_audit,outer_loop_spatial_flow_belief_safe_explore_exploit_memory_v2_2
no_cluster_no_merge,spatial_flow_belief_memory_h3,3,final_heldout,3,r10_l7_full_domain_randomisation_arena_wide_training,r10_l7_full_domain_randomisation_arena_wide_training,r10_no_cluster_no_merge_spatial_flow_belief_memory_h3_final_0003,0,launch_gate,launch_gate,lift_dwell_arc,primvar_lift_dwell_arc_transition_object_db30510d05cf,accepted_shielded_uncertainty_directed_exploration_switch,True,primvar_lift_dwell_arc_transition_object_17cab9f31bb6,primvar_lift_dwell_arc_transition_object_db30510d05cf,2.257778480485584e-05,-8.881979233077195e-05,0.03,0.0001448338142622,0.9951722061912592,0.0001663661155373,0.0001655629342347,0.0001448338142622,-0.613253146602645,0.030178164933116,0.7273433287801537,0.014546866575603,0.0,0.1,0.2,0.0004143283426199,0.1705130209377251,7,5,0.969821835066884,0.7273433287801537,decision_level_baseline_vs_candidate_path_memory_gap_audit,outer_loop_spatial_flow_belief_safe_explore_exploit_memory_v2_2
no_cluster_no_merge,spatial_flow_belief_memory_h3,3,final_heldout,3,r10_l7_full_domain_randomisation_arena_wide_training,r10_l7_full_domain_randomisation_arena_wide_training,r10_no_cluster_no_merge_spatial_flow_belief_memory_h3_final_0003,1,inflight_boundary_near,boundary_near,lift_dwell_arc,primvar_lift_dwell_arc_transition_object_e08a4e92d022,accepted_shielded_uncertainty_directed_exploration_switch,True,primvar_lift_dwell_arc_transition_object_10b23f39bac2,primvar_lift_dwell_arc_transition_object_e08a4e92d022,2.4119494508534345e-05,-8.602545829615254e-06,0.03,4.077800793367281e-05,0.9986407330688776,9.410649620100742e-05,9.397858035271758e-05,4.077800793367281e-05,-0.2109604236579595,0.0506090284698401,0.7847619603737267,0.0156952392074745,0.0007769712044369,0.1,0.2,0.0004954127749659,0.4428433239919401,7,5,0.9493909715301598,0.7847619603737267,decision_level_baseline_vs_candidate_path_memory_gap_audit,outer_loop_spatial_flow_belief_safe_explore_exploit_memory_v2_2
no_cluster_no_merge,spatial_flow_belief_memory_h3,3,final_heldout,3,r10_l7_full_domain_randomisation_arena_wide_training,r10_l7_full_domain_randomisation_arena_wide_training,r10_no_cluster_no_merge_spatial_flow_belief_memory_h3_final_0003,2,inflight_boundary_near,boundary_near,lift_dwell_arc,primvar_lift_dwell_arc_transition_object_e08a4e92d022,accepted_shielded_uncertainty_directed_exploration_switch,True,primvar_lift_dwell_arc_transition_object_10b23f39bac2,primvar_lift_dwell_arc_transition_object_e08a4e92d022,7.550085648744265e-05,-1.2330405701238438e-05,0.03,4.221881015764595e-05,0.9985927063280784,5.288081625032248e-05,5.280639741224736e-05,4.221881015764595e-05,-0.2920595264337493,0.041573427663272,0.8904924413303303,0.0178098488266066,0.0006742968277642,0.1,0.2,0.0004281496502952,0.1543949253163638,1,3,0.958426572336728,0.8904924413303303,decision_level_baseline_vs_candidate_path_memory_gap_audit,outer_loop_spatial_flow_belief_safe_explore_exploit_memory_v2_2
no_cluster_no_merge,spatial_flow_belief_memory_h3,3,final_heldout,3,r10_l7_full_domain_randomisation_arena_wide_training,r10_l7_full_domain_randomisation_arena_wide_training,r10_no_cluster_no_merge_spatial_flow_belief_memory_h3_final_0003,3,inflight_boundary_near,boundary_near,safe_exit_or_recovery_handoff,primvar_safe_exit_or_recovery_handoff_transition_object_989fb41df8c2,baseline_and_memory_winner_match,True,primvar_safe_exit_or_recovery_handoff_transition_object_989fb41df8c2,primvar_safe_exit_or_recovery_handoff_transition_object_989fb41df8c2,0.0,0.0,0.03,0.0,1.0,2.660859841352448e-05,2.660859841352448e-05,0.0,0.0,0.0414656385708228,0.9585343614291773,0.0191706872285835,0.0,0.1,0.2,0.0,0.0,0,0,0.9585343614291773,0.9585343614291773,decision_level_baseline_vs_candidate_path_memory_gap_audit,outer_loop_spatial_flow_belief_safe_explore_exploit_memory_v2_2
no_cluster_no_merge,spatial_flow_belief_memory_h3,3,final_heldout,3,r10_l7_full_domain_randomisation_arena_wide_training,r10_l7_full_domain_randomisation_arena_wide_training,r10_no_cluster_no_merge_spatial_flow_belief_memory_h3_final_0003,4,inflight_boundary_near,boundary_near,safe_exit_or_recovery_handoff,primvar_safe_exit_or_recovery_handoff_transition_object_989fb41df8c2,baseline_and_memory_winner_match,True,primvar_safe_exit_or_recovery_handoff_transition_object_989fb41df8c2,primvar_safe_exit_or_recovery_handoff_transition_object_989fb41df8c2,0.0,0.0,0.03,0.0,1.0,1.5865023343497597e-05,1.5865023343497597e-05,0.0,0.0,0.0277089372960027,0.9722910627039972,0.0194458212540799,0.0,0.1,0.2,0.0,0.0,0,0,0.9722910627039972,0.9722910627039972,decision_level_baseline_vs_candidate_path_memory_gap_audit,outer_loop_spatial_flow_belief_safe_explore_exploit_memory_v2_2
no_cluster_no_merge,spatial_flow_belief_memory_h3,3,final_heldout,3,r10_l7_full_domain_randomisation_arena_wide_training,r10_l7_full_domain_randomisation_arena_wide_training,r10_no_cluster_no_merge_spatial_flow_belief_memory_h3_final_0003,5,inflight_boundary_near,boundary_near,energy_retaining_bank,primvar_energy_retaining_bank_transition_object_59f915f98b46,rejected_exploration_cross_family_without_memory_confidence,False,primvar_energy_retaining_bank_transition_object_59f915f98b46,primvar_lift_dwell_arc_transition_object_cd89af02a2de,1.4287085496889065e-06,-2.8017412834202563e-08,0.03,0.0,1.0,1.3543707633623114e-05,1.3543707633623114e-05,0.0,-28.01741283420256,0.0308188584018777,0.9691811415981224,0.0193836228319624,0.0,0.1,0.2,0.0,0.0,0,0,0.9691083052999931,0.9691083052999931,decision_level_baseline_vs_candidate_path_memory_gap_audit,outer_loop_spatial_flow_belief_safe_explore_exploit_memory_v2_2
no_cluster_no_merge,spatial_flow_belief_memory_h3,3,final_heldout,3,r10_l7_full_domain_randomisation_arena_wide_training,r10_l7_full_domain_randomisation_arena_wide_training,r10_no_cluster_no_merge_spatial_flow_belief_memory_h3_final_0003,6,inflight_boundary_near,boundary_near,energy_retaining_bank,primvar_energy_retaining_bank_transition_object_59f915f98b46,baseline_and_memory_winner_match,True,primvar_energy_retaining_bank_transition_object_59f915f98b46,primvar_energy_retaining_bank_transition_object_59f915f98b46,0.0,0.0,0.03,0.0,1.0,6.666157024604047e-06,6.666157024604047e-06,0.0,0.0,0.0350246943208883,0.9649753056791116,0.0192995061135822,0.0,0.1,0.2,0.0,0.0,0,0,0.9649753056791116,0.9649753056791116,decision_level_baseline_vs_candidate_path_memory_gap_audit,outer_loop_spatial_flow_belief_safe_explore_exploit_memory_v2_2
no_cluster_no_merge,spatial_flow_belief_memory_h3,3,final_heldout,3,r10_l7_full_domain_randomisation_arena_wide_training,r10_l7_full_domain_randomisation_arena_wide_training,r10_no_cluster_no_merge_spatial_flow_belief_memory_h3_final_0003,7,inflight_boundary_near,boundary_near,energy_retaining_bank,primvar_energy_retaining_bank_transition_object_59f915f98b46,baseline_and_memory_winner_match,True,primvar_energy_retaining_bank_transition_object_59f915f98b46,primvar_energy_retaining_bank_transition_object_59f915f98b46,0.0,0.0,0.03,0.0,1.0,-2.950047612415574e-06,-2.950047612415574e-06,0.0,0.0,0.0333859393583832,0.9666140606416168,0.0193322812128323,0.0,0.1,0.2,0.0,0.0,0,0,0.9666140606416168,0.9666140606416168,decision_level_baseline_vs_candidate_path_memory_gap_audit,outer_loop_spatial_flow_belief_safe_explore_exploit_memory_v2_2
no_cluster_no_merge,spatial_flow_belief_memory_h3,3,final_heldout,5,r10_l7_full_domain_randomisation_arena_wide_training,r10_l7_full_domain_randomisation_arena_wide_training,r10_no_cluster_no_merge_spatial_flow_belief_memory_h3_final_0005,0,launch_gate,launch_gate,mild_turn_right,primvar_mild_turn_right_transition_object_dda6391330ff,baseline_and_memory_winner_match,True,primvar_mild_turn_right_transition_object_dda6391330ff,primvar_mild_turn_right_transition_object_dda6391330ff,0.0,0.0,0.03,0.0,1.0,1.183154168971079e-06,1.183154168971079e-06,0.0,0.0,0.0004484713594354,0.775705186794612,0.0155141037358922,0.0,0.1,0.2,0.0,0.0,7,0,0.9995515286405644,0.775705186794612,decision_level_baseline_vs_candidate_path_memory_gap_audit,outer_loop_spatial_flow_belief_safe_explore_exploit_memory_v2_2
no_cluster_no_merge,spatial_flow_belief_memory_h3,3,final_heldout,5,r10_l7_full_domain_randomisation_arena_wide_training,r10_l7_full_domain_randomisation_arena_wide_training,r10_no_cluster_no_merge_spatial_flow_belief_memory_h3_final_0005,1,inflight_boundary_near,boundary_near,lift_dwell_arc,primvar_lift_dwell_arc_transition_object_10b23f39bac2,baseline_and_memory_winner_match,True,primvar_lift_dwell_arc_transition_object_10b23f39bac2,primvar_lift_dwell_arc_transition_object_10b23f39bac2,0.0,0.0,0.03,0.0,1.0,0.0004199212376501,0.0004199212376501,0.0,0.0,0.0341490820969322,0.7847287608038709,0.0156945752160774,0.0,0.1,0.2,0.0,0.0,7,0,0.9658509179030678,0.7847287608038709,decision_level_baseline_vs_candidate_path_memory_gap_audit,outer_loop_spatial_flow_belief_safe_explore_exploit_memory_v2_2
no_cluster_no_merge,spatial_flow_belief_memory_h3,3,final_heldout,5,r10_l7_full_domain_randomisation_arena_wide_training,r10_l7_full_domain_randomisation_arena_wide_training,r10_no_cluster_no_merge_spatial_flow_belief_memory_h3_final_0005,2,inflight_boundary_near,boundary_near,lift_dwell_arc,primvar_lift_dwell_arc_transition_object_cd89af02a2de,baseline_and_memory_winner_match,True,primvar_lift_dwell_arc_transition_object_cd89af02a2de,primvar_lift_dwell_arc_transition_object_cd89af02a2de,0.0,0.0,0.03,0.0,1.0,0.0003757375774224,0.0003757375774224,0.0,0.0,0.033102801686676,0.8289397196567064,0.0165787943931341,0.0,0.1,0.2,0.0,0.0,6,0,0.966897198313324,0.8289397196567064,decision_level_baseline_vs_candidate_path_memory_gap_audit,outer_loop_spatial_flow_belief_safe_explore_exploit_memory_v2_2
no_cluster_no_merge,spatial_flow_belief_memory_h3,3,final_heldout,5,r10_l7_full_domain_randomisation_arena_wide_training,r10_l7_full_domain_randomisation_arena_wide_training,r10_no_cluster_no_merge_spatial_flow_belief_memory_h3_final_0005,3,inflight_boundary_near,boundary_near,lift_dwell_arc,primvar_lift_dwell_arc_transition_object_cd89af02a2de,baseline_and_memory_winner_match,True,primvar_lift_dwell_arc_transition_object_cd89af02a2de,primvar_lift_dwell_arc_transition_object_cd89af02a2de,0.0,0.0,0.03,0.0,1.0,0.0002503182789332,0.0002503182789332,0.0,0.0,0.0371523786901086,0.9386318874814876,0.0187726377496297,0.0,0.1,0.2,0.0,0.0,0,0,0.9628476213098912,0.9386318874814876,decision_level_baseline_vs_candidate_path_memory_gap_audit,outer_loop_spatial_flow_belief_safe_explore_exploit_memory_v2_2
no_cluster_no_merge,spatial_flow_belief_memory_h3,3,final_heldout,5,r10_l7_full_domain_randomisation_arena_wide_training,r10_l7_full_domain_randomisation_arena_wide_training,r10_no_cluster_no_merge_spatial_flow_belief_memory_h3_final_0005,4,inflight_boundary_near,boundary_near,energy_retaining_bank,primvar_energy_retaining_bank_transition_object_59f915f98b46,baseline_and_memory_winner_match,True,primvar_energy_retaining_bank_transition_object_59f915f98b46,primvar_energy_retaining_bank_transition_object_59f915f98b46,0.0,0.0,0.03,0.0,1.0,0.000134732382647,0.000134732382647,0.0,0.0,0.044257756514705,0.955742243485295,0.0191148448697059,0.0,0.1,0.2,0.0,0.0,0,0,0.955742243485295,0.955742243485295,decision_level_baseline_vs_candidate_path_memory_gap_audit,outer_loop_spatial_flow_belief_safe_explore_exploit_memory_v2_2
no_cluster_no_merge,spatial_flow_belief_memory_h3,3,final_heldout,5,r10_l7_full_domain_randomisation_arena_wide_training,r10_l7_full_domain_randomisation_arena_wide_training,r10_no_cluster_no_merge_spatial_flow_belief_memory_h3_final_0005,5,inflight_boundary_near,boundary_near,energy_retaining_bank,primvar_energy_retaining_bank_transition_object_59f915f98b46,baseline_and_memory_winner_match,True,primvar_energy_retaining_bank_transition_object_59f915f98b46,primvar_energy_retaining_bank_transition_object_59f915f98b46,0.0,0.0,0.03,0.0,1.0,2.771657524891502e-05,2.771657524891502e-05,0.0,0.0,0.0365859245510974,0.9634140754489026,0.019268281508978,0.0,0.1,0.2,0.0,0.0,0,0,0.9634140754489026,0.9634140754489026,decision_level_baseline_vs_candidate_path_memory_gap_audit,outer_loop_spatial_flow_belief_safe_explore_exploit_memory_v2_2
no_cluster_no_merge,spatial_flow_belief_memory_h3,3,final_heldout,5,r10_l7_full_domain_randomisation_arena_wide_training,r10_l7_full_domain_randomisation_arena_wide_training,r10_no_cluster_no_merge_spatial_flow_belief_memory_h3_final_0005,6,inflight_boundary_near,boundary_near,energy_retaining_bank,primvar_energy_retaining_bank_transition_object_59f915f98b46,baseline_and_memory_winner_match,True,primvar_energy_retaining_bank_transition_object_59f915f98b46,primvar_energy_retaining_bank_transition_object_59f915f98b46,0.0,0.0,0.03,0.0,1.0,-4.280504327880408e-05,-4.280504327880408e-05,0.0,0.0,0.0344365475142615,0.9655634524857384,0.0193112690497147,0.0,0.1,0.2,0.0,0.0,0,0,0.9655634524857384,0.9655634524857384,decision_level_baseline_vs_candidate_path_memory_gap_audit,outer_loop_spatial_flow_belief_safe_explore_exploit_memory_v2_2
no_cluster_no_merge,spatial_flow_belief_memory_h3,3,final_heldout,5,r10_l7_full_domain_randomisation_arena_wide_training,r10_l7_full_domain_randomisation_arena_wide_training,r10_no_cluster_no_merge_spatial_flow_belief_memory_h3_final_0005,7,inflight_boundary_near,boundary_near,energy_retaining_bank,primvar_energy_retaining_bank_transition_object_59f915f98b46,baseline_and_memory_winner_match,True,primvar_energy_retaining_bank_transition_object_59f915f98b46,primvar_energy_retaining_bank_transition_object_59f915f98b46,0.0,0.0,0.03,0.0,1.0,-4.407747389767458e-05,-4.407747389767458e-05,0.0,0.0,0.0331555548884717,0.9668444451115282,0.0193368889022305,0.0,0.1,0.2,0.0,0.0,0,0,0.9668444451115282,0.9668444451115282,decision_level_baseline_vs_candidate_path_memory_gap_audit,outer_loop_spatial_flow_belief_safe_explore_exploit_memory_v2_2
no_cluster_no_merge,spatial_flow_belief_memory_h3,3,final_heldout,5,r10_l7_full_domain_randomisation_arena_wide_training,r10_l7_full_domain_randomisation_arena_wide_training,r10_no_cluster_no_merge_spatial_flow_belief_memory_h3_final_0005,8,inflight_boundary_near,boundary_near,energy_retaining_bank,primvar_energy_retaining_bank_transition_object_59f915f98b46,baseline_and_memory_winner_match,True,primvar_energy_retaining_bank_transition_object_59f915f98b46,primvar_energy_retaining_bank_transition_object_59f915f98b46,0.0,0.0,0.03,0.0,1.0,-3.3433665075577323e-05,-3.3433665075577323e-05,0.0,0.0,0.0271383096845172,0.9728616903154828,0.0194572338063096,0.0,0.1,0.2,0.0,0.0,0,0,0.9728616903154828,0.9728616903154828,decision_level_baseline_vs_candidate_path_memory_gap_audit,outer_loop_spatial_flow_belief_safe_explore_exploit_memory_v2_2
super_light_cluster,spatial_flow_belief_memory_h30,30,final_heldout,3,r10_l7_full_domain_randomisation_arena_wide_training,r10_l7_full_domain_randomisation_arena_wide_training,r10_super_light_cluster_spatial_flow_belief_memory_h30_final_0003,0,launch_gate,launch_gate,energy_retaining_bank,primvar_energy_retaining_bank_transition_object_b3a90a619980,baseline_and_memory_winner_match,True,primvar_energy_retaining_bank_transition_object_b3a90a619980,primvar_energy_retaining_bank_transition_object_b3a90a619980,0.0,0.0,0.03,0.0,1.0,-2.036850236253329e-07,-2.036850236253329e-07,0.0,0.0,4.0928789421438624e-05,0.7491453862666233,0.0149829077253324,0.0,0.1,0.2,0.0,0.0,7,0,0.9999590712105786,0.7491453862666233,decision_level_baseline_vs_candidate_path_memory_gap_audit,outer_loop_spatial_flow_belief_safe_explore_exploit_memory_v2_2
super_light_cluster,spatial_flow_belief_memory_h30,30,final_heldout,3,r10_l7_full_domain_randomisation_arena_wide_training,r10_l7_full_domain_randomisation_arena_wide_training,r10_super_light_cluster_spatial_flow_belief_memory_h30_final_0003,1,inflight_boundary_near,boundary_near,mild_turn_right,primvar_mild_turn_right_transition_object_40208f0dcfe3,baseline_and_memory_winner_match,True,primvar_mild_turn_right_transition_object_40208f0dcfe3,primvar_mild_turn_right_transition_object_40208f0dcfe3,0.0,0.0,0.03,0.0,1.0,9.289530505052213e-06,9.289530505052213e-06,0.0,0.0,0.0347465674683332,0.7975875627151623,0.0159517512543032,0.0,0.1,0.2,0.0,0.0,7,0,0.9652534325316668,0.7975875627151623,decision_level_baseline_vs_candidate_path_memory_gap_audit,outer_loop_spatial_flow_belief_safe_explore_exploit_memory_v2_2
super_light_cluster,spatial_flow_belief_memory_h30,30,final_heldout,3,r10_l7_full_domain_randomisation_arena_wide_training,r10_l7_full_domain_randomisation_arena_wide_training,r10_super_light_cluster_spatial_flow_belief_memory_h30_final_0003,2,inflight_boundary_near,boundary_near,mild_turn_right,primvar_mild_turn_right_transition_object_40208f0dcfe3,baseline_and_memory_winner_match,True,primvar_mild_turn_right_transition_object_40208f0dcfe3,primvar_mild_turn_right_transition_object_40208f0dcfe3,0.0,0.0,0.03,0.0,1.0,-4.556195520644124e-05,-4.556195520644124e-05,0.0,0.0,0.0479610603281851,0.8841282001191414,0.0176825640023828,0.0,0.1,0.2,0.0,0.0,1,0,0.9520389396718149,0.8841282001191414,decision_level_baseline_vs_candidate_path_memory_gap_audit,outer_loop_spatial_flow_belief_safe_explore_exploit_memory_v2_2
super_light_cluster,spatial_flow_belief_memory_h30,30,final_heldout,3,r10_l7_full_domain_randomisation_arena_wide_training,r10_l7_full_domain_randomisation_arena_wide_training,r10_super_light_cluster_spatial_flow_belief_memory_h30_final_0003,3,inflight_boundary_near,boundary_near,safe_exit_or_recovery_handoff,primvar_safe_exit_or_recovery_handoff_transition_object_6683ccb4c539,baseline_and_memory_winner_match,True,primvar_safe_exit_or_recovery_handoff_transition_object_6683ccb4c539,primvar_safe_exit_or_recovery_handoff_transition_object_6683ccb4c539,0.0,0.0,0.03,0.0,1.0,1.3772612930118557e-05,1.3772612930118557e-05,0.0,0.0,0.0421478509375524,0.9578521490624476,0.0191570429812489,0.0,0.1,0.2,0.0,0.0,0,0,0.9578521490624476,0.9578521490624476,decision_level_baseline_vs_candidate_path_memory_gap_audit,outer_loop_spatial_flow_belief_safe_explore_exploit_memory_v2_2
super_light_cluster,spatial_flow_belief_memory_h30,30,final_heldout,3,r10_l7_full_domain_randomisation_arena_wide_training,r10_l7_full_domain_randomisation_arena_wide_training,r10_super_light_cluster_spatial_flow_belief_memory_h30_final_0003,4,inflight_boundary_near,boundary_near,safe_exit_or_recovery_handoff,primvar_safe_exit_or_recovery_handoff_transition_object_6683ccb4c539,baseline_and_memory_winner_match,True,primvar_safe_exit_or_recovery_handoff_transition_object_6683ccb4c539,primvar_safe_exit_or_recovery_handoff_transition_object_6683ccb4c539,0.0,0.0,0.03,0.0,1.0,6.572333935306318e-06,6.572333935306318e-06,0.0,0.0,0.0272414806881375,0.9727585193118624,0.0194551703862372,0.0,0.1,0.2,0.0,0.0,0,0,0.9727585193118624,0.9727585193118624,decision_level_baseline_vs_candidate_path_memory_gap_audit,outer_loop_spatial_flow_belief_safe_explore_exploit_memory_v2_2
super_light_cluster,spatial_flow_belief_memory_h30,30,final_heldout,3,r10_l7_full_domain_randomisation_arena_wide_training,r10_l7_full_domain_randomisation_arena_wide_training,r10_super_light_cluster_spatial_flow_belief_memory_h30_final_0003,5,inflight_boundary_near,boundary_near,energy_retaining_bank,primvar_energy_retaining_bank_transition_object_59f915f98b46,baseline_and_memory_winner_match,True,primvar_energy_retaining_bank_transition_object_59f915f98b46,primvar_energy_retaining_bank_transition_object_59f915f98b46,0.0,0.0,0.03,0.0,1.0,1.5419547869655048e-05,1.5419547869655048e-05,0.0,0.0,0.0290546647596801,0.97094533524032,0.0194189067048063,0.0,0.1,0.2,0.0,0.0,0,0,0.97094533524032,0.97094533524032,decision_level_baseline_vs_candidate_path_memory_gap_audit,outer_loop_spatial_flow_belief_safe_explore_exploit_memory_v2_2
super_light_cluster,spatial_flow_belief_memory_h30,30,final_heldout,3,r10_l7_full_domain_randomisation_arena_wide_training,r10_l7_full_domain_randomisation_arena_wide_training,r10_super_light_cluster_spatial_flow_belief_memory_h30_final_0003,6,inflight_boundary_near,boundary_near,energy_retaining_bank,primvar_energy_retaining_bank_transition_object_59f915f98b46,baseline_and_memory_winner_match,True,primvar_energy_retaining_bank_transition_object_59f915f98b46,primvar_energy_retaining_bank_transition_object_59f915f98b46,0.0,0.0,0.03,0.0,1.0,1.2844479017726227e-05,1.2844479017726227e-05,0.0,0.0,0.0331422565802613,0.9668577434197386,0.0193371548683947,0.0,0.1,0.2,0.0,0.0,0,0,0.9668577434197386,0.9668577434197386,decision_level_baseline_vs_candidate_path_memory_gap_audit,outer_loop_spatial_flow_belief_safe_explore_exploit_memory_v2_2
super_light_cluster,spatial_flow_belief_memory_h30,30,final_heldout,3,r10_l7_full_domain_randomisation_arena_wide_training,r10_l7_full_domain_randomisation_arena_wide_training,r10_super_light_cluster_spatial_flow_belief_memory_h30_final_0003,7,inflight_boundary_near,boundary_near,energy_retaining_bank,primvar_energy_retaining_bank_transition_object_59f915f98b46,baseline_and_memory_winner_match,True,primvar_energy_retaining_bank_transition_object_59f915f98b46,primvar_energy_retaining_bank_transition_object_59f915f98b46,0.0,0.0,0.03,0.0,1.0,4.10164616249098e-06,4.10164616249098e-06,0.0,0.0,0.0315875826065632,0.9684124173934368,0.0193682483478687,0.0,0.1,0.2,0.0,0.0,0,0,0.9684124173934368,0.9684124173934368,decision_level_baseline_vs_candidate_path_memory_gap_audit,outer_loop_spatial_flow_belief_safe_explore_exploit_memory_v2_2
no_cluster_no_merge,spatial_flow_belief_memory_h3,3,final_heldout,6,r10_l7_full_domain_randomisation_arena_wide_training,r10_l7_full_domain_randomisation_arena_wide_training,r10_no_cluster_no_merge_spatial_flow_belief_memory_h3_final_0006,0,launch_gate,launch_gate,mild_turn_left,primvar_mild_turn_left_transition_object_90af87442a8a,baseline_and_memory_winner_match,True,primvar_mild_turn_left_transition_object_90af87442a8a,primvar_mild_turn_left_transition_object_90af87442a8a,0.0,0.0,0.03,0.0,1.0,0.0,0.0,0.0,0.0,0.0,0.6395614393057931,0.0127912287861158,0.0,0.1,0.2,0.0,0.0,7,0,1.0,0.6395614393057931,decision_level_baseline_vs_candidate_path_memory_gap_audit,outer_loop_spatial_flow_belief_safe_explore_exploit_memory_v2_2
no_cluster_no_merge,spatial_flow_belief_memory_h3,3,final_heldout,6,r10_l7_full_domain_randomisation_arena_wide_training,r10_l7_full_domain_randomisation_arena_wide_training,r10_no_cluster_no_merge_spatial_flow_belief_memory_h3_final_0006,1,inflight_nominal,inflight_stable,safe_exit_or_recovery_handoff,primvar_safe_exit_or_recovery_handoff_transition_object_569472a752ed,baseline_and_memory_winner_match,True,primvar_safe_exit_or_recovery_handoff_transition_object_569472a752ed,primvar_safe_exit_or_recovery_handoff_transition_object_569472a752ed,0.0,0.0,0.03,0.0,1.0,0.0002080776513928,0.0002080776513928,0.0,0.0,0.0336140207139541,0.6212450121733484,0.0124249002434669,0.0,0.1,0.2,0.0,0.0,7,0,0.966385979286046,0.6212450121733484,decision_level_baseline_vs_candidate_path_memory_gap_audit,outer_loop_spatial_flow_belief_safe_explore_exploit_memory_v2_2
no_cluster_no_merge,spatial_flow_belief_memory_h3,3,final_heldout,6,r10_l7_full_domain_randomisation_arena_wide_training,r10_l7_full_domain_randomisation_arena_wide_training,r10_no_cluster_no_merge_spatial_flow_belief_memory_h3_final_0006,2,inflight_recovery_edge,recoverable_degraded,safe_exit_or_recovery_handoff,primvar_safe_exit_or_recovery_handoff_transition_object_89fe6c2843f5,baseline_and_memory_winner_match,True,primvar_safe_exit_or_recovery_handoff_transition_object_89fe6c2843f5,primvar_safe_exit_or_recovery_handoff_transition_object_89fe6c2843f5,0.0,0.0,0.03,0.0,1.0,0.0002641580108697,0.0002641580108697,0.0,0.0,0.035385633094197,0.6647491100753222,0.0132949822015064,0.0,0.1,0.2,0.0,0.0,7,0,0.9646143669058028,0.6647491100753222,decision_level_baseline_vs_candidate_path_memory_gap_audit,outer_loop_spatial_flow_belief_safe_explore_exploit_memory_v2_2
no_cluster_no_merge,spatial_flow_belief_memory_h3,3,final_heldout,6,r10_l7_full_domain_randomisation_arena_wide_training,r10_l7_full_domain_randomisation_arena_wide_training,r10_no_cluster_no_merge_spatial_flow_belief_memory_h3_final_0006,3,inflight_recovery_edge,recoverable_degraded,safe_exit_or_recovery_handoff,primvar_safe_exit_or_recovery_handoff_transition_object_eb5ec1f84c14,baseline_and_memory_winner_match,True,primvar_safe_exit_or_recovery_handoff_transition_object_eb5ec1f84c14,primvar_safe_exit_or_recovery_handoff_transition_object_eb5ec1f84c14,0.0,0.0,0.03,0.0,1.0,0.0002446815965096,0.0002446815965096,0.0,0.0,0.0355713940917947,0.6677082279423631,0.0133541645588472,0.0,0.1,0.2,0.0,0.0,7,0,0.9644286059082052,0.6677082279423631,decision_level_baseline_vs_candidate_path_memory_gap_audit,outer_loop_spatial_flow_belief_safe_explore_exploit_memory_v2_2
no_cluster_no_merge,spatial_flow_belief_memory_h3,3,final_heldout,6,r10_l7_full_domain_randomisation_arena_wide_training,r10_l7_full_domain_randomisation_arena_wide_training,r10_no_cluster_no_merge_spatial_flow_belief_memory_h3_final_0006,4,inflight_recovery_edge,recoverable_degraded,safe_exit_or_recovery_handoff,primvar_safe_exit_or_recovery_handoff_transition_object_54443200afd9,baseline_and_memory_winner_match,True,primvar_safe_exit_or_recovery_handoff_transition_object_54443200afd9,primvar_safe_exit_or_recovery_handoff_transition_object_54443200afd9,0.0,0.0,0.03,0.0,1.0,0.0002137923718165,0.0002137923718165,0.0,0.0,0.0360487251430697,0.6633408946869621,0.0132668178937392,0.0,0.1,0.2,2.56922910877381e-07,0.0053340981323555,7,5,0.9639512748569304,0.6633408946869621,decision_level_baseline_vs_candidate_path_memory_gap_audit,outer_loop_spatial_flow_belief_safe_explore_exploit_memory_v2_2
no_cluster_no_merge,spatial_flow_belief_memory_h3,3,final_heldout,6,r10_l7_full_domain_randomisation_arena_wide_training,r10_l7_full_domain_randomisation_arena_wide_training,r10_no_cluster_no_merge_spatial_flow_belief_memory_h3_final_0006,5,inflight_recovery_edge,recoverable_degraded,safe_exit_or_recovery_handoff,primvar_safe_exit_or_recovery_handoff_transition_object_54443200afd9,baseline_and_memory_winner_match,True,primvar_safe_exit_or_recovery_handoff_transition_object_54443200afd9,primvar_safe_exit_or_recovery_handoff_transition_object_54443200afd9,0.0,0.0,0.03,0.0,1.0,0.000156910535062,0.000156910535062,0.0,0.0,0.0415397845720655,0.705816668512071,0.0141163333702414,0.0,0.1,0.2,1.3615658927531285e-06,0.0025470779144642,7,6,0.9584602154279344,0.705816668512071,decision_level_baseline_vs_candidate_path_memory_gap_audit,outer_loop_spatial_flow_belief_safe_explore_exploit_memory_v2_2
no_cluster_no_merge,spatial_flow_belief_memory_h3,3,final_heldout,6,r10_l7_full_domain_randomisation_arena_wide_training,r10_l7_full_domain_randomisation_arena_wide_training,r10_no_cluster_no_merge_spatial_flow_belief_memory_h3_final_0006,6,inflight_recovery_edge,recoverable_degraded,safe_exit_or_recovery_handoff,primvar_safe_exit_or_recovery_handoff_transition_object_5e603211d22a,baseline_and_memory_winner_match,True,primvar_safe_exit_or_recovery_handoff_transition_object_5e603211d22a,primvar_safe_exit_or_recovery_handoff_transition_object_5e603211d22a,0.0,0.0,0.03,0.0,1.0,2.571072136589581e-05,2.571072136589581e-05,0.0,0.0,0.031824746856181,0.6992795881161948,0.0139855917623238,0.0,0.1,0.2,3.1532549111685138e-06,0.0034183221127894,7,4,0.9681752531438188,0.6992795881161948,decision_level_baseline_vs_candidate_path_memory_gap_audit,outer_loop_spatial_flow_belief_safe_explore_exploit_memory_v2_2
no_cluster_no_merge,spatial_flow_belief_memory_h3,3,final_heldout,6,r10_l7_full_domain_randomisation_arena_wide_training,r10_l7_full_domain_randomisation_arena_wide_training,r10_no_cluster_no_merge_spatial_flow_belief_memory_h3_final_0006,7,inflight_recovery_edge,recoverable_degraded,safe_exit_or_recovery_handoff,primvar_safe_exit_or_recovery_handoff_transition_object_5e603211d22a,baseline_and_memory_winner_match,True,primvar_safe_exit_or_recovery_handoff_transition_object_5e603211d22a,primvar_safe_exit_or_recovery_handoff_transition_object_5e603211d22a,0.0,0.0,0.03,0.0,1.0,-9.591383632484574e-05,-9.591383632484574e-05,0.0,0.0,0.0454793013285085,0.7347291033851581,0.0146945820677031,0.0,0.1,0.2,1.6994339469390037e-06,0.0017829312918839,5,6,0.9545206986714916,0.7347291033851581,decision_level_baseline_vs_candidate_path_memory_gap_audit,outer_loop_spatial_flow_belief_safe_explore_exploit_memory_v2_2
no_cluster_no_merge,spatial_flow_belief_memory_h3,3,final_heldout,6,r10_l7_full_domain_randomisation_arena_wide_training,r10_l7_full_domain_randomisation_arena_wide_training,r10_no_cluster_no_merge_spatial_flow_belief_memory_h3_final_0006,8,inflight_recovery_edge,recoverable_degraded,safe_exit_or_recovery_handoff,primvar_safe_exit_or_recovery_handoff_transition_object_5e603211d22a,baseline_and_memory_winner_match,True,primvar_safe_exit_or_recovery_handoff_transition_object_5e603211d22a,primvar_safe_exit_or_recovery_handoff_transition_object_5e603211d22a,0.0,0.0,0.03,0.0,1.0,-0.000182061060342,-0.000182061060342,0.0,0.0,0.0367142717313363,0.7879558048519136,0.0157591160970382,0.0,0.1,0.2,0.0,0.0,3,0,0.9632857282686637,0.7879558048519136,decision_level_baseline_vs_candidate_path_memory_gap_audit,outer_loop_spatial_flow_belief_safe_explore_exploit_memory_v2_2
no_cluster_no_merge,spatial_flow_belief_memory_h3,3,final_heldout,6,r10_l7_full_domain_randomisation_arena_wide_training,r10_l7_full_domain_randomisation_arena_wide_training,r10_no_cluster_no_merge_spatial_flow_belief_memory_h3_final_0006,9,inflight_boundary_near,boundary_near,lift_dwell_arc,primvar_lift_dwell_arc_transition_object_de078f2fa84a,baseline_and_memory_winner_match,True,primvar_lift_dwell_arc_transition_object_de078f2fa84a,primvar_lift_dwell_arc_transition_object_de078f2fa84a,0.0,0.0,0.03,0.0,1.0,-0.000349428676279,-0.000349428676279,0.0,0.0,0.0463907075545645,0.8717314444743584,0.0174346288894871,0.0,0.1,0.2,0.0,0.0,0,0,0.9536092924454356,0.8717314444743584,decision_level_baseline_vs_candidate_path_memory_gap_audit,outer_loop_spatial_flow_belief_safe_explore_exploit_memory_v2_2
no_cluster_no_merge,spatial_flow_belief_memory_h3,3,final_heldout,6,r10_l7_full_domain_randomisation_arena_wide_training,r10_l7_full_domain_randomisation_arena_wide_training,r10_no_cluster_no_merge_spatial_flow_belief_memory_h3_final_0006,10,inflight_boundary_near,boundary_near,lift_dwell_arc,primvar_lift_dwell_arc_transition_object_de078f2fa84a,baseline_and_memory_winner_match,True,primvar_lift_dwell_arc_transition_object_de078f2fa84a,primvar_lift_dwell_arc_transition_object_de078f2fa84a,0.0,0.0,0.03,0.0,1.0,-0.0002565862468071,-0.0002565862468071,0.0,0.0,0.0350097880486691,0.9208897373290356,0.0184177947465807,0.0,0.1,0.2,0.0,0.0,0,0,0.964990211951331,0.9208897373290356,decision_level_baseline_vs_candidate_path_memory_gap_audit,outer_loop_spatial_flow_belief_safe_explore_exploit_memory_v2_2
no_cluster_no_merge,spatial_flow_belief_memory_h3,3,final_heldout,6,r10_l7_full_domain_randomisation_arena_wide_training,r10_l7_full_domain_randomisation_arena_wide_training,r10_no_cluster_no_merge_spatial_flow_belief_memory_h3_final_0006,11,inflight_boundary_near,boundary_near,lift_dwell_arc,primvar_lift_dwell_arc_transition_object_de078f2fa84a,baseline_and_memory_winner_match,True,primvar_lift_dwell_arc_transition_object_de078f2fa84a,primvar_lift_dwell_arc_transition_object_de078f2fa84a,0.0,0.0,0.03,0.0,1.0,-0.0003451763618077,-0.0003451763618077,0.0,0.0,0.0383721999537837,0.922839186057276,0.0184567837211455,0.0,0.1,0.2,0.0,0.0,0,0,0.9616278000462164,0.922839186057276,decision_level_baseline_vs_candidate_path_memory_gap_audit,outer_loop_spatial_flow_belief_safe_explore_exploit_memory_v2_2
no_cluster_no_merge,spatial_flow_belief_memory_h3,3,final_heldout,6,r10_l7_full_domain_randomisation_arena_wide_training,r10_l7_full_domain_randomisation_arena_wide_training,r10_no_cluster_no_merge_spatial_flow_belief_memory_h3_final_0006,12,inflight_boundary_near,boundary_near,lift_dwell_arc,primvar_lift_dwell_arc_transition_object_de078f2fa84a,baseline_and_memory_winner_match,True,primvar_lift_dwell_arc_transition_object_de078f2fa84a,primvar_lift_dwell_arc_transition_object_de078f2fa84a,0.0,0.0,0.03,0.0,1.0,-0.0003687489080623,-0.0003687489080623,0.0,0.0,0.0365622594505678,0.869869101118423,0.0173973820223684,0.0,0.1,0.2,0.0,0.0,0,0,0.963437740549432,0.869869101118423,decision_level_baseline_vs_candidate_path_memory_gap_audit,outer_loop_spatial_flow_belief_safe_explore_exploit_memory_v2_2
no_cluster_no_merge,spatial_flow_belief_memory_h3,3,final_heldout,6,r10_l7_full_domain_randomisation_arena_wide_training,r10_l7_full_domain_randomisation_arena_wide_training,r10_no_cluster_no_merge_spatial_flow_belief_memory_h3_final_0006,13,inflight_boundary_near,boundary_near,lift_dwell_arc,primvar_lift_dwell_arc_transition_object_de078f2fa84a,baseline_and_memory_winner_match,True,primvar_lift_dwell_arc_transition_object_de078f2fa84a,primvar_lift_dwell_arc_transition_object_de078f2fa84a,0.0,0.0,0.03,0.0,1.0,-0.0003156884395176,-0.0003156884395176,0.0,0.0,0.0296244859738228,0.7245169100899732,0.0144903382017994,0.0,0.1,0.2,0.0,0.0,0,0,0.970375514026177,0.7245169100899732,decision_level_baseline_vs_candidate_path_memory_gap_audit,outer_loop_spatial_flow_belief_safe_explore_exploit_memory_v2_2
super_light_cluster,spatial_flow_belief_memory_h30,30,final_heldout,4,r10_l7_full_domain_randomisation_arena_wide_training,r10_l7_full_domain_randomisation_arena_wide_training,r10_super_light_cluster_spatial_flow_belief_memory_h30_final_0004,0,launch_gate,launch_gate,lift_dwell_arc,primvar_lift_dwell_arc_transition_object_dc4fa17f89f7,baseline_and_memory_winner_match,True,primvar_lift_dwell_arc_transition_object_dc4fa17f89f7,primvar_lift_dwell_arc_transition_object_dc4fa17f89f7,0.0,0.0,0.03,0.0,1.0,0.0007569750122458,0.0007569750122458,0.0,0.0,0.102490759261614,0.5427860821624302,0.0108557216432486,0.0,0.1,0.2,0.0,0.0,7,0,0.897509240738386,0.5427860821624302,decision_level_baseline_vs_candidate_path_memory_gap_audit,outer_loop_spatial_flow_belief_safe_explore_exploit_memory_v2_2
super_light_cluster,spatial_flow_belief_memory_h30,30,final_heldout,4,r10_l7_full_domain_randomisation_arena_wide_training,r10_l7_full_domain_randomisation_arena_wide_training,r10_super_light_cluster_spatial_flow_belief_memory_h30_final_0004,1,inflight_nominal,inflight_stable,recovery,primvar_recovery_transition_object_a9d2daacfd0f,baseline_and_memory_winner_match,True,primvar_recovery_transition_object_a9d2daacfd0f,primvar_recovery_transition_object_a9d2daacfd0f,0.0,0.0,0.03,0.0,1.0,0.0010141065784285,0.0010141065784285,0.0,0.0,0.1281470691307914,0.5508905315989208,0.0110178106319784,0.0,0.1,0.2,0.0,0.0,7,0,0.8718529308692086,0.5508905315989208,decision_level_baseline_vs_candidate_path_memory_gap_audit,outer_loop_spatial_flow_belief_safe_explore_exploit_memory_v2_2
super_light_cluster,spatial_flow_belief_memory_h30,30,final_heldout,4,r10_l7_full_domain_randomisation_arena_wide_training,r10_l7_full_domain_randomisation_arena_wide_training,r10_super_light_cluster_spatial_flow_belief_memory_h30_final_0004,2,inflight_recovery_edge,recoverable_degraded,safe_exit_or_recovery_handoff,primvar_safe_exit_or_recovery_handoff_transition_object_89fe6c2843f5,baseline_and_memory_winner_match,True,primvar_safe_exit_or_recovery_handoff_transition_object_89fe6c2843f5,primvar_safe_exit_or_recovery_handoff_transition_object_89fe6c2843f5,0.0,0.0,0.03,0.0,1.0,0.0007547557935784,0.0007547557935784,0.0,0.0,0.0860930220778639,0.6139386005766716,0.0122787720115334,0.0,0.1,0.2,0.0,0.0,7,0,0.913906977922136,0.6139386005766716,decision_level_baseline_vs_candidate_path_memory_gap_audit,outer_loop_spatial_flow_belief_safe_explore_exploit_memory_v2_2
super_light_cluster,spatial_flow_belief_memory_h30,30,final_heldout,4,r10_l7_full_domain_randomisation_arena_wide_training,r10_l7_full_domain_randomisation_arena_wide_training,r10_super_light_cluster_spatial_flow_belief_memory_h30_final_0004,3,inflight_recovery_edge,recoverable_degraded,safe_exit_or_recovery_handoff,primvar_safe_exit_or_recovery_handoff_transition_object_eb5ec1f84c14,baseline_and_memory_winner_match,True,primvar_safe_exit_or_recovery_handoff_transition_object_eb5ec1f84c14,primvar_safe_exit_or_recovery_handoff_transition_object_eb5ec1f84c14,0.0,0.0,0.03,0.0,1.0,9.955431162339544e-05,9.955431162339544e-05,0.0,0.0,0.039636991933741,0.6478078120806325,0.0129561562416126,0.0,0.1,0.2,0.0,0.0,7,0,0.960363008066259,0.6478078120806325,decision_level_baseline_vs_candidate_path_memory_gap_audit,outer_loop_spatial_flow_belief_safe_explore_exploit_memory_v2_2
super_light_cluster,spatial_flow_belief_memory_h30,30,final_heldout,4,r10_l7_full_domain_randomisation_arena_wide_training,r10_l7_full_domain_randomisation_arena_wide_training,r10_super_light_cluster_spatial_flow_belief_memory_h30_final_0004,4,inflight_boundary_near,boundary_near,mild_turn_right,primvar_mild_turn_right_transition_object_939eac7bb32e,baseline_and_memory_winner_match,True,primvar_mild_turn_right_transition_object_939eac7bb32e,primvar_mild_turn_right_transition_object_939eac7bb32e,0.0,0.0,0.03,0.0,1.0,-0.0004149285202671,-0.0004149285202671,0.0,0.0,0.0594761785755106,0.7421759813590029,0.01484351962718,0.0,0.1,0.2,0.0,0.0,7,0,0.9405238214244892,0.7421759813590029,decision_level_baseline_vs_candidate_path_memory_gap_audit,outer_loop_spatial_flow_belief_safe_explore_exploit_memory_v2_2
super_light_cluster,spatial_flow_belief_memory_h30,30,final_heldout,4,r10_l7_full_domain_randomisation_arena_wide_training,r10_l7_full_domain_randomisation_arena_wide_training,r10_super_light_cluster_spatial_flow_belief_memory_h30_final_0004,5,inflight_boundary_near,boundary_near,mild_turn_right,primvar_mild_turn_right_transition_object_939eac7bb32e,baseline_and_memory_winner_match,True,primvar_mild_turn_right_transition_object_939eac7bb32e,primvar_mild_turn_right_transition_object_939eac7bb32e,0.0,0.0,0.03,0.0,1.0,-0.0010340480188693,-0.0010340480188693,0.0,0.0,0.0803915922005974,0.7948723834131401,0.0158974476682628,0.0,0.1,0.2,0.0,0.0,3,0,0.9196084077994026,0.7948723834131401,decision_level_baseline_vs_candidate_path_memory_gap_audit,outer_loop_spatial_flow_belief_safe_explore_exploit_memory_v2_2
super_light_cluster,spatial_flow_belief_memory_h30,30,final_heldout,4,r10_l7_full_domain_randomisation_arena_wide_training,r10_l7_full_domain_randomisation_arena_wide_training,r10_super_light_cluster_spatial_flow_belief_memory_h30_final_0004,6,inflight_boundary_near,boundary_near,lift_dwell_arc,primvar_lift_dwell_arc_transition_object_e77518a9ca96,baseline_and_memory_winner_match,True,primvar_lift_dwell_arc_transition_object_e77518a9ca96,primvar_lift_dwell_arc_transition_object_e77518a9ca96,0.0,0.0,0.03,0.0,1.0,-0.000545796879994,-0.000545796879994,0.0,0.0,0.0380079375783771,0.9619920624216228,0.0192398412484324,0.0,0.1,0.2,0.0,0.0,0,0,0.9619920624216228,0.9619920624216228,decision_level_baseline_vs_candidate_path_memory_gap_audit,outer_loop_spatial_flow_belief_safe_explore_exploit_memory_v2_2
super_light_cluster,spatial_flow_belief_memory_h30,30,final_heldout,4,r10_l7_full_domain_randomisation_arena_wide_training,r10_l7_full_domain_randomisation_arena_wide_training,r10_super_light_cluster_spatial_flow_belief_memory_h30_final_0004,7,inflight_boundary_near,boundary_near,lift_dwell_arc,primvar_lift_dwell_arc_transition_object_e77518a9ca96,rejected_exploration_cross_family_without_memory_confidence,False,primvar_lift_dwell_arc_transition_object_e77518a9ca96,primvar_lift_entry_transition_object_28b2b3339374,1.3806310947828138e-05,4.646648329214502e-06,0.03,0.0,1.0,-0.0005711802734142,-0.0005711802734142,5.000000000032756e-06,0.929329665836812,0.0472823692275203,0.9527176307724796,0.0190543526154495,0.0,0.1,0.2,0.0,0.0,0,0,0.9520096476415548,0.9520096476415548,decision_level_baseline_vs_candidate_path_memory_gap_audit,outer_loop_spatial_flow_belief_safe_explore_exploit_memory_v2_2
super_light_cluster,spatial_flow_belief_memory_h30,30,final_heldout,4,r10_l7_full_domain_randomisation_arena_wide_training,r10_l7_full_domain_randomisation_arena_wide_training,r10_super_light_cluster_spatial_flow_belief_memory_h30_final_0004,8,inflight_boundary_near,boundary_near,lift_dwell_arc,primvar_lift_dwell_arc_transition_object_e77518a9ca96,rejected_exploration_cross_family_without_memory_confidence,False,primvar_lift_dwell_arc_transition_object_e77518a9ca96,primvar_lift_entry_transition_object_28b2b3339374,6.910900952172838e-06,1.7025276554838865e-06,0.03,0.0,1.0,-0.0004035756079863,-0.0004035756079863,4.999999999810711e-06,0.3405055311096681,0.0420128919182378,0.9579871080817622,0.0191597421616352,0.0,0.1,0.2,0.0,0.0,0,0,0.9574766894169332,0.9574766894169332,decision_level_baseline_vs_candidate_path_memory_gap_audit,outer_loop_spatial_flow_belief_safe_explore_exploit_memory_v2_2
super_light_cluster,spatial_flow_belief_memory_h30,30,final_heldout,4,r10_l7_full_domain_randomisation_arena_wide_training,r10_l7_full_domain_randomisation_arena_wide_training,r10_super_light_cluster_spatial_flow_belief_memory_h30_final_0004,9,inflight_boundary_near,boundary_near,lift_dwell_arc,primvar_lift_dwell_arc_transition_object_e77518a9ca96,baseline_and_memory_winner_match,True,primvar_lift_dwell_arc_transition_object_e77518a9ca96,primvar_lift_dwell_arc_transition_object_e77518a9ca96,0.0,0.0,0.03,0.0,1.0,-0.000241363510669,-0.000241363510669,0.0,0.0,0.0317656034949243,0.9682343965050756,0.0193646879301015,0.0,0.1,0.2,0.0,0.0,0,0,0.9682343965050756,0.9682343965050756,decision_level_baseline_vs_candidate_path_memory_gap_audit,outer_loop_spatial_flow_belief_safe_explore_exploit_memory_v2_2
super_light_cluster,spatial_flow_belief_memory_h30,30,final_heldout,4,r10_l7_full_domain_randomisation_arena_wide_training,r10_l7_full_domain_randomisation_arena_wide_training,r10_super_light_cluster_spatial_flow_belief_memory_h30_final_0004,10,inflight_boundary_near,boundary_near,mild_turn_left,primvar_mild_turn_left_transition_object_72b921ad790a,baseline_and_memory_winner_match,True,primvar_mild_turn_left_transition_object_72b921ad790a,primvar_mild_turn_left_transition_object_72b921ad790a,0.0,0.0,0.03,0.0,1.0,-0.0002236981199752,-0.0002236981199752,0.0,0.0,0.0369571080294312,0.9630428919705688,0.0192608578394113,0.0,0.1,0.2,0.0,0.0,0,0,0.9630428919705688,0.9630428919705688,decision_level_baseline_vs_candidate_path_memory_gap_audit,outer_loop_spatial_flow_belief_safe_explore_exploit_memory_v2_2
no_cluster_no_merge,spatial_flow_belief_memory_h3,3,final_heldout,7,r10_l7_full_domain_randomisation_arena_wide_training,r10_l7_full_domain_randomisation_arena_wide_training,r10_no_cluster_no_merge_spatial_flow_belief_memory_h3_final_0007,0,launch_gate,launch_gate,lift_dwell_arc,primvar_lift_dwell_arc_transition_object_569b281fbb4d,baseline_and_memory_winner_match,True,primvar_lift_dwell_arc_transition_object_569b281fbb4d,primvar_lift_dwell_arc_transition_object_569b281fbb4d,0.0,0.0,0.03,0.0,1.0,2.725733409980613e-06,2.725733409980613e-06,0.0,0.0,0.0002964245452635,0.4950117723212069,0.0099002354464241,0.0,0.1,0.2,0.0,0.0,7,0,0.9997035754547364,0.4950117723212069,decision_level_baseline_vs_candidate_path_memory_gap_audit,outer_loop_spatial_flow_belief_safe_explore_exploit_memory_v2_2
no_cluster_no_merge,spatial_flow_belief_memory_h3,3,final_heldout,7,r10_l7_full_domain_randomisation_arena_wide_training,r10_l7_full_domain_randomisation_arena_wide_training,r10_no_cluster_no_merge_spatial_flow_belief_memory_h3_final_0007,1,inflight_nominal,inflight_stable,lift_dwell_arc,primvar_lift_dwell_arc_transition_object_3ff3f3ca3c62,baseline_and_memory_winner_match,True,primvar_lift_dwell_arc_transition_object_3ff3f3ca3c62,primvar_lift_dwell_arc_transition_object_3ff3f3ca3c62,0.0,0.0,0.03,0.0,1.0,-6.440468419155465e-05,-6.440468419155465e-05,0.0,0.0,0.0400251948374501,0.4882856154409843,0.0097657123088196,0.0,0.1,0.2,0.0,0.0,7,0,0.9599748051625498,0.4882856154409843,decision_level_baseline_vs_candidate_path_memory_gap_audit,outer_loop_spatial_flow_belief_safe_explore_exploit_memory_v2_2
no_cluster_no_merge,spatial_flow_belief_memory_h3,3,final_heldout,7,r10_l7_full_domain_randomisation_arena_wide_training,r10_l7_full_domain_randomisation_arena_wide_training,r10_no_cluster_no_merge_spatial_flow_belief_memory_h3_final_0007,2,inflight_nominal,inflight_stable,lift_dwell_arc,primvar_lift_dwell_arc_transition_object_3ff3f3ca3c62,baseline_and_memory_winner_match,True,primvar_lift_dwell_arc_transition_object_3ff3f3ca3c62,primvar_lift_dwell_arc_transition_object_3ff3f3ca3c62,0.0,0.0,0.03,0.0,1.0,-0.0001853494797299,-0.0001853494797299,0.0,0.0,0.0367488336835362,0.5087598327444468,0.0101751966548889,0.0,0.1,0.2,0.0,0.0,7,0,0.9632511663164636,0.5087598327444468,decision_level_baseline_vs_candidate_path_memory_gap_audit,outer_loop_spatial_flow_belief_safe_explore_exploit_memory_v2_2
no_cluster_no_merge,spatial_flow_belief_memory_h3,3,final_heldout,7,r10_l7_full_domain_randomisation_arena_wide_training,r10_l7_full_domain_randomisation_arena_wide_training,r10_no_cluster_no_merge_spatial_flow_belief_memory_h3_final_0007,3,inflight_nominal,inflight_stable,lift_dwell_arc,primvar_lift_dwell_arc_transition_object_f5212e7a8993,baseline_and_memory_winner_match,True,primvar_lift_dwell_arc_transition_object_f5212e7a8993,primvar_lift_dwell_arc_transition_object_f5212e7a8993,0.0,0.0,0.03,0.0,1.0,-0.0002835271486363,-0.0002835271486363,0.0,0.0,0.0395145443699111,0.5749682816280313,0.0114993656325606,0.0,0.1,0.2,0.0,0.0,7,0,0.9604854556300888,0.5749682816280313,decision_level_baseline_vs_candidate_path_memory_gap_audit,outer_loop_spatial_flow_belief_safe_explore_exploit_memory_v2_2
no_cluster_no_merge,spatial_flow_belief_memory_h3,3,final_heldout,7,r10_l7_full_domain_randomisation_arena_wide_training,r10_l7_full_domain_randomisation_arena_wide_training,r10_no_cluster_no_merge_spatial_flow_belief_memory_h3_final_0007,4,inflight_nominal,inflight_stable,lift_dwell_arc,primvar_lift_dwell_arc_transition_object_f5212e7a8993,baseline_and_memory_winner_match,True,primvar_lift_dwell_arc_transition_object_f5212e7a8993,primvar_lift_dwell_arc_transition_object_f5212e7a8993,0.0,0.0,0.03,0.0,1.0,-0.0002531859421257,-0.0002531859421257,0.0,0.0,0.0298315495063607,0.6111358211444557,0.0122227164228891,0.0,0.1,0.2,0.0,0.0,7,0,0.9701684504936392,0.6111358211444557,decision_level_baseline_vs_candidate_path_memory_gap_audit,outer_loop_spatial_flow_belief_safe_explore_exploit_memory_v2_2
no_cluster_no_merge,spatial_flow_belief_memory_h3,3,final_heldout,7,r10_l7_full_domain_randomisation_arena_wide_training,r10_l7_full_domain_randomisation_arena_wide_training,r10_no_cluster_no_merge_spatial_flow_belief_memory_h3_final_0007,5,inflight_nominal,inflight_stable,lift_dwell_arc,primvar_lift_dwell_arc_transition_object_f5212e7a8993,baseline_and_memory_winner_match,True,primvar_lift_dwell_arc_transition_object_f5212e7a8993,primvar_lift_dwell_arc_transition_object_f5212e7a8993,0.0,0.0,0.03,0.0,1.0,-0.0003174625716577,-0.0003174625716577,0.0,0.0,0.0344480918674946,0.6440227191641802,0.0128804543832836,0.0,0.1,0.2,0.0,0.0,7,0,0.9655519081325054,0.6440227191641802,decision_level_baseline_vs_candidate_path_memory_gap_audit,outer_loop_spatial_flow_belief_safe_explore_exploit_memory_v2_2
no_cluster_no_merge,spatial_flow_belief_memory_h3,3,final_heldout,7,r10_l7_full_domain_randomisation_arena_wide_training,r10_l7_full_domain_randomisation_arena_wide_training,r10_no_cluster_no_merge_spatial_flow_belief_memory_h3_final_0007,6,inflight_nominal,inflight_stable,lift_dwell_arc,primvar_lift_dwell_arc_transition_object_f5212e7a8993,baseline_and_memory_winner_match,True,primvar_lift_dwell_arc_transition_object_f5212e7a8993,primvar_lift_dwell_arc_transition_object_f5212e7a8993,0.0,0.0,0.03,0.0,1.0,-0.0003070663213775,-0.0003070663213775,0.0,0.0,0.0315102803735586,0.6889519913463668,0.0137790398269273,0.0,0.1,0.2,0.0,0.0,7,0,0.9684897196264414,0.6889519913463668,decision_level_baseline_vs_candidate_path_memory_gap_audit,outer_loop_spatial_flow_belief_safe_explore_exploit_memory_v2_2
no_cluster_no_merge,spatial_flow_belief_memory_h3,3,final_heldout,7,r10_l7_full_domain_randomisation_arena_wide_training,r10_l7_full_domain_randomisation_arena_wide_training,r10_no_cluster_no_merge_spatial_flow_belief_memory_h3_final_0007,7,inflight_nominal,inflight_stable,lift_dwell_arc,primvar_lift_dwell_arc_transition_object_f5212e7a8993,baseline_and_memory_winner_match,True,primvar_lift_dwell_arc_transition_object_f5212e7a8993,primvar_lift_dwell_arc_transition_object_f5212e7a8993,0.0,0.0,0.03,0.0,1.0,-0.0004081981493464,-0.0004081981493464,0.0,0.0,0.0396924373130636,0.7356166819523681,0.0147123336390473,0.0,0.1,0.2,0.0,0.0,7,0,0.9603075626869364,0.7356166819523681,decision_level_baseline_vs_candidate_path_memory_gap_audit,outer_loop_spatial_flow_belief_safe_explore_exploit_memory_v2_2
no_cluster_no_merge,spatial_flow_belief_memory_h3,3,final_heldout,7,r10_l7_full_domain_randomisation_arena_wide_training,r10_l7_full_domain_randomisation_arena_wide_training,r10_no_cluster_no_merge_spatial_flow_belief_memory_h3_final_0007,8,inflight_nominal,inflight_stable,lift_dwell_arc,primvar_lift_dwell_arc_transition_object_f5212e7a8993,baseline_and_memory_winner_match,True,primvar_lift_dwell_arc_transition_object_f5212e7a8993,primvar_lift_dwell_arc_transition_object_f5212e7a8993,0.0,0.0,0.03,0.0,1.0,-0.0003928994931212,-0.0003928994931212,0.0,0.0,0.0361692439932878,0.8055268867645896,0.0161105377352917,0.0,0.1,0.2,0.0,0.0,5,0,0.963830756006712,0.8055268867645896,decision_level_baseline_vs_candidate_path_memory_gap_audit,outer_loop_spatial_flow_belief_safe_explore_exploit_memory_v2_2
no_cluster_no_merge,spatial_flow_belief_memory_h3,3,final_heldout,7,r10_l7_full_domain_randomisation_arena_wide_training,r10_l7_full_domain_randomisation_arena_wide_training,r10_no_cluster_no_merge_spatial_flow_belief_memory_h3_final_0007,9,inflight_boundary_near,boundary_near,energy_retaining_bank,primvar_energy_retaining_bank_transition_object_444a6c5eb99a,baseline_and_memory_winner_match,True,primvar_energy_retaining_bank_transition_object_444a6c5eb99a,primvar_energy_retaining_bank_transition_object_444a6c5eb99a,0.0,0.0,0.03,0.0,1.0,-0.0004309744663038,-0.0004309744663038,0.0,0.0,0.0378237174016133,0.8973958632486352,0.0179479172649727,0.0,0.1,0.2,0.0,0.0,0,0,0.9621762825983868,0.8973958632486352,decision_level_baseline_vs_candidate_path_memory_gap_audit,outer_loop_spatial_flow_belief_safe_explore_exploit_memory_v2_2
no_cluster_no_merge,spatial_flow_belief_memory_h3,3,final_heldout,7,r10_l7_full_domain_randomisation_arena_wide_training,r10_l7_full_domain_randomisation_arena_wide_training,r10_no_cluster_no_merge_spatial_flow_belief_memory_h3_final_0007,10,inflight_boundary_near,boundary_near,,,,False,,,0.0,0.0,0.0,0.0,0.0,0.0,0.0,0.0,0.0,0.0,1.0,0.0,0.0,0.0,0.0,0.0,0.0,0,0,0.0,0.0,decision_level_baseline_vs_candidate_path_memory_gap_audit,outer_loop_spatial_flow_belief_safe_explore_exploit_memory_v2_2
no_cluster_no_merge,spatial_flow_belief_memory_h3,3,final_heldout,9,r10_l7_full_domain_randomisation_arena_wide_training,r10_l7_full_domain_randomisation_arena_wide_training,r10_no_cluster_no_merge_spatial_flow_belief_memory_h3_final_0009,0,launch_gate,launch_gate,mild_turn_right,primvar_mild_turn_right_transition_object_800116bd9d08,baseline_and_memory_winner_match,True,primvar_mild_turn_right_transition_object_800116bd9d08,primvar_mild_turn_right_transition_object_800116bd9d08,0.0,0.0,0.03,0.0,1.0,0.0002456644014104,0.0002456644014104,0.0,0.0,0.0294237265891093,0.6509930759822866,0.0130198615196457,0.0,0.1,0.2,0.0,0.0,7,0,0.9705762734108908,0.6509930759822866,decision_level_baseline_vs_candidate_path_memory_gap_audit,outer_loop_spatial_flow_belief_safe_explore_exploit_memory_v2_2
no_cluster_no_merge,spatial_flow_belief_memory_h3,3,final_heldout,9,r10_l7_full_domain_randomisation_arena_wide_training,r10_l7_full_domain_randomisation_arena_wide_training,r10_no_cluster_no_merge_spatial_flow_belief_memory_h3_final_0009,1,inflight_boundary_near,boundary_near,lift_dwell_arc,primvar_lift_dwell_arc_transition_object_dc88f167daff,baseline_and_memory_winner_match,True,primvar_lift_dwell_arc_transition_object_dc88f167daff,primvar_lift_dwell_arc_transition_object_dc88f167daff,0.0,0.0,0.03,0.0,1.0,0.0001662489856961,0.0001662489856961,0.0,0.0,0.0392574864176074,0.6934132099297229,0.0138682641985944,0.0,0.1,0.2,0.0,0.0,7,0,0.9607425135823926,0.6934132099297229,decision_level_baseline_vs_candidate_path_memory_gap_audit,outer_loop_spatial_flow_belief_safe_explore_exploit_memory_v2_2
no_cluster_no_merge,spatial_flow_belief_memory_h3,3,final_heldout,9,r10_l7_full_domain_randomisation_arena_wide_training,r10_l7_full_domain_randomisation_arena_wide_training,r10_no_cluster_no_merge_spatial_flow_belief_memory_h3_final_0009,2,inflight_boundary_near,boundary_near,lift_dwell_arc,primvar_lift_dwell_arc_transition_object_dc88f167daff,baseline_and_memory_winner_match,True,primvar_lift_dwell_arc_transition_object_dc88f167daff,primvar_lift_dwell_arc_transition_object_dc88f167daff,0.0,0.0,0.03,0.0,1.0,9.8514136081862e-05,9.8514136081862e-05,0.0,0.0,0.0301830136854953,0.767219176348721,0.0153443835269744,0.0,0.1,0.2,0.0,0.0,7,0,0.9698169863145046,0.767219176348721,decision_level_baseline_vs_candidate_path_memory_gap_audit,outer_loop_spatial_flow_belief_safe_explore_exploit_memory_v2_2
no_cluster_no_merge,spatial_flow_belief_memory_h3,3,final_heldout,9,r10_l7_full_domain_randomisation_arena_wide_training,r10_l7_full_domain_randomisation_arena_wide_training,r10_no_cluster_no_merge_spatial_flow_belief_memory_h3_final_0009,3,inflight_boundary_near,boundary_near,lift_dwell_arc,primvar_lift_dwell_arc_transition_object_dc88f167daff,baseline_and_memory_winner_match,True,primvar_lift_dwell_arc_transition_object_dc88f167daff,primvar_lift_dwell_arc_transition_object_dc88f167daff,0.0,0.0,0.03,0.0,1.0,-0.0001165839220969,-0.0001165839220969,0.0,0.0,0.0384190896933106,0.8481832947803393,0.0169636658956067,0.0,0.1,0.2,0.0,0.0,4,0,0.9615809103066894,0.8481832947803393,decision_level_baseline_vs_candidate_path_memory_gap_audit,outer_loop_spatial_flow_belief_safe_explore_exploit_memory_v2_2
no_cluster_no_merge,spatial_flow_belief_memory_h3,3,final_heldout,9,r10_l7_full_domain_randomisation_arena_wide_training,r10_l7_full_domain_randomisation_arena_wide_training,r10_no_cluster_no_merge_spatial_flow_belief_memory_h3_final_0009,4,inflight_boundary_near,boundary_near,energy_retaining_bank,primvar_energy_retaining_bank_transition_object_59f915f98b46,baseline_and_memory_winner_match,True,primvar_energy_retaining_bank_transition_object_59f915f98b46,primvar_energy_retaining_bank_transition_object_59f915f98b46,0.0,0.0,0.03,0.0,1.0,-0.0002467427102719,-0.0002467427102719,0.0,0.0,0.034296561459322,0.965703438540678,0.0193140687708135,0.0,0.1,0.2,0.0,0.0,0,0,0.965703438540678,0.965703438540678,decision_level_baseline_vs_candidate_path_memory_gap_audit,outer_loop_spatial_flow_belief_safe_explore_exploit_memory_v2_2
no_cluster_no_merge,spatial_flow_belief_memory_h3,3,final_heldout,9,r10_l7_full_domain_randomisation_arena_wide_training,r10_l7_full_domain_randomisation_arena_wide_training,r10_no_cluster_no_merge_spatial_flow_belief_memory_h3_final_0009,5,inflight_boundary_near,boundary_near,energy_retaining_bank,primvar_energy_retaining_bank_transition_object_59f915f98b46,baseline_and_memory_winner_match,True,primvar_energy_retaining_bank_transition_object_59f915f98b46,primvar_energy_retaining_bank_transition_object_59f915f98b46,0.0,0.0,0.03,0.0,1.0,-0.00026033441608,-0.00026033441608,0.0,0.0,0.0321033430296853,0.9678966569703148,0.0193579331394062,0.0,0.1,0.2,0.0,0.0,0,0,0.9678966569703148,0.9678966569703148,decision_level_baseline_vs_candidate_path_memory_gap_audit,outer_loop_spatial_flow_belief_safe_explore_exploit_memory_v2_2
no_cluster_no_merge,spatial_flow_belief_memory_h3,3,final_heldout,9,r10_l7_full_domain_randomisation_arena_wide_training,r10_l7_full_domain_randomisation_arena_wide_training,r10_no_cluster_no_merge_spatial_flow_belief_memory_h3_final_0009,6,inflight_boundary_near,boundary_near,energy_retaining_bank,primvar_energy_retaining_bank_transition_object_59f915f98b46,baseline_and_memory_winner_match,True,primvar_energy_retaining_bank_transition_object_59f915f98b46,primvar_energy_retaining_bank_transition_object_59f915f98b46,0.0,0.0,0.03,0.0,1.0,-0.0002426352010731,-0.0002426352010731,0.0,0.0,0.0321911822044566,0.9678088177955434,0.0193561763559108,0.0,0.1,0.2,0.0,0.0,0,0,0.9678088177955434,0.9678088177955434,decision_level_baseline_vs_candidate_path_memory_gap_audit,outer_loop_spatial_flow_belief_safe_explore_exploit_memory_v2_2
no_cluster_no_merge,spatial_flow_belief_memory_h3,3,final_heldout,9,r10_l7_full_domain_randomisation_arena_wide_training,r10_l7_full_domain_randomisation_arena_wide_training,r10_no_cluster_no_merge_spatial_flow_belief_memory_h3_final_0009,7,inflight_boundary_near,boundary_near,energy_retaining_bank,primvar_energy_retaining_bank_transition_object_59f915f98b46,baseline_and_memory_winner_match,True,primvar_energy_retaining_bank_transition_object_59f915f98b46,primvar_energy_retaining_bank_transition_object_59f915f98b46,0.0,0.0,0.03,0.0,1.0,-0.0002507343064679,-0.0002507343064679,0.0,0.0,0.0363485481525353,0.9636514518474648,0.0192730290369492,0.0,0.1,0.2,0.0,0.0,0,0,0.9636514518474648,0.9636514518474648,decision_level_baseline_vs_candidate_path_memory_gap_audit,outer_loop_spatial_flow_belief_safe_explore_exploit_memory_v2_2
no_cluster_no_merge,spatial_flow_belief_memory_h3,3,final_heldout,9,r10_l7_full_domain_randomisation_arena_wide_training,r10_l7_full_domain_randomisation_arena_wide_training,r10_no_cluster_no_merge_spatial_flow_belief_memory_h3_final_0009,8,inflight_boundary_near,boundary_near,safe_exit_or_recovery_handoff,primvar_safe_exit_or_recovery_handoff_transition_object_989fb41df8c2,baseline_and_memory_winner_match,True,primvar_safe_exit_or_recovery_handoff_transition_object_989fb41df8c2,primvar_safe_exit_or_recovery_handoff_transition_object_989fb41df8c2,0.0,0.0,0.03,0.0,1.0,-0.0001643980054313,-0.0001643980054313,0.0,0.0,0.028165443704048,0.971834556295952,0.019436691125919,0.0,0.1,0.2,0.0,0.0,0,0,0.971834556295952,0.971834556295952,decision_level_baseline_vs_candidate_path_memory_gap_audit,outer_loop_spatial_flow_belief_safe_explore_exploit_memory_v2_2
no_cluster_no_merge,spatial_flow_belief_memory_h3,3,final_heldout,8,r10_l7_full_domain_randomisation_arena_wide_training,r10_l7_full_domain_randomisation_arena_wide_training,r10_no_cluster_no_merge_spatial_flow_belief_memory_h3_final_0008,0,launch_gate,launch_gate,mild_turn_left,primvar_mild_turn_left_transition_object_1bbffe24d4e9,baseline_and_memory_winner_match,True,primvar_mild_turn_left_transition_object_1bbffe24d4e9,primvar_mild_turn_left_transition_object_1bbffe24d4e9,0.0,0.0,0.03,0.0,1.0,3.149806174984615e-05,3.149806174984615e-05,0.0,0.0,0.0173400753951044,0.52421474675258,0.0104842949350515,0.0,0.1,0.2,0.0,0.0,7,0,0.9826599246048956,0.52421474675258,decision_level_baseline_vs_candidate_path_memory_gap_audit,outer_loop_spatial_flow_belief_safe_explore_exploit_memory_v2_2
no_cluster_no_merge,spatial_flow_belief_memory_h3,3,final_heldout,8,r10_l7_full_domain_randomisation_arena_wide_training,r10_l7_full_domain_randomisation_arena_wide_training,r10_no_cluster_no_merge_spatial_flow_belief_memory_h3_final_0008,1,inflight_nominal,inflight_stable,recovery,primvar_recovery_transition_object_4268876749b8,baseline_and_memory_winner_match,True,primvar_recovery_transition_object_4268876749b8,primvar_recovery_transition_object_4268876749b8,0.0,0.0,0.03,0.0,1.0,-0.0001373837753819,-0.0001373837753819,0.0,0.0,0.0787223741668977,0.5077387800927393,0.0101547756018547,0.0,0.1,0.2,0.0,0.0,7,0,0.9212776258331022,0.5077387800927393,decision_level_baseline_vs_candidate_path_memory_gap_audit,outer_loop_spatial_flow_belief_safe_explore_exploit_memory_v2_2
no_cluster_no_merge,spatial_flow_belief_memory_h3,3,final_heldout,8,r10_l7_full_domain_randomisation_arena_wide_training,r10_l7_full_domain_randomisation_arena_wide_training,r10_no_cluster_no_merge_spatial_flow_belief_memory_h3_final_0008,2,inflight_nominal,inflight_stable,recovery,primvar_recovery_transition_object_4268876749b8,baseline_and_memory_winner_match,True,primvar_recovery_transition_object_4268876749b8,primvar_recovery_transition_object_4268876749b8,0.0,0.0,0.03,0.0,1.0,-0.0003027722969017,-0.0003027722969017,0.0,0.0,0.0704082531180546,0.5373302459827105,0.0107466049196542,0.0,0.1,0.2,0.0,0.0,7,0,0.9295917468819452,0.5373302459827105,decision_level_baseline_vs_candidate_path_memory_gap_audit,outer_loop_spatial_flow_belief_safe_explore_exploit_memory_v2_2
no_cluster_no_merge,spatial_flow_belief_memory_h3,3,final_heldout,8,r10_l7_full_domain_randomisation_arena_wide_training,r10_l7_full_domain_randomisation_arena_wide_training,r10_no_cluster_no_merge_spatial_flow_belief_memory_h3_final_0008,3,inflight_nominal,inflight_stable,recovery,primvar_recovery_transition_object_4268876749b8,baseline_and_memory_winner_match,True,primvar_recovery_transition_object_4268876749b8,primvar_recovery_transition_object_4268876749b8,0.0,0.0,0.03,0.0,1.0,-0.0002729646921595,-0.0002729646921595,0.0,0.0,0.0527164072715536,0.5795794736421022,0.011591589472842,0.0,0.1,0.2,0.0,0.0,7,0,0.9472835927284464,0.5795794736421022,decision_level_baseline_vs_candidate_path_memory_gap_audit,outer_loop_spatial_flow_belief_safe_explore_exploit_memory_v2_2
no_cluster_no_merge,spatial_flow_belief_memory_h3,3,final_heldout,8,r10_l7_full_domain_randomisation_arena_wide_training,r10_l7_full_domain_randomisation_arena_wide_training,r10_no_cluster_no_merge_spatial_flow_belief_memory_h3_final_0008,4,inflight_recovery_edge,recoverable_degraded,safe_exit_or_recovery_handoff,primvar_safe_exit_or_recovery_handoff_transition_object_54443200afd9,baseline_and_memory_winner_match,True,primvar_safe_exit_or_recovery_handoff_transition_object_54443200afd9,primvar_safe_exit_or_recovery_handoff_transition_object_54443200afd9,0.0,0.0,0.03,0.0,1.0,-0.0001629005172715,-0.0001629005172715,0.0,0.0,0.0315345688670062,0.6351147210709673,0.0127022944214193,0.0,0.1,0.2,0.0,0.0,7,0,0.9684654311329938,0.6351147210709673,decision_level_baseline_vs_candidate_path_memory_gap_audit,outer_loop_spatial_flow_belief_safe_explore_exploit_memory_v2_2
no_cluster_no_merge,spatial_flow_belief_memory_h3,3,final_heldout,8,r10_l7_full_domain_randomisation_arena_wide_training,r10_l7_full_domain_randomisation_arena_wide_training,r10_no_cluster_no_merge_spatial_flow_belief_memory_h3_final_0008,5,inflight_nominal,inflight_stable,lift_entry,primvar_lift_entry_transition_object_a65393bbc7f9,baseline_and_memory_winner_match,True,primvar_lift_entry_transition_object_a65393bbc7f9,primvar_lift_entry_transition_object_a65393bbc7f9,0.0,0.0,0.03,0.0,1.0,-0.0002325318490474,-0.0002325318490474,0.0,0.0,0.0343800700846967,0.7397257316447028,0.014794514632894,0.0,0.1,0.2,0.0,0.0,7,0,0.9656199299153032,0.7397257316447028,decision_level_baseline_vs_candidate_path_memory_gap_audit,outer_loop_spatial_flow_belief_safe_explore_exploit_memory_v2_2
no_cluster_no_merge,spatial_flow_belief_memory_h3,3,final_heldout,8,r10_l7_full_domain_randomisation_arena_wide_training,r10_l7_full_domain_randomisation_arena_wide_training,r10_no_cluster_no_merge_spatial_flow_belief_memory_h3_final_0008,6,inflight_nominal,inflight_stable,lift_entry,primvar_lift_entry_transition_object_a65393bbc7f9,baseline_and_memory_winner_match,True,primvar_lift_entry_transition_object_a65393bbc7f9,primvar_lift_entry_transition_object_a65393bbc7f9,0.0,0.0,0.03,0.0,1.0,-0.0002670224213463,-0.0002670224213463,0.0,0.0,0.0381542693255075,0.8071481167208711,0.0161429623344174,0.0,0.1,0.2,0.0,0.0,4,0,0.9618457306744924,0.8071481167208711,decision_level_baseline_vs_candidate_path_memory_gap_audit,outer_loop_spatial_flow_belief_safe_explore_exploit_memory_v2_2
no_cluster_no_merge,spatial_flow_belief_memory_h3,3,final_heldout,8,r10_l7_full_domain_randomisation_arena_wide_training,r10_l7_full_domain_randomisation_arena_wide_training,r10_no_cluster_no_merge_spatial_flow_belief_memory_h3_final_0008,7,inflight_nominal,inflight_stable,lift_entry,primvar_lift_entry_transition_object_a65393bbc7f9,baseline_and_memory_winner_match,True,primvar_lift_entry_transition_object_a65393bbc7f9,primvar_lift_entry_transition_object_a65393bbc7f9,0.0,0.0,0.03,0.0,1.0,-0.0002834713400541,-0.0002834713400541,0.0,0.0,0.0385077016683186,0.9005845830739737,0.0180116916614794,0.0,0.1,0.2,0.0,0.0,0,0,0.9614922983316814,0.9005845830739737,decision_level_baseline_vs_candidate_path_memory_gap_audit,outer_loop_spatial_flow_belief_safe_explore_exploit_memory_v2_2
no_cluster_no_merge,spatial_flow_belief_memory_h3,3,final_heldout,8,r10_l7_full_domain_randomisation_arena_wide_training,r10_l7_full_domain_randomisation_arena_wide_training,r10_no_cluster_no_merge_spatial_flow_belief_memory_h3_final_0008,8,inflight_nominal,inflight_stable,lift_entry,primvar_lift_entry_transition_object_a65393bbc7f9,baseline_and_memory_winner_match,True,primvar_lift_entry_transition_object_a65393bbc7f9,primvar_lift_entry_transition_object_a65393bbc7f9,0.0,0.0,0.03,0.0,1.0,-0.0002384259308756,-0.0002384259308756,0.0,0.0,0.0327325545393533,0.9672674454606468,0.0193453489092129,0.0,0.1,0.2,0.0,0.0,0,0,0.9672674454606468,0.9672674454606468,decision_level_baseline_vs_candidate_path_memory_gap_audit,outer_loop_spatial_flow_belief_safe_explore_exploit_memory_v2_2
no_cluster_no_merge,spatial_flow_belief_memory_h3,3,final_heldout,8,r10_l7_full_domain_randomisation_arena_wide_training,r10_l7_full_domain_randomisation_arena_wide_training,r10_no_cluster_no_merge_spatial_flow_belief_memory_h3_final_0008,9,inflight_boundary_near,boundary_near,mild_turn_left,primvar_mild_turn_left_transition_object_dce8f75ea53c,baseline_and_memory_winner_match,True,primvar_mild_turn_left_transition_object_dce8f75ea53c,primvar_mild_turn_left_transition_object_dce8f75ea53c,0.0,0.0,0.03,0.0,1.0,-0.0002982818160228,-0.0002982818160228,0.0,0.0,0.0395325916849998,0.9604674083150002,0.0192093481663,0.0,0.1,0.2,0.0,0.0,0,0,0.9604674083150002,0.9604674083150002,decision_level_baseline_vs_candidate_path_memory_gap_audit,outer_loop_spatial_flow_belief_safe_explore_exploit_memory_v2_2
no_cluster_no_merge,spatial_flow_belief_memory_h3,3,final_heldout,8,r10_l7_full_domain_randomisation_arena_wide_training,r10_l7_full_domain_randomisation_arena_wide_training,r10_no_cluster_no_merge_spatial_flow_belief_memory_h3_final_0008,10,inflight_boundary_near,boundary_near,energy_retaining_bank,primvar_energy_retaining_bank_transition_object_4ba16dc62b26,baseline_and_memory_winner_match,True,primvar_energy_retaining_bank_transition_object_4ba16dc62b26,primvar_energy_retaining_bank_transition_object_4ba16dc62b26,0.0,0.0,0.03,0.0,1.0,-0.0002794174311149,-0.0002794174311149,0.0,0.0,0.043971376759611,0.956028623240389,0.0191205724648077,0.0,0.1,0.2,0.0,0.0,0,0,0.956028623240389,0.956028623240389,decision_level_baseline_vs_candidate_path_memory_gap_audit,outer_loop_spatial_flow_belief_safe_explore_exploit_memory_v2_2
no_cluster_no_merge,spatial_flow_belief_memory_h3,3,final_heldout,8,r10_l7_full_domain_randomisation_arena_wide_training,r10_l7_full_domain_randomisation_arena_wide_training,r10_no_cluster_no_merge_spatial_flow_belief_memory_h3_final_0008,11,inflight_boundary_near,boundary_near,mild_turn_left,primvar_mild_turn_left_transition_object_dce8f75ea53c,baseline_and_memory_winner_match,True,primvar_mild_turn_left_transition_object_dce8f75ea53c,primvar_mild_turn_left_transition_object_dce8f75ea53c,0.0,0.0,0.03,0.0,1.0,-0.0002339136722042,-0.0002339136722042,0.0,0.0,0.0343525227332935,0.9656474772667064,0.0193129495453341,0.0,0.1,0.2,0.0,0.0,0,0,0.9656474772667064,0.9656474772667064,decision_level_baseline_vs_candidate_path_memory_gap_audit,outer_loop_spatial_flow_belief_safe_explore_exploit_memory_v2_2
super_light_cluster,spatial_flow_belief_memory_h30,30,final_heldout,8,r10_l7_full_domain_randomisation_arena_wide_training,r10_l7_full_domain_randomisation_arena_wide_training,r10_super_light_cluster_spatial_flow_belief_memory_h30_final_0008,0,launch_gate,launch_gate,mild_turn_left,primvar_mild_turn_left_transition_object_2189de2270ec,baseline_and_memory_winner_match,True,primvar_mild_turn_left_transition_object_2189de2270ec,primvar_mild_turn_left_transition_object_2189de2270ec,0.0,0.0,0.03,0.0,1.0,0.0001870577799066,0.0001870577799066,0.0,0.0,0.0455070246054226,0.5092120208332406,0.0101842404166648,0.0,0.1,0.2,3.8006049886323513e-17,1.009047255037074e-14,7,5,0.9544929753945772,0.5092120208332406,decision_level_baseline_vs_candidate_path_memory_gap_audit,outer_loop_spatial_flow_belief_safe_explore_exploit_memory_v2_2
super_light_cluster,spatial_flow_belief_memory_h30,30,final_heldout,8,r10_l7_full_domain_randomisation_arena_wide_training,r10_l7_full_domain_randomisation_arena_wide_training,r10_super_light_cluster_spatial_flow_belief_memory_h30_final_0008,1,inflight_nominal,inflight_stable,recovery,primvar_recovery_transition_object_4268876749b8,baseline_and_memory_winner_match,True,primvar_recovery_transition_object_4268876749b8,primvar_recovery_transition_object_4268876749b8,0.0,0.0,0.03,0.0,1.0,6.872472071206559e-05,6.872472071206559e-05,0.0,0.0,0.0758066794376552,0.509345691238128,0.0101869138247625,0.0,0.1,0.2,0.0,0.0,7,0,0.9241933205623448,0.509345691238128,decision_level_baseline_vs_candidate_path_memory_gap_audit,outer_loop_spatial_flow_belief_safe_explore_exploit_memory_v2_2
super_light_cluster,spatial_flow_belief_memory_h30,30,final_heldout,8,r10_l7_full_domain_randomisation_arena_wide_training,r10_l7_full_domain_randomisation_arena_wide_training,r10_super_light_cluster_spatial_flow_belief_memory_h30_final_0008,2,inflight_nominal,inflight_stable,recovery,primvar_recovery_transition_object_4268876749b8,baseline_and_memory_winner_match,True,primvar_recovery_transition_object_4268876749b8,primvar_recovery_transition_object_4268876749b8,0.0,0.0,0.03,0.0,1.0,-0.0001299051935566,-0.0001299051935566,0.0,0.0,0.0483587001685813,0.5505313153502279,0.0110106263070045,0.0,0.1,0.2,7.681336252432157e-07,0.0002430585117006,7,4,0.9516412998314188,0.5505313153502279,decision_level_baseline_vs_candidate_path_memory_gap_audit,outer_loop_spatial_flow_belief_safe_explore_exploit_memory_v2_2
super_light_cluster,spatial_flow_belief_memory_h30,30,final_heldout,8,r10_l7_full_domain_randomisation_arena_wide_training,r10_l7_full_domain_randomisation_arena_wide_training,r10_super_light_cluster_spatial_flow_belief_memory_h30_final_0008,3,inflight_nominal,inflight_stable,recovery,primvar_recovery_transition_object_4268876749b8,baseline_and_memory_winner_match,True,primvar_recovery_transition_object_4268876749b8,primvar_recovery_transition_object_4268876749b8,0.0,0.0,0.03,0.0,1.0,-0.0001537165324945,-0.0001537165324945,0.0,0.0,0.038437352526967,0.589478341692766,0.0117895668338553,0.0,0.1,0.2,0.0,0.0,7,0,0.9615626474730328,0.589478341692766,decision_level_baseline_vs_candidate_path_memory_gap_audit,outer_loop_spatial_flow_belief_safe_explore_exploit_memory_v2_2
super_light_cluster,spatial_flow_belief_memory_h30,30,final_heldout,8,r10_l7_full_domain_randomisation_arena_wide_training,r10_l7_full_domain_randomisation_arena_wide_training,r10_super_light_cluster_spatial_flow_belief_memory_h30_final_0008,4,inflight_recovery_edge,recoverable_degraded,safe_exit_or_recovery_handoff,primvar_safe_exit_or_recovery_handoff_transition_object_54443200afd9,baseline_and_memory_winner_match,True,primvar_safe_exit_or_recovery_handoff_transition_object_54443200afd9,primvar_safe_exit_or_recovery_handoff_transition_object_54443200afd9,0.0,0.0,0.03,0.0,1.0,-0.0002311143921332,-0.0002311143921332,0.0,0.0,0.0545133509950651,0.6196641349005297,0.0123932826980105,0.0,0.1,0.2,2.2474998068495158e-07,0.0001732709166202,7,4,0.9454866490049348,0.6196641349005297,decision_level_baseline_vs_candidate_path_memory_gap_audit,outer_loop_spatial_flow_belief_safe_explore_exploit_memory_v2_2
super_light_cluster,spatial_flow_belief_memory_h30,30,final_heldout,8,r10_l7_full_domain_randomisation_arena_wide_training,r10_l7_full_domain_randomisation_arena_wide_training,r10_super_light_cluster_spatial_flow_belief_memory_h30_final_0008,5,inflight_nominal,inflight_stable,recovery,primvar_recovery_transition_object_4268876749b8,baseline_and_memory_winner_match,True,primvar_recovery_transition_object_4268876749b8,primvar_recovery_transition_object_4268876749b8,0.0,0.0,0.03,0.0,1.0,-0.0002569557424294,-0.0002569557424294,0.0,0.0,0.0419698273264192,0.6750308554792336,0.0135006171095846,0.0,0.1,0.2,1.6146680458908357e-07,9.023374232055248e-05,7,9,0.9580301726735808,0.6750308554792336,decision_level_baseline_vs_candidate_path_memory_gap_audit,outer_loop_spatial_flow_belief_safe_explore_exploit_memory_v2_2
super_light_cluster,spatial_flow_belief_memory_h30,30,final_heldout,8,r10_l7_full_domain_randomisation_arena_wide_training,r10_l7_full_domain_randomisation_arena_wide_training,r10_super_light_cluster_spatial_flow_belief_memory_h30_final_0008,6,inflight_nominal,inflight_stable,recovery,primvar_recovery_transition_object_4268876749b8,baseline_and_memory_winner_match,True,primvar_recovery_transition_object_4268876749b8,primvar_recovery_transition_object_4268876749b8,0.0,0.0,0.03,0.0,1.0,-0.0002679616087852,-0.0002679616087852,0.0,0.0,0.0412025998025947,0.7342957624054124,0.0146859152481082,0.0,0.1,0.2,3.76657524610602e-08,2.1040801888912096e-05,7,5,0.9587974001974052,0.7342957624054124,decision_level_baseline_vs_candidate_path_memory_gap_audit,outer_loop_spatial_flow_belief_safe_explore_exploit_memory_v2_2
super_light_cluster,spatial_flow_belief_memory_h30,30,final_heldout,8,r10_l7_full_domain_randomisation_arena_wide_training,r10_l7_full_domain_randomisation_arena_wide_training,r10_super_light_cluster_spatial_flow_belief_memory_h30_final_0008,7,inflight_nominal,inflight_stable,recovery,primvar_recovery_transition_object_4268876749b8,baseline_and_memory_winner_match,True,primvar_recovery_transition_object_4268876749b8,primvar_recovery_transition_object_4268876749b8,0.0,0.0,0.03,0.0,1.0,-0.0002689868876759,-0.0002689868876759,0.0,0.0,0.037376659457844,0.8130616361430903,0.0162612327228618,0.0,0.1,0.2,0.0,0.0,3,0,0.962623340542156,0.8130616361430903,decision_level_baseline_vs_candidate_path_memory_gap_audit,outer_loop_spatial_flow_belief_safe_explore_exploit_memory_v2_2
super_light_cluster,spatial_flow_belief_memory_h30,30,final_heldout,8,r10_l7_full_domain_randomisation_arena_wide_training,r10_l7_full_domain_randomisation_arena_wide_training,r10_super_light_cluster_spatial_flow_belief_memory_h30_final_0008,8,inflight_nominal,inflight_stable,recovery,primvar_recovery_transition_object_4268876749b8,baseline_and_memory_winner_match,True,primvar_recovery_transition_object_4268876749b8,primvar_recovery_transition_object_4268876749b8,0.0,0.0,0.03,0.0,1.0,-0.000908727767215,-0.000908727767215,0.0,0.0,0.0800000000290856,0.8751676429587165,0.0175033528591743,0.0,0.1,0.2,0.0,0.0,0,0,0.9199999999709144,0.8751676429587165,decision_level_baseline_vs_candidate_path_memory_gap_audit,outer_loop_spatial_flow_belief_safe_explore_exploit_memory_v2_2
super_light_cluster,spatial_flow_belief_memory_h30,30,final_heldout,8,r10_l7_full_domain_randomisation_arena_wide_training,r10_l7_full_domain_randomisation_arena_wide_training,r10_super_light_cluster_spatial_flow_belief_memory_h30_final_0008,9,inflight_boundary_near,boundary_near,lift_dwell_arc,primvar_lift_dwell_arc_transition_object_3d4acb04abc7,baseline_and_memory_winner_match,True,primvar_lift_dwell_arc_transition_object_3d4acb04abc7,primvar_lift_dwell_arc_transition_object_3d4acb04abc7,0.0,0.0,0.03,0.0,1.0,-0.0002600405926922,-0.0002600405926922,0.0,0.0,0.0336583910031156,0.9663416089968844,0.0193268321799376,0.0,0.1,0.2,0.0,0.0,0,0,0.9663416089968844,0.9663416089968844,decision_level_baseline_vs_candidate_path_memory_gap_audit,outer_loop_spatial_flow_belief_safe_explore_exploit_memory_v2_2
super_light_cluster,spatial_flow_belief_memory_h30,30,final_heldout,8,r10_l7_full_domain_randomisation_arena_wide_training,r10_l7_full_domain_randomisation_arena_wide_training,r10_super_light_cluster_spatial_flow_belief_memory_h30_final_0008,10,inflight_boundary_near,boundary_near,energy_retaining_bank,primvar_energy_retaining_bank_transition_object_04f947aabe12,rejected_exploration_cross_family_without_memory_confidence,False,primvar_energy_retaining_bank_transition_object_04f947aabe12,primvar_mild_turn_left_transition_object_868b86e125b1,4.884981308350689e-15,1.3322676295501878e-15,0.03,0.0,1.0,-0.0001888612577389,-0.0001888612577389,0.0,1.3322676295501878e-06,0.0294889510843539,0.970511048915646,0.0194102209783129,0.0,0.1,0.2,0.0,0.0,0,0,0.970511048915472,0.970511048915472,decision_level_baseline_vs_candidate_path_memory_gap_audit,outer_loop_spatial_flow_belief_safe_explore_exploit_memory_v2_2
super_light_cluster,spatial_flow_belief_memory_h30,30,final_heldout,8,r10_l7_full_domain_randomisation_arena_wide_training,r10_l7_full_domain_randomisation_arena_wide_training,r10_super_light_cluster_spatial_flow_belief_memory_h30_final_0008,11,inflight_boundary_near,boundary_near,lift_dwell_arc,primvar_lift_dwell_arc_transition_object_3d4acb04abc7,baseline_and_memory_winner_match,True,primvar_lift_dwell_arc_transition_object_3d4acb04abc7,primvar_lift_dwell_arc_transition_object_3d4acb04abc7,0.0,0.0,0.03,0.0,1.0,-0.0003021373374154,-0.0003021373374154,0.0,0.0,0.0436319481687231,0.9563680518312768,0.0191273610366255,0.0,0.1,0.2,0.0,0.0,0,0,0.9563680518312768,0.9563680518312768,decision_level_baseline_vs_candidate_path_memory_gap_audit,outer_loop_spatial_flow_belief_safe_explore_exploit_memory_v2_2
no_cluster_no_merge,spatial_flow_belief_memory_h10,10,final_heldout,0,r10_l7_full_domain_randomisation_arena_wide_training,r10_l7_full_domain_randomisation_arena_wide_training,r10_no_cluster_no_merge_spatial_flow_belief_memory_h10_final_0000,0,launch_gate,launch_gate,lift_dwell_arc,primvar_lift_dwell_arc_transition_object_4467119e2d78,baseline_and_memory_winner_match,True,primvar_lift_dwell_arc_transition_object_4467119e2d78,primvar_lift_dwell_arc_transition_object_4467119e2d78,0.0,0.0,0.03,0.0,1.0,-7.027773762047218e-06,-7.027773762047218e-06,0.0,0.0,0.002091239379438,0.7050852539524126,0.0141017050790482,0.0,0.1,0.2,0.0,0.0,7,0,0.997908760620562,0.7050852539524126,decision_level_baseline_vs_candidate_path_memory_gap_audit,outer_loop_spatial_flow_belief_safe_explore_exploit_memory_v2_2
no_cluster_no_merge,spatial_flow_belief_memory_h10,10,final_heldout,0,r10_l7_full_domain_randomisation_arena_wide_training,r10_l7_full_domain_randomisation_arena_wide_training,r10_no_cluster_no_merge_spatial_flow_belief_memory_h10_final_0000,1,inflight_boundary_near,boundary_near,lift_dwell_arc,primvar_lift_dwell_arc_transition_object_cd89af02a2de,baseline_and_memory_winner_match,True,primvar_lift_dwell_arc_transition_object_cd89af02a2de,primvar_lift_dwell_arc_transition_object_cd89af02a2de,0.0,0.0,0.03,0.0,1.0,0.0001228433832131,0.0001228433832131,0.0,0.0,0.0576358340994175,0.7213123250256893,0.0144262465005137,0.0,0.1,0.2,0.0,0.0,7,0,0.9423641659005824,0.7213123250256893,decision_level_baseline_vs_candidate_path_memory_gap_audit,outer_loop_spatial_flow_belief_safe_explore_exploit_memory_v2_2
no_cluster_no_merge,spatial_flow_belief_memory_h10,10,final_heldout,0,r10_l7_full_domain_randomisation_arena_wide_training,r10_l7_full_domain_randomisation_arena_wide_training,r10_no_cluster_no_merge_spatial_flow_belief_memory_h10_final_0000,2,inflight_boundary_near,boundary_near,lift_dwell_arc,primvar_lift_dwell_arc_transition_object_cd89af02a2de,baseline_and_memory_winner_match,True,primvar_lift_dwell_arc_transition_object_cd89af02a2de,primvar_lift_dwell_arc_transition_object_cd89af02a2de,0.0,0.0,0.03,0.0,1.0,6.687611466715815e-06,6.687611466715815e-06,0.0,0.0,0.0346506263981395,0.8122211819784441,0.0162444236395688,0.0,0.1,0.2,0.0,0.0,7,0,0.9653493736018603,0.8122211819784441,decision_level_baseline_vs_candidate_path_memory_gap_audit,outer_loop_spatial_flow_belief_safe_explore_exploit_memory_v2_2
no_cluster_no_merge,spatial_flow_belief_memory_h10,10,final_heldout,0,r10_l7_full_domain_randomisation_arena_wide_training,r10_l7_full_domain_randomisation_arena_wide_training,r10_no_cluster_no_merge_spatial_flow_belief_memory_h10_final_0000,3,inflight_boundary_near,boundary_near,lift_dwell_arc,primvar_lift_dwell_arc_transition_object_cd89af02a2de,baseline_and_memory_winner_match,True,primvar_lift_dwell_arc_transition_object_cd89af02a2de,primvar_lift_dwell_arc_transition_object_cd89af02a2de,0.0,0.0,0.03,0.0,1.0,5.462427269842252e-06,5.462427269842252e-06,0.0,0.0,0.0337392998446357,0.9149664548448868,0.0182993290968977,0.0,0.1,0.2,0.0,0.0,0,0,0.9662607001553642,0.9149664548448868,decision_level_baseline_vs_candidate_path_memory_gap_audit,outer_loop_spatial_flow_belief_safe_explore_exploit_memory_v2_2
no_cluster_no_merge,spatial_flow_belief_memory_h10,10,final_heldout,0,r10_l7_full_domain_randomisation_arena_wide_training,r10_l7_full_domain_randomisation_arena_wide_training,r10_no_cluster_no_merge_spatial_flow_belief_memory_h10_final_0000,4,inflight_boundary_near,boundary_near,energy_retaining_bank,primvar_energy_retaining_bank_transition_object_3a8f96df7926,rejected_exploration_cross_family_without_memory_confidence,False,primvar_energy_retaining_bank_transition_object_3a8f96df7926,primvar_mild_turn_left_transition_object_1a7a6038debf,5.972141892129912e-09,8.787202077087385e-10,0.03,0.0,1.0,8.762446243038013e-06,8.762446243038013e-06,0.0,0.8787202077087386,0.0335136787168562,0.9664863212831436,0.0193297264256628,0.0,0.1,0.2,0.0,0.0,0,0,0.9664860666120608,0.9664860666120608,decision_level_baseline_vs_candidate_path_memory_gap_audit,outer_loop_spatial_flow_belief_safe_explore_exploit_memory_v2_2
no_cluster_no_merge,spatial_flow_belief_memory_h10,10,final_heldout,0,r10_l7_full_domain_randomisation_arena_wide_training,r10_l7_full_domain_randomisation_arena_wide_training,r10_no_cluster_no_merge_spatial_flow_belief_memory_h10_final_0000,5,inflight_boundary_near,boundary_near,energy_retaining_bank,primvar_energy_retaining_bank_transition_object_3a8f96df7926,rejected_exploration_cross_family_without_memory_confidence,False,primvar_energy_retaining_bank_transition_object_3a8f96df7926,primvar_mild_turn_left_transition_object_5025802460e6,7.100851462382707e-09,1.182566489177361e-09,0.03,0.0,1.0,1.88606986184503e-06,1.88606986184503e-06,0.0,1.1825664891773613,0.0346238003869644,0.9653761996130356,0.0193075239922607,0.0,0.1,0.2,0.0,0.0,0,0,0.965375903698779,0.965375903698779,decision_level_baseline_vs_candidate_path_memory_gap_audit,outer_loop_spatial_flow_belief_safe_explore_exploit_memory_v2_2
no_cluster_no_merge,spatial_flow_belief_memory_h10,10,final_heldout,0,r10_l7_full_domain_randomisation_arena_wide_training,r10_l7_full_domain_randomisation_arena_wide_training,r10_no_cluster_no_merge_spatial_flow_belief_memory_h10_final_0000,6,inflight_boundary_near,boundary_near,energy_retaining_bank,primvar_energy_retaining_bank_transition_object_3a8f96df7926,rejected_exploration_cross_family_without_memory_confidence,False,primvar_energy_retaining_bank_transition_object_3a8f96df7926,primvar_mild_turn_left_transition_object_1a7a6038debf,3.183283414642801e-09,3.8900416221565587e-10,0.03,0.0,1.0,-1.0717064515386454e-05,-1.0717064515386454e-05,0.0,0.3890041622156559,0.0293208037064038,0.970679196293596,0.0194135839258719,0.0,0.1,0.2,0.0,0.0,0,0,0.9706790565796328,0.9706790565796328,decision_level_baseline_vs_candidate_path_memory_gap_audit,outer_loop_spatial_flow_belief_safe_explore_exploit_memory_v2_2
no_cluster_no_merge,spatial_flow_belief_memory_h10,10,final_heldout,0,r10_l7_full_domain_randomisation_arena_wide_training,r10_l7_full_domain_randomisation_arena_wide_training,r10_no_cluster_no_merge_spatial_flow_belief_memory_h10_final_0000,7,inflight_boundary_near,boundary_near,energy_retaining_bank,primvar_energy_retaining_bank_transition_object_3a8f96df7926,rejected_exploration_cross_family_without_memory_confidence,False,primvar_energy_retaining_bank_transition_object_3a8f96df7926,primvar_glide_transition_object_74f6b19b6f4b,1.83843829049124e-10,1.5236700789955648e-12,0.03,0.0,1.0,-2.8349523627069217e-05,-2.8349523627069217e-05,0.0,0.0015236700789955,0.0299990944382076,0.9700009055617924,0.0194000181112358,0.0,0.1,0.2,0.0,0.0,0,0,0.970000896445784,0.970000896445784,decision_level_baseline_vs_candidate_path_memory_gap_audit,outer_loop_spatial_flow_belief_safe_explore_exploit_memory_v2_2
no_cluster_no_merge,spatial_flow_belief_memory_h10,10,final_heldout,0,r10_l7_full_domain_randomisation_arena_wide_training,r10_l7_full_domain_randomisation_arena_wide_training,r10_no_cluster_no_merge_spatial_flow_belief_memory_h10_final_0000,8,inflight_boundary_near,boundary_near,energy_retaining_bank,primvar_energy_retaining_bank_transition_object_3a8f96df7926,baseline_and_memory_winner_match,True,primvar_energy_retaining_bank_transition_object_3a8f96df7926,primvar_energy_retaining_bank_transition_object_3a8f96df7926,0.0,0.0,0.03,0.0,1.0,-4.99342160313887e-05,-4.99342160313887e-05,0.0,0.0,0.0300859091391424,0.9699140908608576,0.0193982818172171,0.0,0.1,0.2,0.0,0.0,0,0,0.9699140908608576,0.9699140908608576,decision_level_baseline_vs_candidate_path_memory_gap_audit,outer_loop_spatial_flow_belief_safe_explore_exploit_memory_v2_2
no_cluster_no_merge,spatial_flow_belief_memory_h10,10,final_heldout,1,r10_l7_full_domain_randomisation_arena_wide_training,r10_l7_full_domain_randomisation_arena_wide_training,r10_no_cluster_no_merge_spatial_flow_belief_memory_h10_final_0001,0,launch_gate,launch_gate,mild_turn_left,primvar_mild_turn_left_transition_object_dab2e653a49b,baseline_and_memory_winner_match,True,primvar_mild_turn_left_transition_object_dab2e653a49b,primvar_mild_turn_left_transition_object_dab2e653a49b,0.0,0.0,0.03,0.0,1.0,0.0,0.0,0.0,0.0,0.0,0.5971880228933993,0.0119437604578679,0.0,0.1,0.2,0.0,0.0,7,0,1.0,0.5971880228933993,decision_level_baseline_vs_candidate_path_memory_gap_audit,outer_loop_spatial_flow_belief_safe_explore_exploit_memory_v2_2
no_cluster_no_merge,spatial_flow_belief_memory_h10,10,final_heldout,1,r10_l7_full_domain_randomisation_arena_wide_training,r10_l7_full_domain_randomisation_arena_wide_training,r10_no_cluster_no_merge_spatial_flow_belief_memory_h10_final_0001,1,inflight_nominal,inflight_stable,lift_entry,primvar_lift_entry_transition_object_a65393bbc7f9,baseline_and_memory_winner_match,True,primvar_lift_entry_transition_object_a65393bbc7f9,primvar_lift_entry_transition_object_a65393bbc7f9,0.0,0.0,0.03,0.0,1.0,3.488932189155136e-05,3.488932189155136e-05,0.0,0.0,0.0303962867018882,0.569536634717942,0.0113907326943588,0.0,0.1,0.2,0.0,0.0,7,0,0.9696037132981118,0.569536634717942,decision_level_baseline_vs_candidate_path_memory_gap_audit,outer_loop_spatial_flow_belief_safe_explore_exploit_memory_v2_2
no_cluster_no_merge,spatial_flow_belief_memory_h10,10,final_heldout,1,r10_l7_full_domain_randomisation_arena_wide_training,r10_l7_full_domain_randomisation_arena_wide_training,r10_no_cluster_no_merge_spatial_flow_belief_memory_h10_final_0001,2,inflight_recovery_edge,recoverable_degraded,safe_exit_or_recovery_handoff,primvar_safe_exit_or_recovery_handoff_transition_object_eb5ec1f84c14,baseline_and_memory_winner_match,True,primvar_safe_exit_or_recovery_handoff_transition_object_eb5ec1f84c14,primvar_safe_exit_or_recovery_handoff_transition_object_eb5ec1f84c14,0.0,0.0,0.03,0.0,1.0,-5.750763980566509e-05,-5.750763980566509e-05,0.0,0.0,0.041837746716063,0.5915660108833106,0.0118313202176662,0.0,0.1,0.2,0.0,0.0,7,0,0.9581622532839368,0.5915660108833106,decision_level_baseline_vs_candidate_path_memory_gap_audit,outer_loop_spatial_flow_belief_safe_explore_exploit_memory_v2_2
no_cluster_no_merge,spatial_flow_belief_memory_h10,10,final_heldout,1,r10_l7_full_domain_randomisation_arena_wide_training,r10_l7_full_domain_randomisation_arena_wide_training,r10_no_cluster_no_merge_spatial_flow_belief_memory_h10_final_0001,3,inflight_nominal,inflight_stable,lift_entry,primvar_lift_entry_transition_object_a65393bbc7f9,baseline_and_memory_winner_match,True,primvar_lift_entry_transition_object_a65393bbc7f9,primvar_lift_entry_transition_object_a65393bbc7f9,0.0,0.0,0.03,0.0,1.0,-4.7189071278319616e-05,-4.7189071278319616e-05,0.0,0.0,0.0515973210264647,0.6315583715786448,0.0126311674315728,0.0,0.1,0.2,0.0,0.0,7,0,0.9484026789735353,0.6315583715786448,decision_level_baseline_vs_candidate_path_memory_gap_audit,outer_loop_spatial_flow_belief_safe_explore_exploit_memory_v2_2
no_cluster_no_merge,spatial_flow_belief_memory_h10,10,final_heldout,1,r10_l7_full_domain_randomisation_arena_wide_training,r10_l7_full_domain_randomisation_arena_wide_training,r10_no_cluster_no_merge_spatial_flow_belief_memory_h10_final_0001,4,inflight_recovery_edge,recoverable_degraded,safe_exit_or_recovery_handoff,primvar_safe_exit_or_recovery_handoff_transition_object_89fe6c2843f5,baseline_and_memory_winner_match,True,primvar_safe_exit_or_recovery_handoff_transition_object_89fe6c2843f5,primvar_safe_exit_or_recovery_handoff_transition_object_89fe6c2843f5,0.0,0.0,0.03,0.0,1.0,-0.0001490488677156,-0.0001490488677156,0.0,0.0,0.0343066326660242,0.7447763842599529,0.014895527685199,0.0,0.1,0.2,0.0,0.0,7,0,0.9656933673339756,0.7447763842599529,decision_level_baseline_vs_candidate_path_memory_gap_audit,outer_loop_spatial_flow_belief_safe_explore_exploit_memory_v2_2
no_cluster_no_merge,spatial_flow_belief_memory_h10,10,final_heldout,1,r10_l7_full_domain_randomisation_arena_wide_training,r10_l7_full_domain_randomisation_arena_wide_training,r10_no_cluster_no_merge_spatial_flow_belief_memory_h10_final_0001,5,inflight_recovery_edge,recoverable_degraded,safe_exit_or_recovery_handoff,primvar_safe_exit_or_recovery_handoff_transition_object_89fe6c2843f5,baseline_and_memory_winner_match,True,primvar_safe_exit_or_recovery_handoff_transition_object_89fe6c2843f5,primvar_safe_exit_or_recovery_handoff_transition_object_89fe6c2843f5,0.0,0.0,0.03,0.0,1.0,-0.0002086715722001,-0.0002086715722001,0.0,0.0,0.0387767594245568,0.819420008662033,0.0163884001732406,0.0,0.1,0.2,0.0,0.0,5,0,0.9612232405754432,0.819420008662033,decision_level_baseline_vs_candidate_path_memory_gap_audit,outer_loop_spatial_flow_belief_safe_explore_exploit_memory_v2_2
no_cluster_no_merge,spatial_flow_belief_memory_h10,10,final_heldout,1,r10_l7_full_domain_randomisation_arena_wide_training,r10_l7_full_domain_randomisation_arena_wide_training,r10_no_cluster_no_merge_spatial_flow_belief_memory_h10_final_0001,6,inflight_recovery_edge,recoverable_degraded,safe_exit_or_recovery_handoff,primvar_safe_exit_or_recovery_handoff_transition_object_89fe6c2843f5,baseline_and_memory_winner_match,True,primvar_safe_exit_or_recovery_handoff_transition_object_89fe6c2843f5,primvar_safe_exit_or_recovery_handoff_transition_object_89fe6c2843f5,0.0,0.0,0.03,0.0,1.0,-0.000217591475861,-0.000217591475861,0.0,0.0,0.0432475362543019,0.9208957934940504,0.018417915869881,0.0,0.1,0.2,0.0,0.0,0,0,0.956752463745698,0.9208957934940504,decision_level_baseline_vs_candidate_path_memory_gap_audit,outer_loop_spatial_flow_belief_safe_explore_exploit_memory_v2_2
no_cluster_no_merge,spatial_flow_belief_memory_h10,10,final_heldout,1,r10_l7_full_domain_randomisation_arena_wide_training,r10_l7_full_domain_randomisation_arena_wide_training,r10_no_cluster_no_merge_spatial_flow_belief_memory_h10_final_0001,7,inflight_boundary_near,boundary_near,energy_retaining_bank,primvar_energy_retaining_bank_transition_object_0ab2bd05d6db,baseline_and_memory_winner_match,True,primvar_energy_retaining_bank_transition_object_0ab2bd05d6db,primvar_energy_retaining_bank_transition_object_0ab2bd05d6db,0.0,0.0,0.03,0.0,1.0,-0.0001271724972011,-0.0001271724972011,0.0,0.0,0.027393984682633,0.972606015317367,0.0194521203063473,0.0,0.1,0.2,0.0,0.0,0,0,0.972606015317367,0.972606015317367,decision_level_baseline_vs_candidate_path_memory_gap_audit,outer_loop_spatial_flow_belief_safe_explore_exploit_memory_v2_2
no_cluster_no_merge,spatial_flow_belief_memory_h10,10,final_heldout,1,r10_l7_full_domain_randomisation_arena_wide_training,r10_l7_full_domain_randomisation_arena_wide_training,r10_no_cluster_no_merge_spatial_flow_belief_memory_h10_final_0001,8,inflight_boundary_near,boundary_near,mild_turn_left,primvar_mild_turn_left_transition_object_dce8f75ea53c,baseline_and_memory_winner_match,True,primvar_mild_turn_left_transition_object_dce8f75ea53c,primvar_mild_turn_left_transition_object_dce8f75ea53c,0.0,0.0,0.03,0.0,1.0,-7.961578014636927e-05,-7.961578014636927e-05,0.0,0.0,0.0394804207088439,0.960519579291156,0.0192103915858231,0.0,0.1,0.2,0.0,0.0,0,0,0.960519579291156,0.960519579291156,decision_level_baseline_vs_candidate_path_memory_gap_audit,outer_loop_spatial_flow_belief_safe_explore_exploit_memory_v2_2
no_cluster_no_merge,spatial_flow_belief_memory_h10,10,final_heldout,1,r10_l7_full_domain_randomisation_arena_wide_training,r10_l7_full_domain_randomisation_arena_wide_training,r10_no_cluster_no_merge_spatial_flow_belief_memory_h10_final_0001,9,inflight_boundary_near,boundary_near,mild_turn_left,primvar_mild_turn_left_transition_object_dce8f75ea53c,baseline_and_memory_winner_match,True,primvar_mild_turn_left_transition_object_dce8f75ea53c,primvar_mild_turn_left_transition_object_dce8f75ea53c,0.0,0.0,0.03,0.0,1.0,-2.446767329056243e-05,-2.446767329056243e-05,0.0,0.0,0.0296961211086436,0.9703038788913564,0.0194060775778271,0.0,0.1,0.2,0.0,0.0,0,0,0.9703038788913564,0.9703038788913564,decision_level_baseline_vs_candidate_path_memory_gap_audit,outer_loop_spatial_flow_belief_safe_explore_exploit_memory_v2_2
no_cluster_no_merge,spatial_flow_belief_memory_h10,10,final_heldout,1,r10_l7_full_domain_randomisation_arena_wide_training,r10_l7_full_domain_randomisation_arena_wide_training,r10_no_cluster_no_merge_spatial_flow_belief_memory_h10_final_0001,10,inflight_boundary_near,boundary_near,mild_turn_left,primvar_mild_turn_left_transition_object_dce8f75ea53c,baseline_and_memory_winner_match,True,primvar_mild_turn_left_transition_object_dce8f75ea53c,primvar_mild_turn_left_transition_object_dce8f75ea53c,0.0,0.0,0.03,0.0,1.0,7.051918045464234e-05,7.051918045464234e-05,0.0,0.0,0.0362844838142472,0.9637155161857528,0.019274310323715,0.0,0.1,0.2,0.0,0.0,0,0,0.9637155161857528,0.9637155161857528,decision_level_baseline_vs_candidate_path_memory_gap_audit,outer_loop_spatial_flow_belief_safe_explore_exploit_memory_v2_2
no_cluster_no_merge,spatial_flow_belief_memory_h10,10,final_heldout,1,r10_l7_full_domain_randomisation_arena_wide_training,r10_l7_full_domain_randomisation_arena_wide_training,r10_no_cluster_no_merge_spatial_flow_belief_memory_h10_final_0001,11,inflight_boundary_near,boundary_near,mild_turn_left,primvar_mild_turn_left_transition_object_dce8f75ea53c,baseline_and_memory_winner_match,True,primvar_mild_turn_left_transition_object_dce8f75ea53c,primvar_mild_turn_left_transition_object_dce8f75ea53c,0.0,0.0,0.03,0.0,1.0,9.357724018177473e-05,9.357724018177473e-05,0.0,0.0,0.0324902288929653,0.9675097711070348,0.0193501954221406,0.0,0.1,0.2,0.0,0.0,0,0,0.9675097711070348,0.9675097711070348,decision_level_baseline_vs_candidate_path_memory_gap_audit,outer_loop_spatial_flow_belief_safe_explore_exploit_memory_v2_2
no_cluster_no_merge,spatial_flow_belief_memory_h10,10,final_heldout,5,r10_l7_full_domain_randomisation_arena_wide_training,r10_l7_full_domain_randomisation_arena_wide_training,r10_no_cluster_no_merge_spatial_flow_belief_memory_h10_final_0005,0,launch_gate,launch_gate,mild_turn_right,primvar_mild_turn_right_transition_object_dda6391330ff,baseline_and_memory_winner_match,True,primvar_mild_turn_right_transition_object_dda6391330ff,primvar_mild_turn_right_transition_object_dda6391330ff,0.0,0.0,0.03,0.0,1.0,-8.178552970039554e-05,-8.178552970039554e-05,0.0,0.0,0.0117220760449983,0.7669562695273283,0.0153391253905465,0.0,0.1,0.2,0.0,0.0,7,0,0.9882779239550016,0.7669562695273283,decision_level_baseline_vs_candidate_path_memory_gap_audit,outer_loop_spatial_flow_belief_safe_explore_exploit_memory_v2_2
no_cluster_no_merge,spatial_flow_belief_memory_h10,10,final_heldout,5,r10_l7_full_domain_randomisation_arena_wide_training,r10_l7_full_domain_randomisation_arena_wide_training,r10_no_cluster_no_merge_spatial_flow_belief_memory_h10_final_0005,1,inflight_boundary_near,boundary_near,lift_dwell_arc,primvar_lift_dwell_arc_transition_object_10b23f39bac2,baseline_and_memory_winner_match,True,primvar_lift_dwell_arc_transition_object_10b23f39bac2,primvar_lift_dwell_arc_transition_object_10b23f39bac2,0.0,0.0,0.03,0.0,1.0,0.0004199212376501,0.0004199212376501,0.0,0.0,0.0341490820969322,0.7847287608038709,0.0156945752160774,0.0,0.1,0.2,0.0,0.0,7,0,0.9658509179030678,0.7847287608038709,decision_level_baseline_vs_candidate_path_memory_gap_audit,outer_loop_spatial_flow_belief_safe_explore_exploit_memory_v2_2
no_cluster_no_merge,spatial_flow_belief_memory_h10,10,final_heldout,5,r10_l7_full_domain_randomisation_arena_wide_training,r10_l7_full_domain_randomisation_arena_wide_training,r10_no_cluster_no_merge_spatial_flow_belief_memory_h10_final_0005,2,inflight_boundary_near,boundary_near,lift_dwell_arc,primvar_lift_dwell_arc_transition_object_cd89af02a2de,baseline_and_memory_winner_match,True,primvar_lift_dwell_arc_transition_object_cd89af02a2de,primvar_lift_dwell_arc_transition_object_cd89af02a2de,0.0,0.0,0.03,0.0,1.0,0.0003757375774224,0.0003757375774224,0.0,0.0,0.033102801686676,0.8289397196567064,0.0165787943931341,0.0,0.1,0.2,0.0,0.0,6,0,0.966897198313324,0.8289397196567064,decision_level_baseline_vs_candidate_path_memory_gap_audit,outer_loop_spatial_flow_belief_safe_explore_exploit_memory_v2_2
no_cluster_no_merge,spatial_flow_belief_memory_h10,10,final_heldout,5,r10_l7_full_domain_randomisation_arena_wide_training,r10_l7_full_domain_randomisation_arena_wide_training,r10_no_cluster_no_merge_spatial_flow_belief_memory_h10_final_0005,3,inflight_boundary_near,boundary_near,lift_dwell_arc,primvar_lift_dwell_arc_transition_object_cd89af02a2de,baseline_and_memory_winner_match,True,primvar_lift_dwell_arc_transition_object_cd89af02a2de,primvar_lift_dwell_arc_transition_object_cd89af02a2de,0.0,0.0,0.03,0.0,1.0,0.0002503182789332,0.0002503182789332,0.0,0.0,0.0371523786901086,0.9386318874814876,0.0187726377496297,0.0,0.1,0.2,0.0,0.0,0,0,0.9628476213098912,0.9386318874814876,decision_level_baseline_vs_candidate_path_memory_gap_audit,outer_loop_spatial_flow_belief_safe_explore_exploit_memory_v2_2
no_cluster_no_merge,spatial_flow_belief_memory_h10,10,final_heldout,5,r10_l7_full_domain_randomisation_arena_wide_training,r10_l7_full_domain_randomisation_arena_wide_training,r10_no_cluster_no_merge_spatial_flow_belief_memory_h10_final_0005,4,inflight_boundary_near,boundary_near,energy_retaining_bank,primvar_energy_retaining_bank_transition_object_59f915f98b46,baseline_and_memory_winner_match,True,primvar_energy_retaining_bank_transition_object_59f915f98b46,primvar_energy_retaining_bank_transition_object_59f915f98b46,0.0,0.0,0.03,0.0,1.0,0.000134732382647,0.000134732382647,0.0,0.0,0.044257756514705,0.955742243485295,0.0191148448697059,0.0,0.1,0.2,0.0,0.0,0,0,0.955742243485295,0.955742243485295,decision_level_baseline_vs_candidate_path_memory_gap_audit,outer_loop_spatial_flow_belief_safe_explore_exploit_memory_v2_2
no_cluster_no_merge,spatial_flow_belief_memory_h10,10,final_heldout,5,r10_l7_full_domain_randomisation_arena_wide_training,r10_l7_full_domain_randomisation_arena_wide_training,r10_no_cluster_no_merge_spatial_flow_belief_memory_h10_final_0005,5,inflight_boundary_near,boundary_near,energy_retaining_bank,primvar_energy_retaining_bank_transition_object_59f915f98b46,baseline_and_memory_winner_match,True,primvar_energy_retaining_bank_transition_object_59f915f98b46,primvar_energy_retaining_bank_transition_object_59f915f98b46,0.0,0.0,0.03,0.0,1.0,2.771657524891502e-05,2.771657524891502e-05,0.0,0.0,0.0365859245510974,0.9634140754489026,0.019268281508978,0.0,0.1,0.2,0.0,0.0,0,0,0.9634140754489026,0.9634140754489026,decision_level_baseline_vs_candidate_path_memory_gap_audit,outer_loop_spatial_flow_belief_safe_explore_exploit_memory_v2_2
no_cluster_no_merge,spatial_flow_belief_memory_h10,10,final_heldout,5,r10_l7_full_domain_randomisation_arena_wide_training,r10_l7_full_domain_randomisation_arena_wide_training,r10_no_cluster_no_merge_spatial_flow_belief_memory_h10_final_0005,6,inflight_boundary_near,boundary_near,energy_retaining_bank,primvar_energy_retaining_bank_transition_object_59f915f98b46,baseline_and_memory_winner_match,True,primvar_energy_retaining_bank_transition_object_59f915f98b46,primvar_energy_retaining_bank_transition_object_59f915f98b46,0.0,0.0,0.03,0.0,1.0,-4.280504327880408e-05,-4.280504327880408e-05,0.0,0.0,0.0344365475142615,0.9655634524857384,0.0193112690497147,0.0,0.1,0.2,0.0,0.0,0,0,0.9655634524857384,0.9655634524857384,decision_level_baseline_vs_candidate_path_memory_gap_audit,outer_loop_spatial_flow_belief_safe_explore_exploit_memory_v2_2
no_cluster_no_merge,spatial_flow_belief_memory_h10,10,final_heldout,5,r10_l7_full_domain_randomisation_arena_wide_training,r10_l7_full_domain_randomisation_arena_wide_training,r10_no_cluster_no_merge_spatial_flow_belief_memory_h10_final_0005,7,inflight_boundary_near,boundary_near,energy_retaining_bank,primvar_energy_retaining_bank_transition_object_59f915f98b46,baseline_and_memory_winner_match,True,primvar_energy_retaining_bank_transition_object_59f915f98b46,primvar_energy_retaining_bank_transition_object_59f915f98b46,0.0,0.0,0.03,0.0,1.0,-4.407747389767458e-05,-4.407747389767458e-05,0.0,0.0,0.0331555548884717,0.9668444451115282,0.0193368889022305,0.0,0.1,0.2,0.0,0.0,0,0,0.9668444451115282,0.9668444451115282,decision_level_baseline_vs_candidate_path_memory_gap_audit,outer_loop_spatial_flow_belief_safe_explore_exploit_memory_v2_2
no_cluster_no_merge,spatial_flow_belief_memory_h10,10,final_heldout,5,r10_l7_full_domain_randomisation_arena_wide_training,r10_l7_full_domain_randomisation_arena_wide_training,r10_no_cluster_no_merge_spatial_flow_belief_memory_h10_final_0005,8,inflight_boundary_near,boundary_near,energy_retaining_bank,primvar_energy_retaining_bank_transition_object_59f915f98b46,baseline_and_memory_winner_match,True,primvar_energy_retaining_bank_transition_object_59f915f98b46,primvar_energy_retaining_bank_transition_object_59f915f98b46,0.0,0.0,0.03,0.0,1.0,-3.3433665075577323e-05,-3.3433665075577323e-05,0.0,0.0,0.0271383096845172,0.9728616903154828,0.0194572338063096,0.0,0.1,0.2,0.0,0.0,0,0,0.9728616903154828,0.9728616903154828,decision_level_baseline_vs_candidate_path_memory_gap_audit,outer_loop_spatial_flow_belief_safe_explore_exploit_memory_v2_2
no_cluster_no_merge,spatial_flow_belief_memory_h10,10,final_heldout,2,r10_l7_full_domain_randomisation_arena_wide_training,r10_l7_full_domain_randomisation_arena_wide_training,r10_no_cluster_no_merge_spatial_flow_belief_memory_h10_final_0002,0,launch_gate,launch_gate,mild_turn_left,primvar_mild_turn_left_transition_object_81d80c74f9e0,baseline_and_memory_winner_match,True,primvar_mild_turn_left_transition_object_81d80c74f9e0,primvar_mild_turn_left_transition_object_81d80c74f9e0,0.0,0.0,0.03,0.0,1.0,-9.0747030265792e-06,-9.0747030265792e-06,0.0,0.0,0.0057877020005438,0.626841884988411,0.0125368376997682,0.0,0.1,0.2,0.0,0.0,7,0,0.994212297999456,0.626841884988411,decision_level_baseline_vs_candidate_path_memory_gap_audit,outer_loop_spatial_flow_belief_safe_explore_exploit_memory_v2_2
no_cluster_no_merge,spatial_flow_belief_memory_h10,10,final_heldout,2,r10_l7_full_domain_randomisation_arena_wide_training,r10_l7_full_domain_randomisation_arena_wide_training,r10_no_cluster_no_merge_spatial_flow_belief_memory_h10_final_0002,1,inflight_nominal,inflight_stable,mild_turn_left,primvar_mild_turn_left_transition_object_c0027154e9bd,baseline_and_memory_winner_match,True,primvar_mild_turn_left_transition_object_c0027154e9bd,primvar_mild_turn_left_transition_object_c0027154e9bd,0.0,0.0,0.03,0.0,1.0,0.0002210145442704,0.0002210145442704,0.0,0.0,0.0371695503013721,0.6448012450539943,0.0128960249010798,0.0,0.1,0.2,0.0,0.0,7,0,0.962830449698628,0.6448012450539943,decision_level_baseline_vs_candidate_path_memory_gap_audit,outer_loop_spatial_flow_belief_safe_explore_exploit_memory_v2_2
no_cluster_no_merge,spatial_flow_belief_memory_h10,10,final_heldout,2,r10_l7_full_domain_randomisation_arena_wide_training,r10_l7_full_domain_randomisation_arena_wide_training,r10_no_cluster_no_merge_spatial_flow_belief_memory_h10_final_0002,2,inflight_recovery_edge,recoverable_degraded,safe_exit_or_recovery_handoff,primvar_safe_exit_or_recovery_handoff_transition_object_89fe6c2843f5,baseline_and_memory_winner_match,True,primvar_safe_exit_or_recovery_handoff_transition_object_89fe6c2843f5,primvar_safe_exit_or_recovery_handoff_transition_object_89fe6c2843f5,0.0,0.0,0.03,0.0,1.0,0.0003355850763483,0.0003355850763483,0.0,0.0,0.0348544283493077,0.6454799774046359,0.0129095995480927,0.0,0.1,0.2,0.0,0.0,7,0,0.9651455716506924,0.6454799774046359,decision_level_baseline_vs_candidate_path_memory_gap_audit,outer_loop_spatial_flow_belief_safe_explore_exploit_memory_v2_2
no_cluster_no_merge,spatial_flow_belief_memory_h10,10,final_heldout,2,r10_l7_full_domain_randomisation_arena_wide_training,r10_l7_full_domain_randomisation_arena_wide_training,r10_no_cluster_no_merge_spatial_flow_belief_memory_h10_final_0002,3,inflight_recovery_edge,recoverable_degraded,safe_exit_or_recovery_handoff,primvar_safe_exit_or_recovery_handoff_transition_object_89fe6c2843f5,baseline_and_memory_winner_match,True,primvar_safe_exit_or_recovery_handoff_transition_object_89fe6c2843f5,primvar_safe_exit_or_recovery_handoff_transition_object_89fe6c2843f5,0.0,0.0,0.03,0.0,1.0,0.0003630683641156,0.0003630683641156,0.0,0.0,0.0298213186357266,0.7050071624892857,0.0141001432497857,0.0,0.1,0.2,0.0,0.0,7,0,0.9701786813642734,0.7050071624892857,decision_level_baseline_vs_candidate_path_memory_gap_audit,outer_loop_spatial_flow_belief_safe_explore_exploit_memory_v2_2
no_cluster_no_merge,spatial_flow_belief_memory_h10,10,final_heldout,2,r10_l7_full_domain_randomisation_arena_wide_training,r10_l7_full_domain_randomisation_arena_wide_training,r10_no_cluster_no_merge_spatial_flow_belief_memory_h10_final_0002,4,inflight_recovery_edge,recoverable_degraded,safe_exit_or_recovery_handoff,primvar_safe_exit_or_recovery_handoff_transition_object_eb5ec1f84c14,baseline_and_memory_winner_match,True,primvar_safe_exit_or_recovery_handoff_transition_object_eb5ec1f84c14,primvar_safe_exit_or_recovery_handoff_transition_object_eb5ec1f84c14,0.0,0.0,0.03,0.0,1.0,0.0004015767115365,0.0004015767115365,0.0,0.0,0.0303606768815783,0.7193548937772692,0.0143870978755453,0.0,0.1,0.2,0.0,0.0,7,0,0.9696393231184216,0.7193548937772692,decision_level_baseline_vs_candidate_path_memory_gap_audit,outer_loop_spatial_flow_belief_safe_explore_exploit_memory_v2_2
no_cluster_no_merge,spatial_flow_belief_memory_h10,10,final_heldout,2,r10_l7_full_domain_randomisation_arena_wide_training,r10_l7_full_domain_randomisation_arena_wide_training,r10_no_cluster_no_merge_spatial_flow_belief_memory_h10_final_0002,5,inflight_recovery_edge,recoverable_degraded,safe_exit_or_recovery_handoff,primvar_safe_exit_or_recovery_handoff_transition_object_eb5ec1f84c14,baseline_and_memory_winner_match,True,primvar_safe_exit_or_recovery_handoff_transition_object_eb5ec1f84c14,primvar_safe_exit_or_recovery_handoff_transition_object_eb5ec1f84c14,0.0,0.0,0.03,0.0,1.0,0.0002525398941799,0.0002525398941799,0.0,0.0,0.0300167091654944,0.7941220806535224,0.0158824416130704,0.0,0.1,0.2,0.0,0.0,5,0,0.9699832908345056,0.7941220806535224,decision_level_baseline_vs_candidate_path_memory_gap_audit,outer_loop_spatial_flow_belief_safe_explore_exploit_memory_v2_2
no_cluster_no_merge,spatial_flow_belief_memory_h10,10,final_heldout,2,r10_l7_full_domain_randomisation_arena_wide_training,r10_l7_full_domain_randomisation_arena_wide_training,r10_no_cluster_no_merge_spatial_flow_belief_memory_h10_final_0002,6,inflight_recovery_edge,recoverable_degraded,safe_exit_or_recovery_handoff,primvar_safe_exit_or_recovery_handoff_transition_object_eb5ec1f84c14,baseline_and_memory_winner_match,True,primvar_safe_exit_or_recovery_handoff_transition_object_eb5ec1f84c14,primvar_safe_exit_or_recovery_handoff_transition_object_eb5ec1f84c14,0.0,0.0,0.03,0.0,1.0,-4.050789770304597e-05,-4.050789770304597e-05,0.0,0.0,0.0344761820969562,0.883259319295208,0.0176651863859041,0.0,0.1,0.2,0.0,0.0,0,0,0.9655238179030438,0.883259319295208,decision_level_baseline_vs_candidate_path_memory_gap_audit,outer_loop_spatial_flow_belief_safe_explore_exploit_memory_v2_2
no_cluster_no_merge,spatial_flow_belief_memory_h10,10,final_heldout,2,r10_l7_full_domain_randomisation_arena_wide_training,r10_l7_full_domain_randomisation_arena_wide_training,r10_no_cluster_no_merge_spatial_flow_belief_memory_h10_final_0002,7,inflight_boundary_near,boundary_near,mild_turn_left,primvar_mild_turn_left_transition_object_dce8f75ea53c,baseline_and_memory_winner_match,True,primvar_mild_turn_left_transition_object_dce8f75ea53c,primvar_mild_turn_left_transition_object_dce8f75ea53c,0.0,0.0,0.03,0.0,1.0,-0.0003101411384602,-0.0003101411384602,0.0,0.0,0.0375532607745351,0.9624467392254648,0.0192489347845092,0.0,0.1,0.2,0.0,0.0,0,0,0.9624467392254648,0.9624467392254648,decision_level_baseline_vs_candidate_path_memory_gap_audit,outer_loop_spatial_flow_belief_safe_explore_exploit_memory_v2_2
no_cluster_no_merge,spatial_flow_belief_memory_h10,10,final_heldout,2,r10_l7_full_domain_randomisation_arena_wide_training,r10_l7_full_domain_randomisation_arena_wide_training,r10_no_cluster_no_merge_spatial_flow_belief_memory_h10_final_0002,8,inflight_boundary_near,boundary_near,energy_retaining_bank,primvar_energy_retaining_bank_transition_object_f378f7a74cce,baseline_and_memory_winner_match,True,primvar_energy_retaining_bank_transition_object_f378f7a74cce,primvar_energy_retaining_bank_transition_object_f378f7a74cce,0.0,0.0,0.03,0.0,1.0,-0.0003333527220399,-0.0003333527220399,0.0,0.0,0.0405622403421844,0.9594377596578156,0.0191887551931563,0.0,0.1,0.2,0.0,0.0,0,0,0.9594377596578156,0.9594377596578156,decision_level_baseline_vs_candidate_path_memory_gap_audit,outer_loop_spatial_flow_belief_safe_explore_exploit_memory_v2_2
no_cluster_no_merge,spatial_flow_belief_memory_h10,10,final_heldout,2,r10_l7_full_domain_randomisation_arena_wide_training,r10_l7_full_domain_randomisation_arena_wide_training,r10_no_cluster_no_merge_spatial_flow_belief_memory_h10_final_0002,9,inflight_boundary_near,boundary_near,energy_retaining_bank,primvar_energy_retaining_bank_transition_object_f378f7a74cce,baseline_and_memory_winner_match,True,primvar_energy_retaining_bank_transition_object_f378f7a74cce,primvar_energy_retaining_bank_transition_object_f378f7a74cce,0.0,0.0,0.03,0.0,1.0,-0.0002620217556565,-0.0002620217556565,0.0,0.0,0.0323215797171033,0.9676784202828967,0.0193535684056579,0.0,0.1,0.2,0.0,0.0,0,0,0.9676784202828967,0.9676784202828967,decision_level_baseline_vs_candidate_path_memory_gap_audit,outer_loop_spatial_flow_belief_safe_explore_exploit_memory_v2_2
no_cluster_no_merge,spatial_flow_belief_memory_h10,10,final_heldout,2,r10_l7_full_domain_randomisation_arena_wide_training,r10_l7_full_domain_randomisation_arena_wide_training,r10_no_cluster_no_merge_spatial_flow_belief_memory_h10_final_0002,10,inflight_boundary_near,boundary_near,energy_retaining_bank,primvar_energy_retaining_bank_transition_object_f378f7a74cce,baseline_and_memory_winner_match,True,primvar_energy_retaining_bank_transition_object_f378f7a74cce,primvar_energy_retaining_bank_transition_object_f378f7a74cce,0.0,0.0,0.03,0.0,1.0,-0.0003026329017106,-0.0003026329017106,0.0,0.0,0.0378670926789087,0.9621329073210912,0.0192426581464218,0.0,0.1,0.2,0.0,0.0,0,0,0.9621329073210912,0.9621329073210912,decision_level_baseline_vs_candidate_path_memory_gap_audit,outer_loop_spatial_flow_belief_safe_explore_exploit_memory_v2_2
no_cluster_no_merge,spatial_flow_belief_memory_h10,10,final_heldout,2,r10_l7_full_domain_randomisation_arena_wide_training,r10_l7_full_domain_randomisation_arena_wide_training,r10_no_cluster_no_merge_spatial_flow_belief_memory_h10_final_0002,11,inflight_boundary_near,boundary_near,energy_retaining_bank,primvar_energy_retaining_bank_transition_object_f378f7a74cce,baseline_and_memory_winner_match,True,primvar_energy_retaining_bank_transition_object_f378f7a74cce,primvar_energy_retaining_bank_transition_object_f378f7a74cce,0.0,0.0,0.03,0.0,1.0,-0.0002889662684082,-0.0002889662684082,0.0,0.0,0.0361765428682759,0.9371242633962216,0.0187424852679244,0.0,0.1,0.2,0.0,0.0,0,0,0.963823457131724,0.9371242633962216,decision_level_baseline_vs_candidate_path_memory_gap_audit,outer_loop_spatial_flow_belief_safe_explore_exploit_memory_v2_2
no_cluster_no_merge,spatial_flow_belief_memory_h10,10,final_heldout,6,r10_l7_full_domain_randomisation_arena_wide_training,r10_l7_full_domain_randomisation_arena_wide_training,r10_no_cluster_no_merge_spatial_flow_belief_memory_h10_final_0006,0,launch_gate,launch_gate,mild_turn_left,primvar_mild_turn_left_transition_object_90af87442a8a,baseline_and_memory_winner_match,True,primvar_mild_turn_left_transition_object_90af87442a8a,primvar_mild_turn_left_transition_object_90af87442a8a,0.0,0.0,0.03,0.0,1.0,8.549898139054157e-05,8.549898139054157e-05,0.0,0.0,0.0107767024891986,0.6326690759508309,0.0126533815190166,0.0,0.1,0.2,2.1383602086483414e-07,0.0003231805052215,7,2,0.9892232975108012,0.6326690759508309,decision_level_baseline_vs_candidate_path_memory_gap_audit,outer_loop_spatial_flow_belief_safe_explore_exploit_memory_v2_2
no_cluster_no_merge,spatial_flow_belief_memory_h10,10,final_heldout,6,r10_l7_full_domain_randomisation_arena_wide_training,r10_l7_full_domain_randomisation_arena_wide_training,r10_no_cluster_no_merge_spatial_flow_belief_memory_h10_final_0006,1,inflight_nominal,inflight_stable,safe_exit_or_recovery_handoff,primvar_safe_exit_or_recovery_handoff_transition_object_569472a752ed,baseline_and_memory_winner_match,True,primvar_safe_exit_or_recovery_handoff_transition_object_569472a752ed,primvar_safe_exit_or_recovery_handoff_transition_object_569472a752ed,0.0,0.0,0.03,0.0,1.0,0.0002226988478017,0.0002226988478017,0.0,0.0,0.035896095697031,0.6197779713314588,0.0123955594266291,0.0,0.1,0.2,0.0,0.0,7,0,0.964103904302969,0.6197779713314588,decision_level_baseline_vs_candidate_path_memory_gap_audit,outer_loop_spatial_flow_belief_safe_explore_exploit_memory_v2_2
no_cluster_no_merge,spatial_flow_belief_memory_h10,10,final_heldout,6,r10_l7_full_domain_randomisation_arena_wide_training,r10_l7_full_domain_randomisation_arena_wide_training,r10_no_cluster_no_merge_spatial_flow_belief_memory_h10_final_0006,2,inflight_recovery_edge,recoverable_degraded,safe_exit_or_recovery_handoff,primvar_safe_exit_or_recovery_handoff_transition_object_89fe6c2843f5,baseline_and_memory_winner_match,True,primvar_safe_exit_or_recovery_handoff_transition_object_89fe6c2843f5,primvar_safe_exit_or_recovery_handoff_transition_object_89fe6c2843f5,0.0,0.0,0.03,0.0,1.0,0.0002641580108697,0.0002641580108697,0.0,0.0,0.035385633094197,0.6647491100753222,0.0132949822015064,0.0,0.1,0.2,0.0,0.0,7,0,0.9646143669058028,0.6647491100753222,decision_level_baseline_vs_candidate_path_memory_gap_audit,outer_loop_spatial_flow_belief_safe_explore_exploit_memory_v2_2
no_cluster_no_merge,spatial_flow_belief_memory_h10,10,final_heldout,6,r10_l7_full_domain_randomisation_arena_wide_training,r10_l7_full_domain_randomisation_arena_wide_training,r10_no_cluster_no_merge_spatial_flow_belief_memory_h10_final_0006,3,inflight_recovery_edge,recoverable_degraded,safe_exit_or_recovery_handoff,primvar_safe_exit_or_recovery_handoff_transition_object_eb5ec1f84c14,baseline_and_memory_winner_match,True,primvar_safe_exit_or_recovery_handoff_transition_object_eb5ec1f84c14,primvar_safe_exit_or_recovery_handoff_transition_object_eb5ec1f84c14,0.0,0.0,0.03,0.0,1.0,0.0002446815965096,0.0002446815965096,0.0,0.0,0.0355713940917947,0.6677082279423631,0.0133541645588472,0.0,0.1,0.2,0.0,0.0,7,0,0.9644286059082052,0.6677082279423631,decision_level_baseline_vs_candidate_path_memory_gap_audit,outer_loop_spatial_flow_belief_safe_explore_exploit_memory_v2_2
no_cluster_no_merge,spatial_flow_belief_memory_h10,10,final_heldout,6,r10_l7_full_domain_randomisation_arena_wide_training,r10_l7_full_domain_randomisation_arena_wide_training,r10_no_cluster_no_merge_spatial_flow_belief_memory_h10_final_0006,4,inflight_recovery_edge,recoverable_degraded,safe_exit_or_recovery_handoff,primvar_safe_exit_or_recovery_handoff_transition_object_54443200afd9,baseline_and_memory_winner_match,True,primvar_safe_exit_or_recovery_handoff_transition_object_54443200afd9,primvar_safe_exit_or_recovery_handoff_transition_object_54443200afd9,0.0,0.0,0.03,0.0,1.0,0.0002137718179855,0.0002137718179855,0.0,0.0,0.0360487251430697,0.6633408946869621,0.0132668178937392,0.0,0.1,0.2,2.29861022718335e-14,4.77225346620946e-10,7,5,0.9639512748569304,0.6633408946869621,decision_level_baseline_vs_candidate_path_memory_gap_audit,outer_loop_spatial_flow_belief_safe_explore_exploit_memory_v2_2
no_cluster_no_merge,spatial_flow_belief_memory_h10,10,final_heldout,6,r10_l7_full_domain_randomisation_arena_wide_training,r10_l7_full_domain_randomisation_arena_wide_training,r10_no_cluster_no_merge_spatial_flow_belief_memory_h10_final_0006,5,inflight_recovery_edge,recoverable_degraded,safe_exit_or_recovery_handoff,primvar_safe_exit_or_recovery_handoff_transition_object_54443200afd9,baseline_and_memory_winner_match,True,primvar_safe_exit_or_recovery_handoff_transition_object_54443200afd9,primvar_safe_exit_or_recovery_handoff_transition_object_54443200afd9,0.0,0.0,0.03,0.0,1.0,0.0001568016098003,0.0001568016098003,0.0,0.0,0.0415397845720655,0.705816668512071,0.0141163333702414,0.0,0.1,0.2,1.2181511081976077e-13,2.2787922352376383e-10,7,6,0.9584602154279344,0.705816668512071,decision_level_baseline_vs_candidate_path_memory_gap_audit,outer_loop_spatial_flow_belief_safe_explore_exploit_memory_v2_2
no_cluster_no_merge,spatial_flow_belief_memory_h10,10,final_heldout,6,r10_l7_full_domain_randomisation_arena_wide_training,r10_l7_full_domain_randomisation_arena_wide_training,r10_no_cluster_no_merge_spatial_flow_belief_memory_h10_final_0006,6,inflight_recovery_edge,recoverable_degraded,safe_exit_or_recovery_handoff,primvar_safe_exit_or_recovery_handoff_transition_object_5e603211d22a,baseline_and_memory_winner_match,True,primvar_safe_exit_or_recovery_handoff_transition_object_5e603211d22a,primvar_safe_exit_or_recovery_handoff_transition_object_5e603211d22a,0.0,0.0,0.03,0.0,1.0,2.543808844587825e-05,2.543808844587825e-05,0.0,0.0,0.0311862803276317,0.6997407304658472,0.0139948146093169,0.0,0.1,0.2,2.821120141826241e-13,3.0582676108690587e-10,7,4,0.9688137196723684,0.6997407304658472,decision_level_baseline_vs_candidate_path_memory_gap_audit,outer_loop_spatial_flow_belief_safe_explore_exploit_memory_v2_2
no_cluster_no_merge,spatial_flow_belief_memory_h10,10,final_heldout,6,r10_l7_full_domain_randomisation_arena_wide_training,r10_l7_full_domain_randomisation_arena_wide_training,r10_no_cluster_no_merge_spatial_flow_belief_memory_h10_final_0006,7,inflight_recovery_edge,recoverable_degraded,safe_exit_or_recovery_handoff,primvar_safe_exit_or_recovery_handoff_transition_object_5e603211d22a,baseline_and_memory_winner_match,True,primvar_safe_exit_or_recovery_handoff_transition_object_5e603211d22a,primvar_safe_exit_or_recovery_handoff_transition_object_5e603211d22a,0.0,0.0,0.03,0.0,1.0,-9.6048196660814e-05,-9.6048196660814e-05,0.0,0.0,0.0450967400161422,0.735023574663168,0.0147004714932633,0.0,0.1,0.2,1.5204312599123946e-13,1.5951337651804888e-10,5,6,0.9549032599838576,0.735023574663168,decision_level_baseline_vs_candidate_path_memory_gap_audit,outer_loop_spatial_flow_belief_safe_explore_exploit_memory_v2_2
no_cluster_no_merge,spatial_flow_belief_memory_h10,10,final_heldout,6,r10_l7_full_domain_randomisation_arena_wide_training,r10_l7_full_domain_randomisation_arena_wide_training,r10_no_cluster_no_merge_spatial_flow_belief_memory_h10_final_0006,8,inflight_recovery_edge,recoverable_degraded,safe_exit_or_recovery_handoff,primvar_safe_exit_or_recovery_handoff_transition_object_5e603211d22a,baseline_and_memory_winner_match,True,primvar_safe_exit_or_recovery_handoff_transition_object_5e603211d22a,primvar_safe_exit_or_recovery_handoff_transition_object_5e603211d22a,0.0,0.0,0.03,0.0,1.0,-0.000182061060342,-0.000182061060342,0.0,0.0,0.0367142717313363,0.7879558048519136,0.0157591160970382,0.0,0.1,0.2,0.0,0.0,3,0,0.9632857282686637,0.7879558048519136,decision_level_baseline_vs_candidate_path_memory_gap_audit,outer_loop_spatial_flow_belief_safe_explore_exploit_memory_v2_2
no_cluster_no_merge,spatial_flow_belief_memory_h10,10,final_heldout,6,r10_l7_full_domain_randomisation_arena_wide_training,r10_l7_full_domain_randomisation_arena_wide_training,r10_no_cluster_no_merge_spatial_flow_belief_memory_h10_final_0006,9,inflight_boundary_near,boundary_near,lift_dwell_arc,primvar_lift_dwell_arc_transition_object_de078f2fa84a,baseline_and_memory_winner_match,True,primvar_lift_dwell_arc_transition_object_de078f2fa84a,primvar_lift_dwell_arc_transition_object_de078f2fa84a,0.0,0.0,0.03,0.0,1.0,-0.000349428676279,-0.000349428676279,0.0,0.0,0.0463907075545645,0.8717314444743584,0.0174346288894871,0.0,0.1,0.2,0.0,0.0,0,0,0.9536092924454356,0.8717314444743584,decision_level_baseline_vs_candidate_path_memory_gap_audit,outer_loop_spatial_flow_belief_safe_explore_exploit_memory_v2_2
no_cluster_no_merge,spatial_flow_belief_memory_h10,10,final_heldout,6,r10_l7_full_domain_randomisation_arena_wide_training,r10_l7_full_domain_randomisation_arena_wide_training,r10_no_cluster_no_merge_spatial_flow_belief_memory_h10_final_0006,10,inflight_boundary_near,boundary_near,lift_dwell_arc,primvar_lift_dwell_arc_transition_object_de078f2fa84a,baseline_and_memory_winner_match,True,primvar_lift_dwell_arc_transition_object_de078f2fa84a,primvar_lift_dwell_arc_transition_object_de078f2fa84a,0.0,0.0,0.03,0.0,1.0,-0.0002565862468071,-0.0002565862468071,0.0,0.0,0.0350097880486691,0.9208897373290356,0.0184177947465807,0.0,0.1,0.2,0.0,0.0,0,0,0.964990211951331,0.9208897373290356,decision_level_baseline_vs_candidate_path_memory_gap_audit,outer_loop_spatial_flow_belief_safe_explore_exploit_memory_v2_2
no_cluster_no_merge,spatial_flow_belief_memory_h10,10,final_heldout,6,r10_l7_full_domain_randomisation_arena_wide_training,r10_l7_full_domain_randomisation_arena_wide_training,r10_no_cluster_no_merge_spatial_flow_belief_memory_h10_final_0006,11,inflight_boundary_near,boundary_near,lift_dwell_arc,primvar_lift_dwell_arc_transition_object_de078f2fa84a,baseline_and_memory_winner_match,True,primvar_lift_dwell_arc_transition_object_de078f2fa84a,primvar_lift_dwell_arc_transition_object_de078f2fa84a,0.0,0.0,0.03,0.0,1.0,-0.0003451763618077,-0.0003451763618077,0.0,0.0,0.0383721999537837,0.922839186057276,0.0184567837211455,0.0,0.1,0.2,0.0,0.0,0,0,0.9616278000462164,0.922839186057276,decision_level_baseline_vs_candidate_path_memory_gap_audit,outer_loop_spatial_flow_belief_safe_explore_exploit_memory_v2_2
no_cluster_no_merge,spatial_flow_belief_memory_h10,10,final_heldout,6,r10_l7_full_domain_randomisation_arena_wide_training,r10_l7_full_domain_randomisation_arena_wide_training,r10_no_cluster_no_merge_spatial_flow_belief_memory_h10_final_0006,12,inflight_boundary_near,boundary_near,lift_dwell_arc,primvar_lift_dwell_arc_transition_object_de078f2fa84a,baseline_and_memory_winner_match,True,primvar_lift_dwell_arc_transition_object_de078f2fa84a,primvar_lift_dwell_arc_transition_object_de078f2fa84a,0.0,0.0,0.03,0.0,1.0,-0.0003687489080623,-0.0003687489080623,0.0,0.0,0.0365622594505678,0.869869101118423,0.0173973820223684,0.0,0.1,0.2,0.0,0.0,0,0,0.963437740549432,0.869869101118423,decision_level_baseline_vs_candidate_path_memory_gap_audit,outer_loop_spatial_flow_belief_safe_explore_exploit_memory_v2_2
no_cluster_no_merge,spatial_flow_belief_memory_h10,10,final_heldout,6,r10_l7_full_domain_randomisation_arena_wide_training,r10_l7_full_domain_randomisation_arena_wide_training,r10_no_cluster_no_merge_spatial_flow_belief_memory_h10_final_0006,13,inflight_boundary_near,boundary_near,lift_dwell_arc,primvar_lift_dwell_arc_transition_object_de078f2fa84a,baseline_and_memory_winner_match,True,primvar_lift_dwell_arc_transition_object_de078f2fa84a,primvar_lift_dwell_arc_transition_object_de078f2fa84a,0.0,0.0,0.03,0.0,1.0,-0.0003156884395176,-0.0003156884395176,0.0,0.0,0.0296244859738228,0.7245169100899732,0.0144903382017994,0.0,0.1,0.2,0.0,0.0,0,0,0.970375514026177,0.7245169100899732,decision_level_baseline_vs_candidate_path_memory_gap_audit,outer_loop_spatial_flow_belief_safe_explore_exploit_memory_v2_2
super_light_cluster,spatial_flow_belief_memory_h30,30,final_heldout,9,r10_l7_full_domain_randomisation_arena_wide_training,r10_l7_full_domain_randomisation_arena_wide_training,r10_super_light_cluster_spatial_flow_belief_memory_h30_final_0009,0,launch_gate,launch_gate,lift_dwell_arc,primvar_lift_dwell_arc_transition_object_b9b9dc090f76,baseline_and_memory_winner_match,True,primvar_lift_dwell_arc_transition_object_b9b9dc090f76,primvar_lift_dwell_arc_transition_object_b9b9dc090f76,0.0,0.0,0.03,0.0,1.0,3.061685032168527e-07,3.061685032168527e-07,0.0,0.0,0.0178828744803364,0.6584002397592441,0.0131680047951848,0.0,0.1,0.2,0.0,0.0,7,0,0.9821171255196636,0.6584002397592441,decision_level_baseline_vs_candidate_path_memory_gap_audit,outer_loop_spatial_flow_belief_safe_explore_exploit_memory_v2_2
super_light_cluster,spatial_flow_belief_memory_h30,30,final_heldout,9,r10_l7_full_domain_randomisation_arena_wide_training,r10_l7_full_domain_randomisation_arena_wide_training,r10_super_light_cluster_spatial_flow_belief_memory_h30_final_0009,1,inflight_boundary_near,boundary_near,lift_dwell_arc,primvar_lift_dwell_arc_transition_object_1938e7e5b41e,baseline_and_memory_winner_match,True,primvar_lift_dwell_arc_transition_object_1938e7e5b41e,primvar_lift_dwell_arc_transition_object_1938e7e5b41e,0.0,0.0,0.03,0.0,1.0,-4.8195295883735056e-05,-4.8195295883735056e-05,0.0,0.0,0.0650660142890513,0.6731885960493756,0.0134637719209875,0.0,0.1,0.2,0.0,0.0,7,0,0.9349339857109488,0.6731885960493756,decision_level_baseline_vs_candidate_path_memory_gap_audit,outer_loop_spatial_flow_belief_safe_explore_exploit_memory_v2_2
super_light_cluster,spatial_flow_belief_memory_h30,30,final_heldout,9,r10_l7_full_domain_randomisation_arena_wide_training,r10_l7_full_domain_randomisation_arena_wide_training,r10_super_light_cluster_spatial_flow_belief_memory_h30_final_0009,2,inflight_boundary_near,boundary_near,lift_dwell_arc,primvar_lift_dwell_arc_transition_object_1938e7e5b41e,baseline_and_memory_winner_match,True,primvar_lift_dwell_arc_transition_object_1938e7e5b41e,primvar_lift_dwell_arc_transition_object_1938e7e5b41e,0.0,0.0,0.03,0.0,1.0,-1.8285760643443891e-06,-1.8285760643443891e-06,0.0,0.0,0.0493024374299465,0.7505704628899681,0.0150114092577993,0.0,0.1,0.2,0.0,0.0,7,0,0.9506975625700534,0.7505704628899681,decision_level_baseline_vs_candidate_path_memory_gap_audit,outer_loop_spatial_flow_belief_safe_explore_exploit_memory_v2_2
super_light_cluster,spatial_flow_belief_memory_h30,30,final_heldout,9,r10_l7_full_domain_randomisation_arena_wide_training,r10_l7_full_domain_randomisation_arena_wide_training,r10_super_light_cluster_spatial_flow_belief_memory_h30_final_0009,3,inflight_boundary_near,boundary_near,lift_dwell_arc,primvar_lift_dwell_arc_transition_object_1938e7e5b41e,baseline_and_memory_winner_match,True,primvar_lift_dwell_arc_transition_object_1938e7e5b41e,primvar_lift_dwell_arc_transition_object_1938e7e5b41e,0.0,0.0,0.03,0.0,1.0,-0.0001585879741096,-0.0001585879741096,0.0,0.0,0.0409934207179725,0.844409012612716,0.0168881802522543,0.0,0.1,0.2,0.0,0.0,4,0,0.9590065792820276,0.844409012612716,decision_level_baseline_vs_candidate_path_memory_gap_audit,outer_loop_spatial_flow_belief_safe_explore_exploit_memory_v2_2
super_light_cluster,spatial_flow_belief_memory_h30,30,final_heldout,9,r10_l7_full_domain_randomisation_arena_wide_training,r10_l7_full_domain_randomisation_arena_wide_training,r10_super_light_cluster_spatial_flow_belief_memory_h30_final_0009,4,inflight_boundary_near,boundary_near,energy_retaining_bank,primvar_energy_retaining_bank_transition_object_59f915f98b46,baseline_and_memory_winner_match,True,primvar_energy_retaining_bank_transition_object_59f915f98b46,primvar_energy_retaining_bank_transition_object_59f915f98b46,0.0,0.0,0.03,0.0,1.0,-0.0003131888178096,-0.0003131888178096,0.0,0.0,0.0391073481930842,0.960892651806916,0.0192178530361383,0.0,0.1,0.2,0.0,0.0,0,0,0.960892651806916,0.960892651806916,decision_level_baseline_vs_candidate_path_memory_gap_audit,outer_loop_spatial_flow_belief_safe_explore_exploit_memory_v2_2
super_light_cluster,spatial_flow_belief_memory_h30,30,final_heldout,9,r10_l7_full_domain_randomisation_arena_wide_training,r10_l7_full_domain_randomisation_arena_wide_training,r10_super_light_cluster_spatial_flow_belief_memory_h30_final_0009,5,inflight_boundary_near,boundary_near,energy_retaining_bank,primvar_energy_retaining_bank_transition_object_59f915f98b46,baseline_and_memory_winner_match,True,primvar_energy_retaining_bank_transition_object_59f915f98b46,primvar_energy_retaining_bank_transition_object_59f915f98b46,0.0,0.0,0.03,0.0,1.0,-0.0003671304751158,-0.0003671304751158,0.0,0.0,0.0386579894419225,0.9613420105580774,0.0192268402111615,0.0,0.1,0.2,0.0,0.0,0,0,0.9613420105580774,0.9613420105580774,decision_level_baseline_vs_candidate_path_memory_gap_audit,outer_loop_spatial_flow_belief_safe_explore_exploit_memory_v2_2
super_light_cluster,spatial_flow_belief_memory_h30,30,final_heldout,9,r10_l7_full_domain_randomisation_arena_wide_training,r10_l7_full_domain_randomisation_arena_wide_training,r10_super_light_cluster_spatial_flow_belief_memory_h30_final_0009,6,inflight_boundary_near,boundary_near,energy_retaining_bank,primvar_energy_retaining_bank_transition_object_59f915f98b46,rejected_exploration_cross_family_without_memory_confidence,False,primvar_energy_retaining_bank_transition_object_59f915f98b46,primvar_lift_dwell_arc_transition_object_cd89af02a2de,8.940848061911311e-11,4.149125487629135e-12,0.03,0.0,1.0,-0.0002233060889476,-0.0002233060889476,0.0,0.0041491254876291,0.0255772402679703,0.9744227597320296,0.0194884551946405,0.0,0.1,0.2,0.0,0.0,0,0,0.9744227554690598,0.9744227554690598,decision_level_baseline_vs_candidate_path_memory_gap_audit,outer_loop_spatial_flow_belief_safe_explore_exploit_memory_v2_2
super_light_cluster,spatial_flow_belief_memory_h30,30,final_heldout,9,r10_l7_full_domain_randomisation_arena_wide_training,r10_l7_full_domain_randomisation_arena_wide_training,r10_super_light_cluster_spatial_flow_belief_memory_h30_final_0009,7,inflight_boundary_near,boundary_near,energy_retaining_bank,primvar_energy_retaining_bank_transition_object_59f915f98b46,baseline_and_memory_winner_match,True,primvar_energy_retaining_bank_transition_object_59f915f98b46,primvar_energy_retaining_bank_transition_object_59f915f98b46,0.0,0.0,0.03,0.0,1.0,-0.0003424866406507,-0.0003424866406507,0.0,0.0,0.0462027500423202,0.9537972499576798,0.0190759449991535,0.0,0.1,0.2,0.0,0.0,0,0,0.9537972499576798,0.9537972499576798,decision_level_baseline_vs_candidate_path_memory_gap_audit,outer_loop_spatial_flow_belief_safe_explore_exploit_memory_v2_2
super_light_cluster,spatial_flow_belief_memory_h30,30,final_heldout,9,r10_l7_full_domain_randomisation_arena_wide_training,r10_l7_full_domain_randomisation_arena_wide_training,r10_super_light_cluster_spatial_flow_belief_memory_h30_final_0009,8,inflight_boundary_near,boundary_near,safe_exit_or_recovery_handoff,primvar_safe_exit_or_recovery_handoff_transition_object_6683ccb4c539,baseline_and_memory_winner_match,True,primvar_safe_exit_or_recovery_handoff_transition_object_6683ccb4c539,primvar_safe_exit_or_recovery_handoff_transition_object_6683ccb4c539,0.0,0.0,0.03,0.0,1.0,-0.0001298612933058,-0.0001298612933058,0.0,0.0,0.024676408625465,0.975323591374535,0.0195064718274907,0.0,0.1,0.2,0.0,0.0,0,0,0.975323591374535,0.975323591374535,decision_level_baseline_vs_candidate_path_memory_gap_audit,outer_loop_spatial_flow_belief_safe_explore_exploit_memory_v2_2
no_cluster_no_merge,spatial_flow_belief_memory_h10,10,final_heldout,4,r10_l7_full_domain_randomisation_arena_wide_training,r10_l7_full_domain_randomisation_arena_wide_training,r10_no_cluster_no_merge_spatial_flow_belief_memory_h10_final_0004,0,launch_gate,launch_gate,mild_turn_right,primvar_mild_turn_right_transition_object_ee1da6c85686,baseline_and_memory_winner_match,True,primvar_mild_turn_right_transition_object_ee1da6c85686,primvar_mild_turn_right_transition_object_ee1da6c85686,0.0,0.0,0.03,0.0,1.0,0.0003551746873621,0.0003551746873621,0.0,0.0,0.0345272700122855,0.5845414708393004,0.011690829416786,0.0,0.1,0.2,0.0,0.0,7,0,0.9654727299877144,0.5845414708393004,decision_level_baseline_vs_candidate_path_memory_gap_audit,outer_loop_spatial_flow_belief_safe_explore_exploit_memory_v2_2
no_cluster_no_merge,spatial_flow_belief_memory_h10,10,final_heldout,4,r10_l7_full_domain_randomisation_arena_wide_training,r10_l7_full_domain_randomisation_arena_wide_training,r10_no_cluster_no_merge_spatial_flow_belief_memory_h10_final_0004,1,inflight_nominal,inflight_stable,mild_turn_right,primvar_mild_turn_right_transition_object_7b5af5b6a95a,baseline_and_memory_winner_match,True,primvar_mild_turn_right_transition_object_7b5af5b6a95a,primvar_mild_turn_right_transition_object_7b5af5b6a95a,0.0,0.0,0.03,0.0,1.0,0.0007594528976333,0.0007594528976333,0.0,0.0,0.080137262043166,0.587663152671625,0.0117532630534325,0.0,0.1,0.2,0.0,0.0,7,0,0.919862737956834,0.587663152671625,decision_level_baseline_vs_candidate_path_memory_gap_audit,outer_loop_spatial_flow_belief_safe_explore_exploit_memory_v2_2
no_cluster_no_merge,spatial_flow_belief_memory_h10,10,final_heldout,4,r10_l7_full_domain_randomisation_arena_wide_training,r10_l7_full_domain_randomisation_arena_wide_training,r10_no_cluster_no_merge_spatial_flow_belief_memory_h10_final_0004,2,inflight_recovery_edge,recoverable_degraded,safe_exit_or_recovery_handoff,primvar_safe_exit_or_recovery_handoff_transition_object_89fe6c2843f5,baseline_and_memory_winner_match,True,primvar_safe_exit_or_recovery_handoff_transition_object_89fe6c2843f5,primvar_safe_exit_or_recovery_handoff_transition_object_89fe6c2843f5,0.0,0.0,0.03,0.0,1.0,0.0002807960376312,0.0002807960376312,0.0,0.0,0.0249766274141765,0.6543793988361799,0.0130875879767235,0.0,0.1,0.2,0.0,0.0,7,0,0.9750233725858234,0.6543793988361799,decision_level_baseline_vs_candidate_path_memory_gap_audit,outer_loop_spatial_flow_belief_safe_explore_exploit_memory_v2_2
no_cluster_no_merge,spatial_flow_belief_memory_h10,10,final_heldout,4,r10_l7_full_domain_randomisation_arena_wide_training,r10_l7_full_domain_randomisation_arena_wide_training,r10_no_cluster_no_merge_spatial_flow_belief_memory_h10_final_0004,3,inflight_recovery_edge,recoverable_degraded,safe_exit_or_recovery_handoff,primvar_safe_exit_or_recovery_handoff_transition_object_eb5ec1f84c14,baseline_and_memory_winner_match,True,primvar_safe_exit_or_recovery_handoff_transition_object_eb5ec1f84c14,primvar_safe_exit_or_recovery_handoff_transition_object_eb5ec1f84c14,0.0,0.0,0.03,0.0,1.0,0.0001179819249272,0.0001179819249272,0.0,0.0,0.0351491551533093,0.6477702654325173,0.0129554053086503,0.0,0.1,0.2,0.0,0.0,7,0,0.9648508448466906,0.6477702654325173,decision_level_baseline_vs_candidate_path_memory_gap_audit,outer_loop_spatial_flow_belief_safe_explore_exploit_memory_v2_2
no_cluster_no_merge,spatial_flow_belief_memory_h10,10,final_heldout,4,r10_l7_full_domain_randomisation_arena_wide_training,r10_l7_full_domain_randomisation_arena_wide_training,r10_no_cluster_no_merge_spatial_flow_belief_memory_h10_final_0004,4,inflight_boundary_near,boundary_near,lift_dwell_arc,primvar_lift_dwell_arc_transition_object_052b842e4b9a,baseline_and_memory_winner_match,True,primvar_lift_dwell_arc_transition_object_052b842e4b9a,primvar_lift_dwell_arc_transition_object_052b842e4b9a,0.0,0.0,0.03,0.0,1.0,-0.0002684823494429,-0.0002684823494429,0.0,0.0,0.0357673975823485,0.7605625784155287,0.0152112515683105,0.0,0.1,0.2,0.0,0.0,7,0,0.9642326024176516,0.7605625784155287,decision_level_baseline_vs_candidate_path_memory_gap_audit,outer_loop_spatial_flow_belief_safe_explore_exploit_memory_v2_2
no_cluster_no_merge,spatial_flow_belief_memory_h10,10,final_heldout,4,r10_l7_full_domain_randomisation_arena_wide_training,r10_l7_full_domain_randomisation_arena_wide_training,r10_no_cluster_no_merge_spatial_flow_belief_memory_h10_final_0004,5,inflight_boundary_near,boundary_near,lift_dwell_arc,primvar_lift_dwell_arc_transition_object_052b842e4b9a,baseline_and_memory_winner_match,True,primvar_lift_dwell_arc_transition_object_052b842e4b9a,primvar_lift_dwell_arc_transition_object_052b842e4b9a,0.0,0.0,0.03,0.0,1.0,-0.0003371025082903,-0.0003371025082903,0.0,0.0,0.0266230028379509,0.8415462716043928,0.0168309254320878,0.0,0.1,0.2,0.0,0.0,3,0,0.9733769971620492,0.8415462716043928,decision_level_baseline_vs_candidate_path_memory_gap_audit,outer_loop_spatial_flow_belief_safe_explore_exploit_memory_v2_2
no_cluster_no_merge,spatial_flow_belief_memory_h10,10,final_heldout,4,r10_l7_full_domain_randomisation_arena_wide_training,r10_l7_full_domain_randomisation_arena_wide_training,r10_no_cluster_no_merge_spatial_flow_belief_memory_h10_final_0004,6,inflight_boundary_near,boundary_near,lift_dwell_arc,primvar_lift_dwell_arc_transition_object_e77518a9ca96,baseline_and_memory_winner_match,True,primvar_lift_dwell_arc_transition_object_e77518a9ca96,primvar_lift_dwell_arc_transition_object_e77518a9ca96,0.0,0.0,0.03,0.0,1.0,-0.0005124274795944,-0.0005124274795944,0.0,0.0,0.0363075420423932,0.9636924579576068,0.0192738491591521,0.0,0.1,0.2,0.0,0.0,0,0,0.9636924579576068,0.9636924579576068,decision_level_baseline_vs_candidate_path_memory_gap_audit,outer_loop_spatial_flow_belief_safe_explore_exploit_memory_v2_2
no_cluster_no_merge,spatial_flow_belief_memory_h10,10,final_heldout,4,r10_l7_full_domain_randomisation_arena_wide_training,r10_l7_full_domain_randomisation_arena_wide_training,r10_no_cluster_no_merge_spatial_flow_belief_memory_h10_final_0004,7,inflight_boundary_near,boundary_near,lift_dwell_arc,primvar_lift_dwell_arc_transition_object_e77518a9ca96,baseline_and_memory_winner_match,True,primvar_lift_dwell_arc_transition_object_e77518a9ca96,primvar_lift_dwell_arc_transition_object_e77518a9ca96,0.0,0.0,0.03,0.0,1.0,-0.000518720118408,-0.000518720118408,0.0,0.0,0.0418231944175127,0.9581768055824872,0.0191635361116497,0.0,0.1,0.2,0.0,0.0,0,0,0.9581768055824872,0.9581768055824872,decision_level_baseline_vs_candidate_path_memory_gap_audit,outer_loop_spatial_flow_belief_safe_explore_exploit_memory_v2_2
no_cluster_no_merge,spatial_flow_belief_memory_h10,10,final_heldout,4,r10_l7_full_domain_randomisation_arena_wide_training,r10_l7_full_domain_randomisation_arena_wide_training,r10_no_cluster_no_merge_spatial_flow_belief_memory_h10_final_0004,8,inflight_boundary_near,boundary_near,lift_dwell_arc,primvar_lift_dwell_arc_transition_object_e77518a9ca96,baseline_and_memory_winner_match,True,primvar_lift_dwell_arc_transition_object_e77518a9ca96,primvar_lift_dwell_arc_transition_object_e77518a9ca96,0.0,0.0,0.03,0.0,1.0,-0.0003894521644531,-0.0003894521644531,0.0,0.0,0.0387506014923858,0.9612493985076142,0.0192249879701522,0.0,0.1,0.2,0.0,0.0,0,0,0.9612493985076142,0.9612493985076142,decision_level_baseline_vs_candidate_path_memory_gap_audit,outer_loop_spatial_flow_belief_safe_explore_exploit_memory_v2_2
no_cluster_no_merge,spatial_flow_belief_memory_h10,10,final_heldout,4,r10_l7_full_domain_randomisation_arena_wide_training,r10_l7_full_domain_randomisation_arena_wide_training,r10_no_cluster_no_merge_spatial_flow_belief_memory_h10_final_0004,9,inflight_boundary_near,boundary_near,lift_dwell_arc,primvar_lift_dwell_arc_transition_object_e77518a9ca96,baseline_and_memory_winner_match,True,primvar_lift_dwell_arc_transition_object_e77518a9ca96,primvar_lift_dwell_arc_transition_object_e77518a9ca96,0.0,0.0,0.03,0.0,1.0,-0.0002890161741553,-0.0002890161741553,0.0,0.0,0.0362007775583056,0.9637992224416944,0.0192759844488338,0.0,0.1,0.2,0.0,0.0,0,0,0.9637992224416944,0.9637992224416944,decision_level_baseline_vs_candidate_path_memory_gap_audit,outer_loop_spatial_flow_belief_safe_explore_exploit_memory_v2_2
no_cluster_no_merge,spatial_flow_belief_memory_h10,10,final_heldout,4,r10_l7_full_domain_randomisation_arena_wide_training,r10_l7_full_domain_randomisation_arena_wide_training,r10_no_cluster_no_merge_spatial_flow_belief_memory_h10_final_0004,10,inflight_boundary_near,boundary_near,lift_dwell_arc,primvar_lift_dwell_arc_transition_object_e77518a9ca96,baseline_and_memory_winner_match,True,primvar_lift_dwell_arc_transition_object_e77518a9ca96,primvar_lift_dwell_arc_transition_object_e77518a9ca96,0.0,0.0,0.03,0.0,1.0,-0.0002062974387437,-0.0002062974387437,0.0,0.0,0.030735417681235,0.9692645823187648,0.0193852916463753,0.0,0.1,0.2,0.0,0.0,0,0,0.9692645823187648,0.9692645823187648,decision_level_baseline_vs_candidate_path_memory_gap_audit,outer_loop_spatial_flow_belief_safe_explore_exploit_memory_v2_2
no_cluster_no_merge,spatial_flow_belief_memory_h10,10,final_heldout,3,r10_l7_full_domain_randomisation_arena_wide_training,r10_l7_full_domain_randomisation_arena_wide_training,r10_no_cluster_no_merge_spatial_flow_belief_memory_h10_final_0003,0,launch_gate,launch_gate,lift_dwell_arc,primvar_lift_dwell_arc_transition_object_17cab9f31bb6,baseline_and_memory_winner_match,True,primvar_lift_dwell_arc_transition_object_17cab9f31bb6,primvar_lift_dwell_arc_transition_object_17cab9f31bb6,0.0,0.0,0.03,0.0,1.0,4.2077028523657134e-05,4.2077028523657134e-05,0.0,0.0,0.0272969482003243,0.7298425670555271,0.0145968513411105,0.0,0.1,0.2,3.8178735202747527e-10,1.5657262904337548e-07,7,5,0.9727030517996756,0.7298425670555271,decision_level_baseline_vs_candidate_path_memory_gap_audit,outer_loop_spatial_flow_belief_safe_explore_exploit_memory_v2_2
no_cluster_no_merge,spatial_flow_belief_memory_h10,10,final_heldout,3,r10_l7_full_domain_randomisation_arena_wide_training,r10_l7_full_domain_randomisation_arena_wide_training,r10_no_cluster_no_merge_spatial_flow_belief_memory_h10_final_0003,1,inflight_boundary_near,boundary_near,lift_dwell_arc,primvar_lift_dwell_arc_transition_object_10b23f39bac2,baseline_and_memory_winner_match,True,primvar_lift_dwell_arc_transition_object_10b23f39bac2,primvar_lift_dwell_arc_transition_object_10b23f39bac2,0.0,0.0,0.03,0.0,1.0,1.8745689208454763e-05,1.8745689208454763e-05,0.0,0.0,0.0418879489528575,0.7920935337912358,0.0158418706758247,0.0,0.1,0.2,2.5761593357540657e-10,1.57054416192679e-07,7,5,0.9581120510471424,0.7920935337912358,decision_level_baseline_vs_candidate_path_memory_gap_audit,outer_loop_spatial_flow_belief_safe_explore_exploit_memory_v2_2
no_cluster_no_merge,spatial_flow_belief_memory_h10,10,final_heldout,3,r10_l7_full_domain_randomisation_arena_wide_training,r10_l7_full_domain_randomisation_arena_wide_training,r10_no_cluster_no_merge_spatial_flow_belief_memory_h10_final_0003,2,inflight_boundary_near,boundary_near,lift_dwell_arc,primvar_lift_dwell_arc_transition_object_10b23f39bac2,baseline_and_memory_winner_match,True,primvar_lift_dwell_arc_transition_object_10b23f39bac2,primvar_lift_dwell_arc_transition_object_10b23f39bac2,0.0,0.0,0.03,0.0,1.0,1.4385250163728712e-05,1.4385250163728712e-05,0.0,0.0,0.0342631481346823,0.8971786258447099,0.0179435725168942,0.0,0.1,0.2,1.7379182816647126e-10,6.26710224143641e-08,1,2,0.9657368518653175,0.8971786258447099,decision_level_baseline_vs_candidate_path_memory_gap_audit,outer_loop_spatial_flow_belief_safe_explore_exploit_memory_v2_2
no_cluster_no_merge,spatial_flow_belief_memory_h10,10,final_heldout,3,r10_l7_full_domain_randomisation_arena_wide_training,r10_l7_full_domain_randomisation_arena_wide_training,r10_no_cluster_no_merge_spatial_flow_belief_memory_h10_final_0003,3,inflight_boundary_near,boundary_near,safe_exit_or_recovery_handoff,primvar_safe_exit_or_recovery_handoff_transition_object_989fb41df8c2,baseline_and_memory_winner_match,True,primvar_safe_exit_or_recovery_handoff_transition_object_989fb41df8c2,primvar_safe_exit_or_recovery_handoff_transition_object_989fb41df8c2,0.0,0.0,0.03,0.0,1.0,2.690349586242924e-05,2.690349586242924e-05,0.0,0.0,0.0414768296206184,0.9585231703793816,0.0191704634075876,0.0,0.1,0.2,0.0,0.0,0,0,0.9585231703793816,0.9585231703793816,decision_level_baseline_vs_candidate_path_memory_gap_audit,outer_loop_spatial_flow_belief_safe_explore_exploit_memory_v2_2
no_cluster_no_merge,spatial_flow_belief_memory_h10,10,final_heldout,3,r10_l7_full_domain_randomisation_arena_wide_training,r10_l7_full_domain_randomisation_arena_wide_training,r10_no_cluster_no_merge_spatial_flow_belief_memory_h10_final_0003,4,inflight_boundary_near,boundary_near,safe_exit_or_recovery_handoff,primvar_safe_exit_or_recovery_handoff_transition_object_989fb41df8c2,baseline_and_memory_winner_match,True,primvar_safe_exit_or_recovery_handoff_transition_object_989fb41df8c2,primvar_safe_exit_or_recovery_handoff_transition_object_989fb41df8c2,0.0,0.0,0.03,0.0,1.0,3.0322993385567543e-05,3.0322993385567543e-05,0.0,0.0,0.027616707727171,0.9723832922728288,0.0194476658454565,0.0,0.1,0.2,0.0,0.0,0,0,0.9723832922728288,0.9723832922728288,decision_level_baseline_vs_candidate_path_memory_gap_audit,outer_loop_spatial_flow_belief_safe_explore_exploit_memory_v2_2
no_cluster_no_merge,spatial_flow_belief_memory_h10,10,final_heldout,3,r10_l7_full_domain_randomisation_arena_wide_training,r10_l7_full_domain_randomisation_arena_wide_training,r10_no_cluster_no_merge_spatial_flow_belief_memory_h10_final_0003,5,inflight_boundary_near,boundary_near,energy_retaining_bank,primvar_energy_retaining_bank_transition_object_59f915f98b46,rejected_exploration_cross_family_without_memory_confidence,False,primvar_energy_retaining_bank_transition_object_59f915f98b46,primvar_lift_dwell_arc_transition_object_cd89af02a2de,4.618527782440651e-13,-8.881784197001252e-15,0.03,0.0,1.0,3.379013144222398e-05,3.379013144222398e-05,0.0,-8.881784197001252e-06,0.0316270232156677,0.9683729767843324,0.0193674595356866,0.0,0.1,0.2,0.0,0.0,0,0,0.9683729767607968,0.9683729767607968,decision_level_baseline_vs_candidate_path_memory_gap_audit,outer_loop_spatial_flow_belief_safe_explore_exploit_memory_v2_2
no_cluster_no_merge,spatial_flow_belief_memory_h10,10,final_heldout,3,r10_l7_full_domain_randomisation_arena_wide_training,r10_l7_full_domain_randomisation_arena_wide_training,r10_no_cluster_no_merge_spatial_flow_belief_memory_h10_final_0003,6,inflight_boundary_near,boundary_near,energy_retaining_bank,primvar_energy_retaining_bank_transition_object_59f915f98b46,baseline_and_memory_winner_match,True,primvar_energy_retaining_bank_transition_object_59f915f98b46,primvar_energy_retaining_bank_transition_object_59f915f98b46,0.0,0.0,0.03,0.0,1.0,4.281655259230632e-05,4.281655259230632e-05,0.0,0.0,0.0377617960136485,0.9622382039863516,0.019244764079727,0.0,0.1,0.2,0.0,0.0,0,0,0.9622382039863516,0.9622382039863516,decision_level_baseline_vs_candidate_path_memory_gap_audit,outer_loop_spatial_flow_belief_safe_explore_exploit_memory_v2_2
no_cluster_no_merge,spatial_flow_belief_memory_h10,10,final_heldout,3,r10_l7_full_domain_randomisation_arena_wide_training,r10_l7_full_domain_randomisation_arena_wide_training,r10_no_cluster_no_merge_spatial_flow_belief_memory_h10_final_0003,7,inflight_boundary_near,boundary_near,energy_retaining_bank,primvar_energy_retaining_bank_transition_object_59f915f98b46,baseline_and_memory_winner_match,True,primvar_energy_retaining_bank_transition_object_59f915f98b46,primvar_energy_retaining_bank_transition_object_59f915f98b46,0.0,0.0,0.03,0.0,1.0,2.6129375565453472e-05,2.6129375565453472e-05,0.0,0.0,0.0481756844161075,0.9518243155838924,0.0190364863116778,0.0,0.1,0.2,0.0,0.0,0,0,0.9518243155838924,0.9518243155838924,decision_level_baseline_vs_candidate_path_memory_gap_audit,outer_loop_spatial_flow_belief_safe_explore_exploit_memory_v2_2
no_cluster_no_merge,spatial_flow_belief_memory_h10,10,final_heldout,7,r10_l7_full_domain_randomisation_arena_wide_training,r10_l7_full_domain_randomisation_arena_wide_training,r10_no_cluster_no_merge_spatial_flow_belief_memory_h10_final_0007,0,launch_gate,launch_gate,lift_dwell_arc,primvar_lift_dwell_arc_transition_object_569b281fbb4d,baseline_and_memory_winner_match,True,primvar_lift_dwell_arc_transition_object_569b281fbb4d,primvar_lift_dwell_arc_transition_object_569b281fbb4d,0.0,0.0,0.03,0.0,1.0,-5.250194190176138e-06,-5.250194190176138e-06,0.0,0.0,0.0035875608848778,0.4933821380251786,0.0098676427605035,0.0,0.1,0.2,0.0,0.0,7,0,0.9964124391151222,0.4933821380251786,decision_level_baseline_vs_candidate_path_memory_gap_audit,outer_loop_spatial_flow_belief_safe_explore_exploit_memory_v2_2
no_cluster_no_merge,spatial_flow_belief_memory_h10,10,final_heldout,7,r10_l7_full_domain_randomisation_arena_wide_training,r10_l7_full_domain_randomisation_arena_wide_training,r10_no_cluster_no_merge_spatial_flow_belief_memory_h10_final_0007,1,inflight_nominal,inflight_stable,lift_dwell_arc,primvar_lift_dwell_arc_transition_object_3ff3f3ca3c62,baseline_and_memory_winner_match,True,primvar_lift_dwell_arc_transition_object_3ff3f3ca3c62,primvar_lift_dwell_arc_transition_object_3ff3f3ca3c62,0.0,0.0,0.03,0.0,1.0,-0.000227890087133,-0.000227890087133,0.0,0.0,0.0967008326812241,0.4594578810502139,0.0091891576210042,0.0,0.1,0.2,0.0,0.0,7,0,0.903299167318776,0.4594578810502139,decision_level_baseline_vs_candidate_path_memory_gap_audit,outer_loop_spatial_flow_belief_safe_explore_exploit_memory_v2_2
no_cluster_no_merge,spatial_flow_belief_memory_h10,10,final_heldout,7,r10_l7_full_domain_randomisation_arena_wide_training,r10_l7_full_domain_randomisation_arena_wide_training,r10_no_cluster_no_merge_spatial_flow_belief_memory_h10_final_0007,2,inflight_nominal,inflight_stable,lift_dwell_arc,primvar_lift_dwell_arc_transition_object_3ff3f3ca3c62,baseline_and_memory_winner_match,True,primvar_lift_dwell_arc_transition_object_3ff3f3ca3c62,primvar_lift_dwell_arc_transition_object_3ff3f3ca3c62,0.0,0.0,0.03,0.0,1.0,-0.0002406125451106,-0.0002406125451106,0.0,0.0,0.0611968663706579,0.4958471289183044,0.009916942578366,0.0,0.1,0.2,0.0,0.0,7,0,0.938803133629342,0.4958471289183044,decision_level_baseline_vs_candidate_path_memory_gap_audit,outer_loop_spatial_flow_belief_safe_explore_exploit_memory_v2_2
no_cluster_no_merge,spatial_flow_belief_memory_h10,10,final_heldout,7,r10_l7_full_domain_randomisation_arena_wide_training,r10_l7_full_domain_randomisation_arena_wide_training,r10_no_cluster_no_merge_spatial_flow_belief_memory_h10_final_0007,3,inflight_nominal,inflight_stable,lift_dwell_arc,primvar_lift_dwell_arc_transition_object_f5212e7a8993,baseline_and_memory_winner_match,True,primvar_lift_dwell_arc_transition_object_f5212e7a8993,primvar_lift_dwell_arc_transition_object_f5212e7a8993,0.0,0.0,0.03,0.0,1.0,-0.0003772425456101,-0.0003772425456101,0.0,0.0,0.0775100162104892,0.5522233342415118,0.0110444666848302,0.0,0.1,0.2,0.0,0.0,7,0,0.9224899837895107,0.5522233342415118,decision_level_baseline_vs_candidate_path_memory_gap_audit,outer_loop_spatial_flow_belief_safe_explore_exploit_memory_v2_2
no_cluster_no_merge,spatial_flow_belief_memory_h10,10,final_heldout,7,r10_l7_full_domain_randomisation_arena_wide_training,r10_l7_full_domain_randomisation_arena_wide_training,r10_no_cluster_no_merge_spatial_flow_belief_memory_h10_final_0007,4,inflight_nominal,inflight_stable,lift_dwell_arc,primvar_lift_dwell_arc_transition_object_f5212e7a8993,baseline_and_memory_winner_match,True,primvar_lift_dwell_arc_transition_object_f5212e7a8993,primvar_lift_dwell_arc_transition_object_f5212e7a8993,0.0,0.0,0.03,0.0,1.0,-0.0002741272093833,-0.0002741272093833,0.0,0.0,0.0447823704421904,0.6017178873570265,0.0120343577471405,0.0,0.1,0.2,0.0,0.0,7,0,0.9552176295578096,0.6017178873570265,decision_level_baseline_vs_candidate_path_memory_gap_audit,outer_loop_spatial_flow_belief_safe_explore_exploit_memory_v2_2
no_cluster_no_merge,spatial_flow_belief_memory_h10,10,final_heldout,7,r10_l7_full_domain_randomisation_arena_wide_training,r10_l7_full_domain_randomisation_arena_wide_training,r10_no_cluster_no_merge_spatial_flow_belief_memory_h10_final_0007,5,inflight_nominal,inflight_stable,lift_dwell_arc,primvar_lift_dwell_arc_transition_object_f5212e7a8993,baseline_and_memory_winner_match,True,primvar_lift_dwell_arc_transition_object_f5212e7a8993,primvar_lift_dwell_arc_transition_object_f5212e7a8993,0.0,0.0,0.03,0.0,1.0,-0.0003680417738785,-0.0003680417738785,0.0,0.0,0.0709459240317401,0.6196786803651915,0.0123935736073038,0.0,0.1,0.2,0.0,0.0,7,0,0.9290540759682598,0.6196786803651915,decision_level_baseline_vs_candidate_path_memory_gap_audit,outer_loop_spatial_flow_belief_safe_explore_exploit_memory_v2_2
no_cluster_no_merge,spatial_flow_belief_memory_h10,10,final_heldout,7,r10_l7_full_domain_randomisation_arena_wide_training,r10_l7_full_domain_randomisation_arena_wide_training,r10_no_cluster_no_merge_spatial_flow_belief_memory_h10_final_0007,6,inflight_nominal,inflight_stable,lift_dwell_arc,primvar_lift_dwell_arc_transition_object_f5212e7a8993,baseline_and_memory_winner_match,True,primvar_lift_dwell_arc_transition_object_f5212e7a8993,primvar_lift_dwell_arc_transition_object_f5212e7a8993,0.0,0.0,0.03,0.0,1.0,-0.0003353451109426,-0.0003353451109426,0.0,0.0,0.0526140388130066,0.673939466063849,0.0134787893212769,0.0,0.1,0.2,0.0,0.0,7,0,0.9473859611869934,0.673939466063849,decision_level_baseline_vs_candidate_path_memory_gap_audit,outer_loop_spatial_flow_belief_safe_explore_exploit_memory_v2_2
no_cluster_no_merge,spatial_flow_belief_memory_h10,10,final_heldout,7,r10_l7_full_domain_randomisation_arena_wide_training,r10_l7_full_domain_randomisation_arena_wide_training,r10_no_cluster_no_merge_spatial_flow_belief_memory_h10_final_0007,7,inflight_nominal,inflight_stable,lift_dwell_arc,primvar_lift_dwell_arc_transition_object_f5212e7a8993,baseline_and_memory_winner_match,True,primvar_lift_dwell_arc_transition_object_f5212e7a8993,primvar_lift_dwell_arc_transition_object_f5212e7a8993,0.0,0.0,0.03,0.0,1.0,-0.0004104851762671,-0.0004104851762671,0.0,0.0,0.0414680930847565,0.7342564906367779,0.0146851298127355,0.0,0.1,0.2,0.0,0.0,7,0,0.9585319069152434,0.7342564906367779,decision_level_baseline_vs_candidate_path_memory_gap_audit,outer_loop_spatial_flow_belief_safe_explore_exploit_memory_v2_2
no_cluster_no_merge,spatial_flow_belief_memory_h10,10,final_heldout,7,r10_l7_full_domain_randomisation_arena_wide_training,r10_l7_full_domain_randomisation_arena_wide_training,r10_no_cluster_no_merge_spatial_flow_belief_memory_h10_final_0007,8,inflight_nominal,inflight_stable,lift_dwell_arc,primvar_lift_dwell_arc_transition_object_f5212e7a8993,baseline_and_memory_winner_match,True,primvar_lift_dwell_arc_transition_object_f5212e7a8993,primvar_lift_dwell_arc_transition_object_f5212e7a8993,0.0,0.0,0.03,0.0,1.0,-0.0003928994931212,-0.0003928994931212,0.0,0.0,0.0361692439932878,0.8055268867645896,0.0161105377352917,0.0,0.1,0.2,0.0,0.0,5,0,0.963830756006712,0.8055268867645896,decision_level_baseline_vs_candidate_path_memory_gap_audit,outer_loop_spatial_flow_belief_safe_explore_exploit_memory_v2_2
no_cluster_no_merge,spatial_flow_belief_memory_h10,10,final_heldout,7,r10_l7_full_domain_randomisation_arena_wide_training,r10_l7_full_domain_randomisation_arena_wide_training,r10_no_cluster_no_merge_spatial_flow_belief_memory_h10_final_0007,9,inflight_boundary_near,boundary_near,energy_retaining_bank,primvar_energy_retaining_bank_transition_object_444a6c5eb99a,baseline_and_memory_winner_match,True,primvar_energy_retaining_bank_transition_object_444a6c5eb99a,primvar_energy_retaining_bank_transition_object_444a6c5eb99a,0.0,0.0,0.03,0.0,1.0,-0.0004309744663038,-0.0004309744663038,0.0,0.0,0.0378237174016133,0.8973958632486352,0.0179479172649727,0.0,0.1,0.2,0.0,0.0,0,0,0.9621762825983868,0.8973958632486352,decision_level_baseline_vs_candidate_path_memory_gap_audit,outer_loop_spatial_flow_belief_safe_explore_exploit_memory_v2_2
no_cluster_no_merge,spatial_flow_belief_memory_h10,10,final_heldout,7,r10_l7_full_domain_randomisation_arena_wide_training,r10_l7_full_domain_randomisation_arena_wide_training,r10_no_cluster_no_merge_spatial_flow_belief_memory_h10_final_0007,10,inflight_boundary_near,boundary_near,,,,False,,,0.0,0.0,0.0,0.0,0.0,0.0,0.0,0.0,0.0,0.0,1.0,0.0,0.0,0.0,0.0,0.0,0.0,0,0,0.0,0.0,decision_level_baseline_vs_candidate_path_memory_gap_audit,outer_loop_spatial_flow_belief_safe_explore_exploit_memory_v2_2
no_cluster_no_merge,spatial_flow_belief_memory_h10,10,final_heldout,8,r10_l7_full_domain_randomisation_arena_wide_training,r10_l7_full_domain_randomisation_arena_wide_training,r10_no_cluster_no_merge_spatial_flow_belief_memory_h10_final_0008,0,launch_gate,launch_gate,mild_turn_left,primvar_mild_turn_left_transition_object_1bbffe24d4e9,baseline_and_memory_winner_match,True,primvar_mild_turn_left_transition_object_1bbffe24d4e9,primvar_mild_turn_left_transition_object_1bbffe24d4e9,0.0,0.0,0.03,0.0,1.0,0.0002593123644178,0.0002593123644178,0.0,0.0,0.0136880711075412,0.5261629634802684,0.0105232592696053,0.0,0.1,0.2,0.0023589030544152,0.1823641299421314,7,4,0.9863119288924588,0.5261629634802684,decision_level_baseline_vs_candidate_path_memory_gap_audit,outer_loop_spatial_flow_belief_safe_explore_exploit_memory_v2_2
no_cluster_no_merge,spatial_flow_belief_memory_h10,10,final_heldout,8,r10_l7_full_domain_randomisation_arena_wide_training,r10_l7_full_domain_randomisation_arena_wide_training,r10_no_cluster_no_merge_spatial_flow_belief_memory_h10_final_0008,1,inflight_nominal,inflight_stable,recovery,primvar_recovery_transition_object_4268876749b8,baseline_and_memory_winner_match,True,primvar_recovery_transition_object_4268876749b8,primvar_recovery_transition_object_4268876749b8,0.0,0.0,0.03,0.0,1.0,1.7337136603901016e-05,1.7337136603901016e-05,0.0,0.0,0.053670084053175,0.5215457139248384,0.0104309142784967,0.0,0.1,0.2,0.0,0.0,7,0,0.9463299159468248,0.5215457139248384,decision_level_baseline_vs_candidate_path_memory_gap_audit,outer_loop_spatial_flow_belief_safe_explore_exploit_memory_v2_2
no_cluster_no_merge,spatial_flow_belief_memory_h10,10,final_heldout,8,r10_l7_full_domain_randomisation_arena_wide_training,r10_l7_full_domain_randomisation_arena_wide_training,r10_no_cluster_no_merge_spatial_flow_belief_memory_h10_final_0008,2,inflight_nominal,inflight_stable,recovery,primvar_recovery_transition_object_4268876749b8,baseline_and_memory_winner_match,True,primvar_recovery_transition_object_4268876749b8,primvar_recovery_transition_object_4268876749b8,0.0,0.0,0.03,0.0,1.0,-0.0001136256045679,-0.0001136256045679,0.0,0.0,0.0383248325264353,0.5558753678991715,0.0111175073579834,0.0,0.1,0.2,0.0,0.0,7,0,0.9616751674735646,0.5558753678991715,decision_level_baseline_vs_candidate_path_memory_gap_audit,outer_loop_spatial_flow_belief_safe_explore_exploit_memory_v2_2
no_cluster_no_merge,spatial_flow_belief_memory_h10,10,final_heldout,8,r10_l7_full_domain_randomisation_arena_wide_training,r10_l7_full_domain_randomisation_arena_wide_training,r10_no_cluster_no_merge_spatial_flow_belief_memory_h10_final_0008,3,inflight_nominal,inflight_stable,recovery,primvar_recovery_transition_object_4268876749b8,baseline_and_memory_winner_match,True,primvar_recovery_transition_object_4268876749b8,primvar_recovery_transition_object_4268876749b8,0.0,0.0,0.03,0.0,1.0,-0.0001632775441187,-0.0001632775441187,0.0,0.0,0.0369574917757507,0.5892213000374276,0.0117844260007485,0.0,0.1,0.2,0.0,0.0,7,0,0.9630425082242492,0.5892213000374276,decision_level_baseline_vs_candidate_path_memory_gap_audit,outer_loop_spatial_flow_belief_safe_explore_exploit_memory_v2_2
no_cluster_no_merge,spatial_flow_belief_memory_h10,10,final_heldout,8,r10_l7_full_domain_randomisation_arena_wide_training,r10_l7_full_domain_randomisation_arena_wide_training,r10_no_cluster_no_merge_spatial_flow_belief_memory_h10_final_0008,4,inflight_recovery_edge,recoverable_degraded,safe_exit_or_recovery_handoff,primvar_safe_exit_or_recovery_handoff_transition_object_54443200afd9,baseline_and_memory_winner_match,True,primvar_safe_exit_or_recovery_handoff_transition_object_54443200afd9,primvar_safe_exit_or_recovery_handoff_transition_object_54443200afd9,0.0,0.0,0.03,0.0,1.0,-0.0001600747914092,-0.0001600747914092,0.0,0.0,0.0311277035547685,0.6353815412805364,0.0127076308256107,0.0,0.1,0.2,0.0,0.0,7,0,0.9688722964452314,0.6353815412805364,decision_level_baseline_vs_candidate_path_memory_gap_audit,outer_loop_spatial_flow_belief_safe_explore_exploit_memory_v2_2
no_cluster_no_merge,spatial_flow_belief_memory_h10,10,final_heldout,8,r10_l7_full_domain_randomisation_arena_wide_training,r10_l7_full_domain_randomisation_arena_wide_training,r10_no_cluster_no_merge_spatial_flow_belief_memory_h10_final_0008,5,inflight_nominal,inflight_stable,lift_entry,primvar_lift_entry_transition_object_a65393bbc7f9,baseline_and_memory_winner_match,True,primvar_lift_entry_transition_object_a65393bbc7f9,primvar_lift_entry_transition_object_a65393bbc7f9,0.0,0.0,0.03,0.0,1.0,-0.0002317475122368,-0.0002317475122368,0.0,0.0,0.03414938396458,0.7399024517534091,0.0147980490350681,0.0,0.1,0.2,0.0,0.0,7,0,0.96585061603542,0.7399024517534091,decision_level_baseline_vs_candidate_path_memory_gap_audit,outer_loop_spatial_flow_belief_safe_explore_exploit_memory_v2_2
no_cluster_no_merge,spatial_flow_belief_memory_h10,10,final_heldout,8,r10_l7_full_domain_randomisation_arena_wide_training,r10_l7_full_domain_randomisation_arena_wide_training,r10_no_cluster_no_merge_spatial_flow_belief_memory_h10_final_0008,6,inflight_nominal,inflight_stable,lift_entry,primvar_lift_entry_transition_object_a65393bbc7f9,baseline_and_memory_winner_match,True,primvar_lift_entry_transition_object_a65393bbc7f9,primvar_lift_entry_transition_object_a65393bbc7f9,0.0,0.0,0.03,0.0,1.0,-0.0002671239886948,-0.0002671239886948,0.0,0.0,0.0381042358075571,0.8071901031418726,0.0161438020628374,0.0,0.1,0.2,0.0,0.0,4,0,0.9618957641924428,0.8071901031418726,decision_level_baseline_vs_candidate_path_memory_gap_audit,outer_loop_spatial_flow_belief_safe_explore_exploit_memory_v2_2
no_cluster_no_merge,spatial_flow_belief_memory_h10,10,final_heldout,8,r10_l7_full_domain_randomisation_arena_wide_training,r10_l7_full_domain_randomisation_arena_wide_training,r10_no_cluster_no_merge_spatial_flow_belief_memory_h10_final_0008,7,inflight_nominal,inflight_stable,lift_entry,primvar_lift_entry_transition_object_a65393bbc7f9,baseline_and_memory_winner_match,True,primvar_lift_entry_transition_object_a65393bbc7f9,primvar_lift_entry_transition_object_a65393bbc7f9,0.0,0.0,0.03,0.0,1.0,-0.0002828016452236,-0.0002828016452236,0.0,0.0,0.0383980865900125,0.9006872543587736,0.0180137450871754,0.0,0.1,0.2,0.0,0.0,0,0,0.9616019134099876,0.9006872543587736,decision_level_baseline_vs_candidate_path_memory_gap_audit,outer_loop_spatial_flow_belief_safe_explore_exploit_memory_v2_2
no_cluster_no_merge,spatial_flow_belief_memory_h10,10,final_heldout,8,r10_l7_full_domain_randomisation_arena_wide_training,r10_l7_full_domain_randomisation_arena_wide_training,r10_no_cluster_no_merge_spatial_flow_belief_memory_h10_final_0008,8,inflight_nominal,inflight_stable,lift_entry,primvar_lift_entry_transition_object_a65393bbc7f9,baseline_and_memory_winner_match,True,primvar_lift_entry_transition_object_a65393bbc7f9,primvar_lift_entry_transition_object_a65393bbc7f9,0.0,0.0,0.03,0.0,1.0,-0.0004271782718292,-0.0004271782718292,0.0,0.0,0.0434455349427016,0.9565544650572984,0.0191310893011459,0.0,0.1,0.2,0.0,0.0,0,0,0.9565544650572984,0.9565544650572984,decision_level_baseline_vs_candidate_path_memory_gap_audit,outer_loop_spatial_flow_belief_safe_explore_exploit_memory_v2_2
no_cluster_no_merge,spatial_flow_belief_memory_h10,10,final_heldout,8,r10_l7_full_domain_randomisation_arena_wide_training,r10_l7_full_domain_randomisation_arena_wide_training,r10_no_cluster_no_merge_spatial_flow_belief_memory_h10_final_0008,9,inflight_boundary_near,boundary_near,mild_turn_left,primvar_mild_turn_left_transition_object_dce8f75ea53c,baseline_and_memory_winner_match,True,primvar_mild_turn_left_transition_object_dce8f75ea53c,primvar_mild_turn_left_transition_object_dce8f75ea53c,0.0,0.0,0.03,0.0,1.0,-0.0002982669690632,-0.0002982669690632,0.0,0.0,0.0394435405616383,0.9605564594383617,0.0192111291887672,0.0,0.1,0.2,0.0,0.0,0,0,0.9605564594383617,0.9605564594383617,decision_level_baseline_vs_candidate_path_memory_gap_audit,outer_loop_spatial_flow_belief_safe_explore_exploit_memory_v2_2
no_cluster_no_merge,spatial_flow_belief_memory_h10,10,final_heldout,8,r10_l7_full_domain_randomisation_arena_wide_training,r10_l7_full_domain_randomisation_arena_wide_training,r10_no_cluster_no_merge_spatial_flow_belief_memory_h10_final_0008,10,inflight_boundary_near,boundary_near,energy_retaining_bank,primvar_energy_retaining_bank_transition_object_4ba16dc62b26,baseline_and_memory_winner_match,True,primvar_energy_retaining_bank_transition_object_4ba16dc62b26,primvar_energy_retaining_bank_transition_object_4ba16dc62b26,0.0,0.0,0.03,0.0,1.0,-0.0002794174311149,-0.0002794174311149,0.0,0.0,0.043971376759611,0.956028623240389,0.0191205724648077,0.0,0.1,0.2,0.0,0.0,0,0,0.956028623240389,0.956028623240389,decision_level_baseline_vs_candidate_path_memory_gap_audit,outer_loop_spatial_flow_belief_safe_explore_exploit_memory_v2_2
no_cluster_no_merge,spatial_flow_belief_memory_h10,10,final_heldout,8,r10_l7_full_domain_randomisation_arena_wide_training,r10_l7_full_domain_randomisation_arena_wide_training,r10_no_cluster_no_merge_spatial_flow_belief_memory_h10_final_0008,11,inflight_boundary_near,boundary_near,mild_turn_left,primvar_mild_turn_left_transition_object_dce8f75ea53c,baseline_and_memory_winner_match,True,primvar_mild_turn_left_transition_object_dce8f75ea53c,primvar_mild_turn_left_transition_object_dce8f75ea53c,0.0,0.0,0.03,0.0,1.0,-0.0002339136722042,-0.0002339136722042,0.0,0.0,0.0343525227332935,0.9656474772667064,0.0193129495453341,0.0,0.1,0.2,0.0,0.0,0,0,0.9656474772667064,0.9656474772667064,decision_level_baseline_vs_candidate_path_memory_gap_audit,outer_loop_spatial_flow_belief_safe_explore_exploit_memory_v2_2
no_cluster_no_merge,spatial_flow_belief_memory_h10,10,final_heldout,9,r10_l7_full_domain_randomisation_arena_wide_training,r10_l7_full_domain_randomisation_arena_wide_training,r10_no_cluster_no_merge_spatial_flow_belief_memory_h10_final_0009,0,launch_gate,launch_gate,mild_turn_right,primvar_mild_turn_right_transition_object_800116bd9d08,baseline_and_memory_winner_match,True,primvar_mild_turn_right_transition_object_800116bd9d08,primvar_mild_turn_right_transition_object_800116bd9d08,0.0,0.0,0.03,0.0,1.0,5.5599826827679166e-05,5.5599826827679166e-05,0.0,0.0,0.0122095808266748,0.6625390925162705,0.0132507818503254,0.0,0.1,0.2,0.0,0.0,7,0,0.9877904191733252,0.6625390925162705,decision_level_baseline_vs_candidate_path_memory_gap_audit,outer_loop_spatial_flow_belief_safe_explore_exploit_memory_v2_2
no_cluster_no_merge,spatial_flow_belief_memory_h10,10,final_heldout,9,r10_l7_full_domain_randomisation_arena_wide_training,r10_l7_full_domain_randomisation_arena_wide_training,r10_no_cluster_no_merge_spatial_flow_belief_memory_h10_final_0009,1,inflight_boundary_near,boundary_near,lift_dwell_arc,primvar_lift_dwell_arc_transition_object_dc88f167daff,baseline_and_memory_winner_match,True,primvar_lift_dwell_arc_transition_object_dc88f167daff,primvar_lift_dwell_arc_transition_object_dc88f167daff,0.0,0.0,0.03,0.0,1.0,0.0001220512299824,0.0001220512299824,0.0,0.0,0.0358464777546271,0.69587509584885,0.013917501916977,0.0,0.1,0.2,0.0,0.0,7,0,0.9641535222453728,0.69587509584885,decision_level_baseline_vs_candidate_path_memory_gap_audit,outer_loop_spatial_flow_belief_safe_explore_exploit_memory_v2_2
no_cluster_no_merge,spatial_flow_belief_memory_h10,10,final_heldout,9,r10_l7_full_domain_randomisation_arena_wide_training,r10_l7_full_domain_randomisation_arena_wide_training,r10_no_cluster_no_merge_spatial_flow_belief_memory_h10_final_0009,2,inflight_boundary_near,boundary_near,lift_dwell_arc,primvar_lift_dwell_arc_transition_object_dc88f167daff,baseline_and_memory_winner_match,True,primvar_lift_dwell_arc_transition_object_dc88f167daff,primvar_lift_dwell_arc_transition_object_dc88f167daff,0.0,0.0,0.03,0.0,1.0,9.832192308589782e-05,9.832192308589782e-05,0.0,0.0,0.0302223886213282,0.7671880269604707,0.0153437605392094,0.0,0.1,0.2,0.0,0.0,7,0,0.9697776113786718,0.7671880269604707,decision_level_baseline_vs_candidate_path_memory_gap_audit,outer_loop_spatial_flow_belief_safe_explore_exploit_memory_v2_2
no_cluster_no_merge,spatial_flow_belief_memory_h10,10,final_heldout,9,r10_l7_full_domain_randomisation_arena_wide_training,r10_l7_full_domain_randomisation_arena_wide_training,r10_no_cluster_no_merge_spatial_flow_belief_memory_h10_final_0009,3,inflight_boundary_near,boundary_near,lift_dwell_arc,primvar_lift_dwell_arc_transition_object_dc88f167daff,baseline_and_memory_winner_match,True,primvar_lift_dwell_arc_transition_object_dc88f167daff,primvar_lift_dwell_arc_transition_object_dc88f167daff,0.0,0.0,0.03,0.0,1.0,-0.000118078905644,-0.000118078905644,0.0,0.0,0.0386018277231962,0.8480221067382216,0.0169604421347644,0.0,0.1,0.2,0.0,0.0,4,0,0.9613981722768038,0.8480221067382216,decision_level_baseline_vs_candidate_path_memory_gap_audit,outer_loop_spatial_flow_belief_safe_explore_exploit_memory_v2_2
no_cluster_no_merge,spatial_flow_belief_memory_h10,10,final_heldout,9,r10_l7_full_domain_randomisation_arena_wide_training,r10_l7_full_domain_randomisation_arena_wide_training,r10_no_cluster_no_merge_spatial_flow_belief_memory_h10_final_0009,4,inflight_boundary_near,boundary_near,energy_retaining_bank,primvar_energy_retaining_bank_transition_object_59f915f98b46,baseline_and_memory_winner_match,True,primvar_energy_retaining_bank_transition_object_59f915f98b46,primvar_energy_retaining_bank_transition_object_59f915f98b46,0.0,0.0,0.03,0.0,1.0,-0.0002468663241952,-0.0002468663241952,0.0,0.0,0.0343417475534957,0.9656582524465044,0.01931316504893,0.0,0.1,0.2,0.0,0.0,0,0,0.9656582524465044,0.9656582524465044,decision_level_baseline_vs_candidate_path_memory_gap_audit,outer_loop_spatial_flow_belief_safe_explore_exploit_memory_v2_2
no_cluster_no_merge,spatial_flow_belief_memory_h10,10,final_heldout,9,r10_l7_full_domain_randomisation_arena_wide_training,r10_l7_full_domain_randomisation_arena_wide_training,r10_no_cluster_no_merge_spatial_flow_belief_memory_h10_final_0009,5,inflight_boundary_near,boundary_near,energy_retaining_bank,primvar_energy_retaining_bank_transition_object_59f915f98b46,baseline_and_memory_winner_match,True,primvar_energy_retaining_bank_transition_object_59f915f98b46,primvar_energy_retaining_bank_transition_object_59f915f98b46,0.0,0.0,0.03,0.0,1.0,-0.0002624740984691,-0.0002624740984691,0.0,0.0,0.0324082231160807,0.9675917768839192,0.0193518355376783,0.0,0.1,0.2,0.0,0.0,0,0,0.9675917768839192,0.9675917768839192,decision_level_baseline_vs_candidate_path_memory_gap_audit,outer_loop_spatial_flow_belief_safe_explore_exploit_memory_v2_2
no_cluster_no_merge,spatial_flow_belief_memory_h10,10,final_heldout,9,r10_l7_full_domain_randomisation_arena_wide_training,r10_l7_full_domain_randomisation_arena_wide_training,r10_no_cluster_no_merge_spatial_flow_belief_memory_h10_final_0009,6,inflight_boundary_near,boundary_near,energy_retaining_bank,primvar_energy_retaining_bank_transition_object_59f915f98b46,baseline_and_memory_winner_match,True,primvar_energy_retaining_bank_transition_object_59f915f98b46,primvar_energy_retaining_bank_transition_object_59f915f98b46,0.0,0.0,0.03,0.0,1.0,-0.0002430166045479,-0.0002430166045479,0.0,0.0,0.0322567738904759,0.967743226109524,0.0193548645221904,0.0,0.1,0.2,0.0,0.0,0,0,0.967743226109524,0.967743226109524,decision_level_baseline_vs_candidate_path_memory_gap_audit,outer_loop_spatial_flow_belief_safe_explore_exploit_memory_v2_2
no_cluster_no_merge,spatial_flow_belief_memory_h10,10,final_heldout,9,r10_l7_full_domain_randomisation_arena_wide_training,r10_l7_full_domain_randomisation_arena_wide_training,r10_no_cluster_no_merge_spatial_flow_belief_memory_h10_final_0009,7,inflight_boundary_near,boundary_near,energy_retaining_bank,primvar_energy_retaining_bank_transition_object_59f915f98b46,baseline_and_memory_winner_match,True,primvar_energy_retaining_bank_transition_object_59f915f98b46,primvar_energy_retaining_bank_transition_object_59f915f98b46,0.0,0.0,0.03,0.0,1.0,-0.0002650508676975,-0.0002650508676975,0.0,0.0,0.0392681804093032,0.9607318195906968,0.0192146363918139,0.0,0.1,0.2,0.0,0.0,0,0,0.9607318195906968,0.9607318195906968,decision_level_baseline_vs_candidate_path_memory_gap_audit,outer_loop_spatial_flow_belief_safe_explore_exploit_memory_v2_2
no_cluster_no_merge,spatial_flow_belief_memory_h10,10,final_heldout,9,r10_l7_full_domain_randomisation_arena_wide_training,r10_l7_full_domain_randomisation_arena_wide_training,r10_no_cluster_no_merge_spatial_flow_belief_memory_h10_final_0009,8,inflight_boundary_near,boundary_near,safe_exit_or_recovery_handoff,primvar_safe_exit_or_recovery_handoff_transition_object_989fb41df8c2,baseline_and_memory_winner_match,True,primvar_safe_exit_or_recovery_handoff_transition_object_989fb41df8c2,primvar_safe_exit_or_recovery_handoff_transition_object_989fb41df8c2,0.0,0.0,0.03,0.0,1.0,-0.0001935393632559,-0.0001935393632559,0.0,0.0,0.060773530981493,0.9392264690185068,0.0187845293803701,0.0,0.1,0.2,0.0,0.0,0,0,0.9392264690185068,0.9392264690185068,decision_level_baseline_vs_candidate_path_memory_gap_audit,outer_loop_spatial_flow_belief_safe_explore_exploit_memory_v2_2
no_cluster_no_merge,spatial_flow_belief_memory_h30,30,final_heldout,1,r10_l7_full_domain_randomisation_arena_wide_training,r10_l7_full_domain_randomisation_arena_wide_training,r10_no_cluster_no_merge_spatial_flow_belief_memory_h30_final_0001,0,launch_gate,launch_gate,mild_turn_left,primvar_mild_turn_left_transition_object_dab2e653a49b,baseline_and_memory_winner_match,True,primvar_mild_turn_left_transition_object_dab2e653a49b,primvar_mild_turn_left_transition_object_dab2e653a49b,0.0,0.0,0.03,0.0,1.0,3.3369399799809685e-05,3.3369399799809685e-05,0.0,0.0,0.0327569223941693,0.5776259811727528,0.011552519623455,0.0,0.1,0.2,0.0,0.0,7,0,0.9672430776058306,0.5776259811727528,decision_level_baseline_vs_candidate_path_memory_gap_audit,outer_loop_spatial_flow_belief_safe_explore_exploit_memory_v2_2
no_cluster_no_merge,spatial_flow_belief_memory_h30,30,final_heldout,1,r10_l7_full_domain_randomisation_arena_wide_training,r10_l7_full_domain_randomisation_arena_wide_training,r10_no_cluster_no_merge_spatial_flow_belief_memory_h30_final_0001,1,inflight_nominal,inflight_stable,lift_entry,primvar_lift_entry_transition_object_a65393bbc7f9,baseline_and_memory_winner_match,True,primvar_lift_entry_transition_object_a65393bbc7f9,primvar_lift_entry_transition_object_a65393bbc7f9,0.0,0.0,0.03,0.0,1.0,9.3167497152713e-05,9.3167497152713e-05,0.0,0.0,0.0801153526487985,0.5403320956754883,0.0108066419135097,0.0,0.1,0.2,0.0,0.0,7,0,0.9198846473512016,0.5403320956754883,decision_level_baseline_vs_candidate_path_memory_gap_audit,outer_loop_spatial_flow_belief_safe_explore_exploit_memory_v2_2
no_cluster_no_merge,spatial_flow_belief_memory_h30,30,final_heldout,1,r10_l7_full_domain_randomisation_arena_wide_training,r10_l7_full_domain_randomisation_arena_wide_training,r10_no_cluster_no_merge_spatial_flow_belief_memory_h30_final_0001,2,inflight_recovery_edge,recoverable_degraded,safe_exit_or_recovery_handoff,primvar_safe_exit_or_recovery_handoff_transition_object_eb5ec1f84c14,baseline_and_memory_winner_match,True,primvar_safe_exit_or_recovery_handoff_transition_object_eb5ec1f84c14,primvar_safe_exit_or_recovery_handoff_transition_object_eb5ec1f84c14,0.0,0.0,0.03,0.0,1.0,-1.1431666356503944e-05,-1.1431666356503944e-05,0.0,0.0,0.0800000000001385,0.5680047697008226,0.0113600953940164,0.0,0.1,0.2,0.0,0.0,7,0,0.9199999999998614,0.5680047697008226,decision_level_baseline_vs_candidate_path_memory_gap_audit,outer_loop_spatial_flow_belief_safe_explore_exploit_memory_v2_2
no_cluster_no_merge,spatial_flow_belief_memory_h30,30,final_heldout,1,r10_l7_full_domain_randomisation_arena_wide_training,r10_l7_full_domain_randomisation_arena_wide_training,r10_no_cluster_no_merge_spatial_flow_belief_memory_h30_final_0001,3,inflight_nominal,inflight_stable,lift_entry,primvar_lift_entry_transition_object_a65393bbc7f9,baseline_and_memory_winner_match,True,primvar_lift_entry_transition_object_a65393bbc7f9,primvar_lift_entry_transition_object_a65393bbc7f9,0.0,0.0,0.03,0.0,1.0,-9.538523824526024e-05,-9.538523824526024e-05,0.0,0.0,0.0800000000001334,0.612644517707528,0.0122528903541505,0.0,0.1,0.2,0.0,0.0,7,0,0.9199999999998666,0.612644517707528,decision_level_baseline_vs_candidate_path_memory_gap_audit,outer_loop_spatial_flow_belief_safe_explore_exploit_memory_v2_2
no_cluster_no_merge,spatial_flow_belief_memory_h30,30,final_heldout,1,r10_l7_full_domain_randomisation_arena_wide_training,r10_l7_full_domain_randomisation_arena_wide_training,r10_no_cluster_no_merge_spatial_flow_belief_memory_h30_final_0001,4,inflight_recovery_edge,recoverable_degraded,safe_exit_or_recovery_handoff,primvar_safe_exit_or_recovery_handoff_transition_object_89fe6c2843f5,baseline_and_memory_winner_match,True,primvar_safe_exit_or_recovery_handoff_transition_object_89fe6c2843f5,primvar_safe_exit_or_recovery_handoff_transition_object_89fe6c2843f5,0.0,0.0,0.03,0.0,1.0,-0.0001486398458195,-0.0001486398458195,0.0,0.0,0.0340102565707538,0.745004959834854,0.014900099196697,0.0,0.1,0.2,0.0,0.0,7,0,0.9659897434292462,0.745004959834854,decision_level_baseline_vs_candidate_path_memory_gap_audit,outer_loop_spatial_flow_belief_safe_explore_exploit_memory_v2_2
no_cluster_no_merge,spatial_flow_belief_memory_h30,30,final_heldout,1,r10_l7_full_domain_randomisation_arena_wide_training,r10_l7_full_domain_randomisation_arena_wide_training,r10_no_cluster_no_merge_spatial_flow_belief_memory_h30_final_0001,5,inflight_recovery_edge,recoverable_degraded,safe_exit_or_recovery_handoff,primvar_safe_exit_or_recovery_handoff_transition_object_89fe6c2843f5,baseline_and_memory_winner_match,True,primvar_safe_exit_or_recovery_handoff_transition_object_89fe6c2843f5,primvar_safe_exit_or_recovery_handoff_transition_object_89fe6c2843f5,0.0,0.0,0.03,0.0,1.0,-0.0003185640539076,-0.0003185640539076,0.0,0.0,0.0597064775065596,0.8015779205308914,0.0160315584106178,0.0,0.1,0.2,0.0,0.0,5,0,0.9402935224934404,0.8015779205308914,decision_level_baseline_vs_candidate_path_memory_gap_audit,outer_loop_spatial_flow_belief_safe_explore_exploit_memory_v2_2
no_cluster_no_merge,spatial_flow_belief_memory_h30,30,final_heldout,1,r10_l7_full_domain_randomisation_arena_wide_training,r10_l7_full_domain_randomisation_arena_wide_training,r10_no_cluster_no_merge_spatial_flow_belief_memory_h30_final_0001,6,inflight_recovery_edge,recoverable_degraded,safe_exit_or_recovery_handoff,primvar_safe_exit_or_recovery_handoff_transition_object_89fe6c2843f5,baseline_and_memory_winner_match,True,primvar_safe_exit_or_recovery_handoff_transition_object_89fe6c2843f5,primvar_safe_exit_or_recovery_handoff_transition_object_89fe6c2843f5,0.0,0.0,0.03,0.0,1.0,-0.0002175914758611,-0.0002175914758611,0.0,0.0,0.0432475362543102,0.9208957934940424,0.0184179158698808,0.0,0.1,0.2,0.0,0.0,0,0,0.9567524637456898,0.9208957934940424,decision_level_baseline_vs_candidate_path_memory_gap_audit,outer_loop_spatial_flow_belief_safe_explore_exploit_memory_v2_2
no_cluster_no_merge,spatial_flow_belief_memory_h30,30,final_heldout,1,r10_l7_full_domain_randomisation_arena_wide_training,r10_l7_full_domain_randomisation_arena_wide_training,r10_no_cluster_no_merge_spatial_flow_belief_memory_h30_final_0001,7,inflight_boundary_near,boundary_near,energy_retaining_bank,primvar_energy_retaining_bank_transition_object_0ab2bd05d6db,baseline_and_memory_winner_match,True,primvar_energy_retaining_bank_transition_object_0ab2bd05d6db,primvar_energy_retaining_bank_transition_object_0ab2bd05d6db,0.0,0.0,0.03,0.0,1.0,-0.0002582482790078,-0.0002582482790078,0.0,0.0,0.054054808302581,0.945945191697419,0.0189189038339483,0.0,0.1,0.2,0.0,0.0,0,0,0.945945191697419,0.945945191697419,decision_level_baseline_vs_candidate_path_memory_gap_audit,outer_loop_spatial_flow_belief_safe_explore_exploit_memory_v2_2
no_cluster_no_merge,spatial_flow_belief_memory_h30,30,final_heldout,1,r10_l7_full_domain_randomisation_arena_wide_training,r10_l7_full_domain_randomisation_arena_wide_training,r10_no_cluster_no_merge_spatial_flow_belief_memory_h30_final_0001,8,inflight_boundary_near,boundary_near,mild_turn_left,primvar_mild_turn_left_transition_object_dce8f75ea53c,baseline_and_memory_winner_match,True,primvar_mild_turn_left_transition_object_dce8f75ea53c,primvar_mild_turn_left_transition_object_dce8f75ea53c,0.0,0.0,0.03,0.0,1.0,-7.961578014636927e-05,-7.961578014636927e-05,0.0,0.0,0.0394804207088439,0.960519579291156,0.0192103915858231,0.0,0.1,0.2,0.0,0.0,0,0,0.960519579291156,0.960519579291156,decision_level_baseline_vs_candidate_path_memory_gap_audit,outer_loop_spatial_flow_belief_safe_explore_exploit_memory_v2_2
no_cluster_no_merge,spatial_flow_belief_memory_h30,30,final_heldout,1,r10_l7_full_domain_randomisation_arena_wide_training,r10_l7_full_domain_randomisation_arena_wide_training,r10_no_cluster_no_merge_spatial_flow_belief_memory_h30_final_0001,9,inflight_boundary_near,boundary_near,mild_turn_left,primvar_mild_turn_left_transition_object_dce8f75ea53c,baseline_and_memory_winner_match,True,primvar_mild_turn_left_transition_object_dce8f75ea53c,primvar_mild_turn_left_transition_object_dce8f75ea53c,0.0,0.0,0.03,0.0,1.0,-2.446767329056243e-05,-2.446767329056243e-05,0.0,0.0,0.0296961211086436,0.9703038788913564,0.0194060775778271,0.0,0.1,0.2,0.0,0.0,0,0,0.9703038788913564,0.9703038788913564,decision_level_baseline_vs_candidate_path_memory_gap_audit,outer_loop_spatial_flow_belief_safe_explore_exploit_memory_v2_2
no_cluster_no_merge,spatial_flow_belief_memory_h30,30,final_heldout,1,r10_l7_full_domain_randomisation_arena_wide_training,r10_l7_full_domain_randomisation_arena_wide_training,r10_no_cluster_no_merge_spatial_flow_belief_memory_h30_final_0001,10,inflight_boundary_near,boundary_near,mild_turn_left,primvar_mild_turn_left_transition_object_dce8f75ea53c,baseline_and_memory_winner_match,True,primvar_mild_turn_left_transition_object_dce8f75ea53c,primvar_mild_turn_left_transition_object_dce8f75ea53c,0.0,0.0,0.03,0.0,1.0,7.051918045464234e-05,7.051918045464234e-05,0.0,0.0,0.0362844838142485,0.9637155161857516,0.019274310323715,0.0,0.1,0.2,0.0,0.0,0,0,0.9637155161857516,0.9637155161857516,decision_level_baseline_vs_candidate_path_memory_gap_audit,outer_loop_spatial_flow_belief_safe_explore_exploit_memory_v2_2
no_cluster_no_merge,spatial_flow_belief_memory_h30,30,final_heldout,1,r10_l7_full_domain_randomisation_arena_wide_training,r10_l7_full_domain_randomisation_arena_wide_training,r10_no_cluster_no_merge_spatial_flow_belief_memory_h30_final_0001,11,inflight_boundary_near,boundary_near,mild_turn_left,primvar_mild_turn_left_transition_object_dce8f75ea53c,baseline_and_memory_winner_match,True,primvar_mild_turn_left_transition_object_dce8f75ea53c,primvar_mild_turn_left_transition_object_dce8f75ea53c,0.0,0.0,0.03,0.0,1.0,9.35772401822188e-05,9.35772401822188e-05,0.0,0.0,0.032490228893115,0.967509771106885,0.0193501954221377,0.0,0.1,0.2,0.0,0.0,0,0,0.967509771106885,0.967509771106885,decision_level_baseline_vs_candidate_path_memory_gap_audit,outer_loop_spatial_flow_belief_safe_explore_exploit_memory_v2_2
no_cluster_no_merge,spatial_flow_belief_memory_h30,30,final_heldout,0,r10_l7_full_domain_randomisation_arena_wide_training,r10_l7_full_domain_randomisation_arena_wide_training,r10_no_cluster_no_merge_spatial_flow_belief_memory_h30_final_0000,0,launch_gate,launch_gate,lift_dwell_arc,primvar_lift_dwell_arc_transition_object_4467119e2d78,baseline_and_memory_winner_match,True,primvar_lift_dwell_arc_transition_object_4467119e2d78,primvar_lift_dwell_arc_transition_object_4467119e2d78,0.0,0.0,0.03,0.0,1.0,7.796042210683751e-06,7.796042210683751e-06,0.0,0.0,0.0044366138992123,0.703428099456785,0.0140685619891356,0.0,0.1,0.2,1.4365599064715418e-10,2.626165733493582e-07,7,5,0.9955633861007877,0.703428099456785,decision_level_baseline_vs_candidate_path_memory_gap_audit,outer_loop_spatial_flow_belief_safe_explore_exploit_memory_v2_2
no_cluster_no_merge,spatial_flow_belief_memory_h30,30,final_heldout,0,r10_l7_full_domain_randomisation_arena_wide_training,r10_l7_full_domain_randomisation_arena_wide_training,r10_no_cluster_no_merge_spatial_flow_belief_memory_h30_final_0000,1,inflight_boundary_near,boundary_near,lift_dwell_arc,primvar_lift_dwell_arc_transition_object_cd89af02a2de,baseline_and_memory_winner_match,True,primvar_lift_dwell_arc_transition_object_cd89af02a2de,primvar_lift_dwell_arc_transition_object_cd89af02a2de,0.0,0.0,0.03,0.0,1.0,5.2877471814150034e-05,5.2877471814150034e-05,0.0,0.0,0.0803578058022482,0.7039202818738003,0.014078405637476,0.0,0.1,0.2,0.0,0.0,7,0,0.9196421941977516,0.7039202818738003,decision_level_baseline_vs_candidate_path_memory_gap_audit,outer_loop_spatial_flow_belief_safe_explore_exploit_memory_v2_2
no_cluster_no_merge,spatial_flow_belief_memory_h30,30,final_heldout,0,r10_l7_full_domain_randomisation_arena_wide_training,r10_l7_full_domain_randomisation_arena_wide_training,r10_no_cluster_no_merge_spatial_flow_belief_memory_h30_final_0000,2,inflight_boundary_near,boundary_near,lift_dwell_arc,primvar_lift_dwell_arc_transition_object_cd89af02a2de,baseline_and_memory_winner_match,True,primvar_lift_dwell_arc_transition_object_cd89af02a2de,primvar_lift_dwell_arc_transition_object_cd89af02a2de,0.0,0.0,0.03,0.0,1.0,3.972589451428643e-05,3.972589451428643e-05,0.0,0.0,0.0700188055719772,0.7824632673015888,0.0156492653460317,0.0,0.1,0.2,0.0,0.0,7,0,0.9299811944280229,0.7824632673015888,decision_level_baseline_vs_candidate_path_memory_gap_audit,outer_loop_spatial_flow_belief_safe_explore_exploit_memory_v2_2
no_cluster_no_merge,spatial_flow_belief_memory_h30,30,final_heldout,0,r10_l7_full_domain_randomisation_arena_wide_training,r10_l7_full_domain_randomisation_arena_wide_training,r10_no_cluster_no_merge_spatial_flow_belief_memory_h30_final_0000,3,inflight_boundary_near,boundary_near,lift_dwell_arc,primvar_lift_dwell_arc_transition_object_cd89af02a2de,baseline_and_memory_winner_match,True,primvar_lift_dwell_arc_transition_object_cd89af02a2de,primvar_lift_dwell_arc_transition_object_cd89af02a2de,0.0,0.0,0.03,0.0,1.0,-4.112171105519202e-05,-4.112171105519202e-05,0.0,0.0,0.0461367420957987,0.9032271346139522,0.018064542692279,0.0,0.1,0.2,0.0,0.0,0,0,0.9538632579042012,0.9032271346139522,decision_level_baseline_vs_candidate_path_memory_gap_audit,outer_loop_spatial_flow_belief_safe_explore_exploit_memory_v2_2
no_cluster_no_merge,spatial_flow_belief_memory_h30,30,final_heldout,0,r10_l7_full_domain_randomisation_arena_wide_training,r10_l7_full_domain_randomisation_arena_wide_training,r10_no_cluster_no_merge_spatial_flow_belief_memory_h30_final_0000,4,inflight_boundary_near,boundary_near,energy_retaining_bank,primvar_energy_retaining_bank_transition_object_3a8f96df7926,baseline_and_memory_winner_match,True,primvar_energy_retaining_bank_transition_object_3a8f96df7926,primvar_energy_retaining_bank_transition_object_3a8f96df7926,0.0,0.0,0.03,0.0,1.0,8.763303237069309e-06,8.763303237069309e-06,0.0,0.0,0.0335136857255511,0.9664863142744488,0.0193297262854889,0.0,0.1,0.2,0.0,0.0,0,0,0.9664863142744488,0.9664863142744488,decision_level_baseline_vs_candidate_path_memory_gap_audit,outer_loop_spatial_flow_belief_safe_explore_exploit_memory_v2_2
no_cluster_no_merge,spatial_flow_belief_memory_h30,30,final_heldout,0,r10_l7_full_domain_randomisation_arena_wide_training,r10_l7_full_domain_randomisation_arena_wide_training,r10_no_cluster_no_merge_spatial_flow_belief_memory_h30_final_0000,5,inflight_boundary_near,boundary_near,energy_retaining_bank,primvar_energy_retaining_bank_transition_object_3a8f96df7926,baseline_and_memory_winner_match,True,primvar_energy_retaining_bank_transition_object_3a8f96df7926,primvar_energy_retaining_bank_transition_object_3a8f96df7926,0.0,0.0,0.03,0.0,1.0,1.887261315891564e-06,1.887261315891564e-06,0.0,0.0,0.0346237978883959,0.965376202111604,0.019307524042232,0.0,0.1,0.2,0.0,0.0,0,0,0.965376202111604,0.965376202111604,decision_level_baseline_vs_candidate_path_memory_gap_audit,outer_loop_spatial_flow_belief_safe_explore_exploit_memory_v2_2
no_cluster_no_merge,spatial_flow_belief_memory_h30,30,final_heldout,0,r10_l7_full_domain_randomisation_arena_wide_training,r10_l7_full_domain_randomisation_arena_wide_training,r10_no_cluster_no_merge_spatial_flow_belief_memory_h30_final_0000,6,inflight_boundary_near,boundary_near,energy_retaining_bank,primvar_energy_retaining_bank_transition_object_3a8f96df7926,baseline_and_memory_winner_match,True,primvar_energy_retaining_bank_transition_object_3a8f96df7926,primvar_energy_retaining_bank_transition_object_3a8f96df7926,0.0,0.0,0.03,0.0,1.0,-1.0716674532673665e-05,-1.0716674532673665e-05,0.0,0.0,0.029320803535587,0.9706791964644128,0.0194135839292882,0.0,0.1,0.2,0.0,0.0,0,0,0.9706791964644128,0.9706791964644128,decision_level_baseline_vs_candidate_path_memory_gap_audit,outer_loop_spatial_flow_belief_safe_explore_exploit_memory_v2_2
no_cluster_no_merge,spatial_flow_belief_memory_h30,30,final_heldout,0,r10_l7_full_domain_randomisation_arena_wide_training,r10_l7_full_domain_randomisation_arena_wide_training,r10_no_cluster_no_merge_spatial_flow_belief_memory_h30_final_0000,7,inflight_boundary_near,boundary_near,energy_retaining_bank,primvar_energy_retaining_bank_transition_object_3a8f96df7926,baseline_and_memory_winner_match,True,primvar_energy_retaining_bank_transition_object_3a8f96df7926,primvar_energy_retaining_bank_transition_object_3a8f96df7926,0.0,0.0,0.03,0.0,1.0,-2.834952210339914e-05,-2.834952210339914e-05,0.0,0.0,0.0299990944382076,0.9700009055617924,0.0194000181112358,0.0,0.1,0.2,0.0,0.0,0,0,0.9700009055617924,0.9700009055617924,decision_level_baseline_vs_candidate_path_memory_gap_audit,outer_loop_spatial_flow_belief_safe_explore_exploit_memory_v2_2
no_cluster_no_merge,spatial_flow_belief_memory_h30,30,final_heldout,0,r10_l7_full_domain_randomisation_arena_wide_training,r10_l7_full_domain_randomisation_arena_wide_training,r10_no_cluster_no_merge_spatial_flow_belief_memory_h30_final_0000,8,inflight_boundary_near,boundary_near,energy_retaining_bank,primvar_energy_retaining_bank_transition_object_3a8f96df7926,baseline_and_memory_winner_match,True,primvar_energy_retaining_bank_transition_object_3a8f96df7926,primvar_energy_retaining_bank_transition_object_3a8f96df7926,0.0,0.0,0.03,0.0,1.0,-4.99342160313887e-05,-4.99342160313887e-05,0.0,0.0,0.0300859091391424,0.9699140908608576,0.0193982818172171,0.0,0.1,0.2,0.0,0.0,0,0,0.9699140908608576,0.9699140908608576,decision_level_baseline_vs_candidate_path_memory_gap_audit,outer_loop_spatial_flow_belief_safe_explore_exploit_memory_v2_2
no_cluster_no_merge,spatial_flow_belief_memory_h30,30,final_heldout,2,r10_l7_full_domain_randomisation_arena_wide_training,r10_l7_full_domain_randomisation_arena_wide_training,r10_no_cluster_no_merge_spatial_flow_belief_memory_h30_final_0002,0,launch_gate,launch_gate,mild_turn_left,primvar_mild_turn_left_transition_object_81d80c74f9e0,baseline_and_memory_winner_match,True,primvar_mild_turn_left_transition_object_81d80c74f9e0,primvar_mild_turn_left_transition_object_81d80c74f9e0,0.0,0.0,0.03,0.0,1.0,0.0002304481180077,0.0002304481180077,0.0,0.0,0.018570406355102,0.6187825052070666,0.0123756501041413,0.0,0.1,0.2,0.0,0.0,7,0,0.981429593644898,0.6187825052070666,decision_level_baseline_vs_candidate_path_memory_gap_audit,outer_loop_spatial_flow_belief_safe_explore_exploit_memory_v2_2
no_cluster_no_merge,spatial_flow_belief_memory_h30,30,final_heldout,2,r10_l7_full_domain_randomisation_arena_wide_training,r10_l7_full_domain_randomisation_arena_wide_training,r10_no_cluster_no_merge_spatial_flow_belief_memory_h30_final_0002,1,inflight_nominal,inflight_stable,mild_turn_left,primvar_mild_turn_left_transition_object_c0027154e9bd,baseline_and_memory_winner_match,True,primvar_mild_turn_left_transition_object_c0027154e9bd,primvar_mild_turn_left_transition_object_c0027154e9bd,0.0,0.0,0.03,0.0,1.0,0.0002869439279125,0.0002869439279125,0.0,0.0,0.0434352377997149,0.6406051551803148,0.0128121031036062,0.0,0.1,0.2,0.0,0.0,7,0,0.9565647622002852,0.6406051551803148,decision_level_baseline_vs_candidate_path_memory_gap_audit,outer_loop_spatial_flow_belief_safe_explore_exploit_memory_v2_2
no_cluster_no_merge,spatial_flow_belief_memory_h30,30,final_heldout,2,r10_l7_full_domain_randomisation_arena_wide_training,r10_l7_full_domain_randomisation_arena_wide_training,r10_no_cluster_no_merge_spatial_flow_belief_memory_h30_final_0002,2,inflight_recovery_edge,recoverable_degraded,safe_exit_or_recovery_handoff,primvar_safe_exit_or_recovery_handoff_transition_object_89fe6c2843f5,baseline_and_memory_winner_match,True,primvar_safe_exit_or_recovery_handoff_transition_object_89fe6c2843f5,primvar_safe_exit_or_recovery_handoff_transition_object_89fe6c2843f5,0.0,0.0,0.03,0.0,1.0,0.0007650967923986,0.0007650967923986,0.0,0.0,0.0699078647718561,0.6220365798337559,0.0124407315966751,0.0,0.1,0.2,0.0,0.0,7,0,0.9300921352281438,0.6220365798337559,decision_level_baseline_vs_candidate_path_memory_gap_audit,outer_loop_spatial_flow_belief_safe_explore_exploit_memory_v2_2
no_cluster_no_merge,spatial_flow_belief_memory_h30,30,final_heldout,2,r10_l7_full_domain_randomisation_arena_wide_training,r10_l7_full_domain_randomisation_arena_wide_training,r10_no_cluster_no_merge_spatial_flow_belief_memory_h30_final_0002,3,inflight_recovery_edge,recoverable_degraded,safe_exit_or_recovery_handoff,primvar_safe_exit_or_recovery_handoff_transition_object_89fe6c2843f5,baseline_and_memory_winner_match,True,primvar_safe_exit_or_recovery_handoff_transition_object_89fe6c2843f5,primvar_safe_exit_or_recovery_handoff_transition_object_89fe6c2843f5,0.0,0.0,0.03,0.0,1.0,0.001190400277312,0.001190400277312,0.0,0.0,0.060497909818437,0.6827151693544189,0.0136543033870883,0.0,0.1,0.2,0.0,0.0,7,0,0.9395020901815628,0.6827151693544189,decision_level_baseline_vs_candidate_path_memory_gap_audit,outer_loop_spatial_flow_belief_safe_explore_exploit_memory_v2_2
no_cluster_no_merge,spatial_flow_belief_memory_h30,30,final_heldout,2,r10_l7_full_domain_randomisation_arena_wide_training,r10_l7_full_domain_randomisation_arena_wide_training,r10_no_cluster_no_merge_spatial_flow_belief_memory_h30_final_0002,4,inflight_recovery_edge,recoverable_degraded,safe_exit_or_recovery_handoff,primvar_safe_exit_or_recovery_handoff_transition_object_eb5ec1f84c14,baseline_and_memory_winner_match,True,primvar_safe_exit_or_recovery_handoff_transition_object_eb5ec1f84c14,primvar_safe_exit_or_recovery_handoff_transition_object_eb5ec1f84c14,0.0,0.0,0.03,0.0,1.0,0.0010217459508499,0.0010217459508499,0.0,0.0,0.0683605370914373,0.6911636016616588,0.0138232720332331,0.0,0.1,0.2,0.0,0.0,7,0,0.9316394629085628,0.6911636016616588,decision_level_baseline_vs_candidate_path_memory_gap_audit,outer_loop_spatial_flow_belief_safe_explore_exploit_memory_v2_2
no_cluster_no_merge,spatial_flow_belief_memory_h30,30,final_heldout,2,r10_l7_full_domain_randomisation_arena_wide_training,r10_l7_full_domain_randomisation_arena_wide_training,r10_no_cluster_no_merge_spatial_flow_belief_memory_h30_final_0002,5,inflight_recovery_edge,recoverable_degraded,safe_exit_or_recovery_handoff,primvar_safe_exit_or_recovery_handoff_transition_object_eb5ec1f84c14,baseline_and_memory_winner_match,True,primvar_safe_exit_or_recovery_handoff_transition_object_eb5ec1f84c14,primvar_safe_exit_or_recovery_handoff_transition_object_eb5ec1f84c14,0.0,0.0,0.03,0.0,1.0,0.0005654470838102,0.0005654470838102,0.0,0.0,0.0540147367835656,0.7744749755912818,0.0154894995118256,0.0,0.1,0.2,0.0,0.0,5,0,0.9459852632164344,0.7744749755912818,decision_level_baseline_vs_candidate_path_memory_gap_audit,outer_loop_spatial_flow_belief_safe_explore_exploit_memory_v2_2
no_cluster_no_merge,spatial_flow_belief_memory_h30,30,final_heldout,2,r10_l7_full_domain_randomisation_arena_wide_training,r10_l7_full_domain_randomisation_arena_wide_training,r10_no_cluster_no_merge_spatial_flow_belief_memory_h30_final_0002,6,inflight_recovery_edge,recoverable_degraded,safe_exit_or_recovery_handoff,primvar_safe_exit_or_recovery_handoff_transition_object_eb5ec1f84c14,baseline_and_memory_winner_match,True,primvar_safe_exit_or_recovery_handoff_transition_object_eb5ec1f84c14,primvar_safe_exit_or_recovery_handoff_transition_object_eb5ec1f84c14,0.0,0.0,0.03,0.0,1.0,-4.050789770304597e-05,-4.050789770304597e-05,0.0,0.0,0.0344761820969603,0.8832593192952042,0.017665186385904,0.0,0.1,0.2,0.0,0.0,0,0,0.9655238179030396,0.8832593192952042,decision_level_baseline_vs_candidate_path_memory_gap_audit,outer_loop_spatial_flow_belief_safe_explore_exploit_memory_v2_2
no_cluster_no_merge,spatial_flow_belief_memory_h30,30,final_heldout,2,r10_l7_full_domain_randomisation_arena_wide_training,r10_l7_full_domain_randomisation_arena_wide_training,r10_no_cluster_no_merge_spatial_flow_belief_memory_h30_final_0002,7,inflight_boundary_near,boundary_near,mild_turn_left,primvar_mild_turn_left_transition_object_dce8f75ea53c,baseline_and_memory_winner_match,True,primvar_mild_turn_left_transition_object_dce8f75ea53c,primvar_mild_turn_left_transition_object_dce8f75ea53c,0.0,0.0,0.03,0.0,1.0,-0.0003101411384602,-0.0003101411384602,0.0,0.0,0.0375532607745372,0.9624467392254628,0.0192489347845092,0.0,0.1,0.2,0.0,0.0,0,0,0.9624467392254628,0.9624467392254628,decision_level_baseline_vs_candidate_path_memory_gap_audit,outer_loop_spatial_flow_belief_safe_explore_exploit_memory_v2_2
no_cluster_no_merge,spatial_flow_belief_memory_h30,30,final_heldout,2,r10_l7_full_domain_randomisation_arena_wide_training,r10_l7_full_domain_randomisation_arena_wide_training,r10_no_cluster_no_merge_spatial_flow_belief_memory_h30_final_0002,8,inflight_boundary_near,boundary_near,energy_retaining_bank,primvar_energy_retaining_bank_transition_object_f378f7a74cce,baseline_and_memory_winner_match,True,primvar_energy_retaining_bank_transition_object_f378f7a74cce,primvar_energy_retaining_bank_transition_object_f378f7a74cce,0.0,0.0,0.03,0.0,1.0,-0.0003333527220399,-0.0003333527220399,0.0,0.0,0.0405622403421852,0.9594377596578147,0.0191887551931562,0.0,0.1,0.2,0.0,0.0,0,0,0.9594377596578147,0.9594377596578147,decision_level_baseline_vs_candidate_path_memory_gap_audit,outer_loop_spatial_flow_belief_safe_explore_exploit_memory_v2_2
no_cluster_no_merge,spatial_flow_belief_memory_h30,30,final_heldout,2,r10_l7_full_domain_randomisation_arena_wide_training,r10_l7_full_domain_randomisation_arena_wide_training,r10_no_cluster_no_merge_spatial_flow_belief_memory_h30_final_0002,9,inflight_boundary_near,boundary_near,energy_retaining_bank,primvar_energy_retaining_bank_transition_object_f378f7a74cce,baseline_and_memory_winner_match,True,primvar_energy_retaining_bank_transition_object_f378f7a74cce,primvar_energy_retaining_bank_transition_object_f378f7a74cce,0.0,0.0,0.03,0.0,1.0,-0.0002620217556565,-0.0002620217556565,0.0,0.0,0.0323215797171033,0.9676784202828967,0.0193535684056579,0.0,0.1,0.2,0.0,0.0,0,0,0.9676784202828967,0.9676784202828967,decision_level_baseline_vs_candidate_path_memory_gap_audit,outer_loop_spatial_flow_belief_safe_explore_exploit_memory_v2_2
no_cluster_no_merge,spatial_flow_belief_memory_h30,30,final_heldout,2,r10_l7_full_domain_randomisation_arena_wide_training,r10_l7_full_domain_randomisation_arena_wide_training,r10_no_cluster_no_merge_spatial_flow_belief_memory_h30_final_0002,10,inflight_boundary_near,boundary_near,energy_retaining_bank,primvar_energy_retaining_bank_transition_object_f378f7a74cce,baseline_and_memory_winner_match,True,primvar_energy_retaining_bank_transition_object_f378f7a74cce,primvar_energy_retaining_bank_transition_object_f378f7a74cce,0.0,0.0,0.03,0.0,1.0,-0.0003026329017106,-0.0003026329017106,0.0,0.0,0.0378670926789087,0.9621329073210912,0.0192426581464218,0.0,0.1,0.2,0.0,0.0,0,0,0.9621329073210912,0.9621329073210912,decision_level_baseline_vs_candidate_path_memory_gap_audit,outer_loop_spatial_flow_belief_safe_explore_exploit_memory_v2_2
no_cluster_no_merge,spatial_flow_belief_memory_h30,30,final_heldout,2,r10_l7_full_domain_randomisation_arena_wide_training,r10_l7_full_domain_randomisation_arena_wide_training,r10_no_cluster_no_merge_spatial_flow_belief_memory_h30_final_0002,11,inflight_boundary_near,boundary_near,energy_retaining_bank,primvar_energy_retaining_bank_transition_object_f378f7a74cce,baseline_and_memory_winner_match,True,primvar_energy_retaining_bank_transition_object_f378f7a74cce,primvar_energy_retaining_bank_transition_object_f378f7a74cce,0.0,0.0,0.03,0.0,1.0,-0.0002889662571585,-0.0002889662571585,0.0,0.0,0.0361765394565207,0.9371242667134666,0.0187424853342693,0.0,0.1,0.2,0.0,0.0,0,0,0.9638234605434792,0.9371242667134666,decision_level_baseline_vs_candidate_path_memory_gap_audit,outer_loop_spatial_flow_belief_safe_explore_exploit_memory_v2_2
no_cluster_no_merge,spatial_flow_belief_memory_h30,30,final_heldout,5,r10_l7_full_domain_randomisation_arena_wide_training,r10_l7_full_domain_randomisation_arena_wide_training,r10_no_cluster_no_merge_spatial_flow_belief_memory_h30_final_0005,0,launch_gate,launch_gate,mild_turn_right,primvar_mild_turn_right_transition_object_dda6391330ff,baseline_and_memory_winner_match,True,primvar_mild_turn_right_transition_object_dda6391330ff,primvar_mild_turn_right_transition_object_dda6391330ff,0.0,0.0,0.03,0.0,1.0,-8.204954862200964e-07,-8.204954862200964e-07,0.0,0.0,0.0013980927014851,0.7749682300901181,0.0154993646018023,0.0,0.1,0.2,0.0,0.0,7,0,0.9986019072985148,0.7749682300901181,decision_level_baseline_vs_candidate_path_memory_gap_audit,outer_loop_spatial_flow_belief_safe_explore_exploit_memory_v2_2
no_cluster_no_merge,spatial_flow_belief_memory_h30,30,final_heldout,5,r10_l7_full_domain_randomisation_arena_wide_training,r10_l7_full_domain_randomisation_arena_wide_training,r10_no_cluster_no_merge_spatial_flow_belief_memory_h30_final_0005,1,inflight_boundary_near,boundary_near,lift_dwell_arc,primvar_lift_dwell_arc_transition_object_10b23f39bac2,baseline_and_memory_winner_match,True,primvar_lift_dwell_arc_transition_object_10b23f39bac2,primvar_lift_dwell_arc_transition_object_10b23f39bac2,0.0,0.0,0.03,0.0,1.0,0.0004199212596777,0.0004199212596777,0.0,0.0,0.0341490838522084,0.7847287593777545,0.015694575187555,0.0,0.1,0.2,0.0,0.0,7,0,0.9658509161477916,0.7847287593777545,decision_level_baseline_vs_candidate_path_memory_gap_audit,outer_loop_spatial_flow_belief_safe_explore_exploit_memory_v2_2
no_cluster_no_merge,spatial_flow_belief_memory_h30,30,final_heldout,5,r10_l7_full_domain_randomisation_arena_wide_training,r10_l7_full_domain_randomisation_arena_wide_training,r10_no_cluster_no_merge_spatial_flow_belief_memory_h30_final_0005,2,inflight_boundary_near,boundary_near,lift_dwell_arc,primvar_lift_dwell_arc_transition_object_cd89af02a2de,baseline_and_memory_winner_match,True,primvar_lift_dwell_arc_transition_object_cd89af02a2de,primvar_lift_dwell_arc_transition_object_cd89af02a2de,0.0,0.0,0.03,0.0,1.0,0.0003757375774224,0.0003757375774224,0.0,0.0,0.033102801686676,0.8289397196567064,0.0165787943931341,0.0,0.1,0.2,0.0,0.0,6,0,0.966897198313324,0.8289397196567064,decision_level_baseline_vs_candidate_path_memory_gap_audit,outer_loop_spatial_flow_belief_safe_explore_exploit_memory_v2_2
no_cluster_no_merge,spatial_flow_belief_memory_h30,30,final_heldout,5,r10_l7_full_domain_randomisation_arena_wide_training,r10_l7_full_domain_randomisation_arena_wide_training,r10_no_cluster_no_merge_spatial_flow_belief_memory_h30_final_0005,3,inflight_boundary_near,boundary_near,lift_dwell_arc,primvar_lift_dwell_arc_transition_object_cd89af02a2de,baseline_and_memory_winner_match,True,primvar_lift_dwell_arc_transition_object_cd89af02a2de,primvar_lift_dwell_arc_transition_object_cd89af02a2de,0.0,0.0,0.03,0.0,1.0,0.0002503182789332,0.0002503182789332,0.0,0.0,0.0371523786901086,0.9386318874814876,0.0187726377496297,0.0,0.1,0.2,0.0,0.0,0,0,0.9628476213098912,0.9386318874814876,decision_level_baseline_vs_candidate_path_memory_gap_audit,outer_loop_spatial_flow_belief_safe_explore_exploit_memory_v2_2
no_cluster_no_merge,spatial_flow_belief_memory_h30,30,final_heldout,5,r10_l7_full_domain_randomisation_arena_wide_training,r10_l7_full_domain_randomisation_arena_wide_training,r10_no_cluster_no_merge_spatial_flow_belief_memory_h30_final_0005,4,inflight_boundary_near,boundary_near,energy_retaining_bank,primvar_energy_retaining_bank_transition_object_59f915f98b46,baseline_and_memory_winner_match,True,primvar_energy_retaining_bank_transition_object_59f915f98b46,primvar_energy_retaining_bank_transition_object_59f915f98b46,0.0,0.0,0.03,0.0,1.0,0.000134732382647,0.000134732382647,0.0,0.0,0.044257756514705,0.955742243485295,0.0191148448697059,0.0,0.1,0.2,0.0,0.0,0,0,0.955742243485295,0.955742243485295,decision_level_baseline_vs_candidate_path_memory_gap_audit,outer_loop_spatial_flow_belief_safe_explore_exploit_memory_v2_2
no_cluster_no_merge,spatial_flow_belief_memory_h30,30,final_heldout,5,r10_l7_full_domain_randomisation_arena_wide_training,r10_l7_full_domain_randomisation_arena_wide_training,r10_no_cluster_no_merge_spatial_flow_belief_memory_h30_final_0005,5,inflight_boundary_near,boundary_near,energy_retaining_bank,primvar_energy_retaining_bank_transition_object_59f915f98b46,baseline_and_memory_winner_match,True,primvar_energy_retaining_bank_transition_object_59f915f98b46,primvar_energy_retaining_bank_transition_object_59f915f98b46,0.0,0.0,0.03,0.0,1.0,2.771657524891502e-05,2.771657524891502e-05,0.0,0.0,0.0365859245510974,0.9634140754489026,0.019268281508978,0.0,0.1,0.2,0.0,0.0,0,0,0.9634140754489026,0.9634140754489026,decision_level_baseline_vs_candidate_path_memory_gap_audit,outer_loop_spatial_flow_belief_safe_explore_exploit_memory_v2_2
no_cluster_no_merge,spatial_flow_belief_memory_h30,30,final_heldout,5,r10_l7_full_domain_randomisation_arena_wide_training,r10_l7_full_domain_randomisation_arena_wide_training,r10_no_cluster_no_merge_spatial_flow_belief_memory_h30_final_0005,6,inflight_boundary_near,boundary_near,energy_retaining_bank,primvar_energy_retaining_bank_transition_object_59f915f98b46,baseline_and_memory_winner_match,True,primvar_energy_retaining_bank_transition_object_59f915f98b46,primvar_energy_retaining_bank_transition_object_59f915f98b46,0.0,0.0,0.03,0.0,1.0,-4.280504327880408e-05,-4.280504327880408e-05,0.0,0.0,0.0344365475142615,0.9655634524857384,0.0193112690497147,0.0,0.1,0.2,0.0,0.0,0,0,0.9655634524857384,0.9655634524857384,decision_level_baseline_vs_candidate_path_memory_gap_audit,outer_loop_spatial_flow_belief_safe_explore_exploit_memory_v2_2
no_cluster_no_merge,spatial_flow_belief_memory_h30,30,final_heldout,5,r10_l7_full_domain_randomisation_arena_wide_training,r10_l7_full_domain_randomisation_arena_wide_training,r10_no_cluster_no_merge_spatial_flow_belief_memory_h30_final_0005,7,inflight_boundary_near,boundary_near,energy_retaining_bank,primvar_energy_retaining_bank_transition_object_59f915f98b46,baseline_and_memory_winner_match,True,primvar_energy_retaining_bank_transition_object_59f915f98b46,primvar_energy_retaining_bank_transition_object_59f915f98b46,0.0,0.0,0.03,0.0,1.0,-4.407747389767458e-05,-4.407747389767458e-05,0.0,0.0,0.0331555548884717,0.9668444451115282,0.0193368889022305,0.0,0.1,0.2,0.0,0.0,0,0,0.9668444451115282,0.9668444451115282,decision_level_baseline_vs_candidate_path_memory_gap_audit,outer_loop_spatial_flow_belief_safe_explore_exploit_memory_v2_2
no_cluster_no_merge,spatial_flow_belief_memory_h30,30,final_heldout,5,r10_l7_full_domain_randomisation_arena_wide_training,r10_l7_full_domain_randomisation_arena_wide_training,r10_no_cluster_no_merge_spatial_flow_belief_memory_h30_final_0005,8,inflight_boundary_near,boundary_near,energy_retaining_bank,primvar_energy_retaining_bank_transition_object_59f915f98b46,baseline_and_memory_winner_match,True,primvar_energy_retaining_bank_transition_object_59f915f98b46,primvar_energy_retaining_bank_transition_object_59f915f98b46,0.0,0.0,0.03,0.0,1.0,-3.3433665075577323e-05,-3.3433665075577323e-05,0.0,0.0,0.0271383096845172,0.9728616903154828,0.0194572338063096,0.0,0.1,0.2,0.0,0.0,0,0,0.9728616903154828,0.9728616903154828,decision_level_baseline_vs_candidate_path_memory_gap_audit,outer_loop_spatial_flow_belief_safe_explore_exploit_memory_v2_2
no_cluster_no_merge,spatial_flow_belief_memory_h30,30,final_heldout,6,r10_l7_full_domain_randomisation_arena_wide_training,r10_l7_full_domain_randomisation_arena_wide_training,r10_no_cluster_no_merge_spatial_flow_belief_memory_h30_final_0006,0,launch_gate,launch_gate,mild_turn_left,primvar_mild_turn_left_transition_object_90af87442a8a,baseline_and_memory_winner_match,True,primvar_mild_turn_left_transition_object_90af87442a8a,primvar_mild_turn_left_transition_object_90af87442a8a,0.0,0.0,0.03,0.0,1.0,0.0,0.0,0.0,0.0,1.0199615401841884e-15,0.6395614393057925,0.0127912287861158,0.0,0.1,0.2,1.810481083701435e-26,2.7362658029189663e-23,7,2,0.999999999999999,0.6395614393057925,decision_level_baseline_vs_candidate_path_memory_gap_audit,outer_loop_spatial_flow_belief_safe_explore_exploit_memory_v2_2
no_cluster_no_merge,spatial_flow_belief_memory_h30,30,final_heldout,6,r10_l7_full_domain_randomisation_arena_wide_training,r10_l7_full_domain_randomisation_arena_wide_training,r10_no_cluster_no_merge_spatial_flow_belief_memory_h30_final_0006,1,inflight_nominal,inflight_stable,safe_exit_or_recovery_handoff,primvar_safe_exit_or_recovery_handoff_transition_object_569472a752ed,baseline_and_memory_winner_match,True,primvar_safe_exit_or_recovery_handoff_transition_object_569472a752ed,primvar_safe_exit_or_recovery_handoff_transition_object_569472a752ed,0.0,0.0,0.03,0.0,1.0,0.0002080776513928,0.0002080776513928,0.0,0.0,0.0336140207139541,0.6212450121733484,0.0124249002434669,0.0,0.1,0.2,0.0,0.0,7,0,0.966385979286046,0.6212450121733484,decision_level_baseline_vs_candidate_path_memory_gap_audit,outer_loop_spatial_flow_belief_safe_explore_exploit_memory_v2_2
no_cluster_no_merge,spatial_flow_belief_memory_h30,30,final_heldout,6,r10_l7_full_domain_randomisation_arena_wide_training,r10_l7_full_domain_randomisation_arena_wide_training,r10_no_cluster_no_merge_spatial_flow_belief_memory_h30_final_0006,2,inflight_recovery_edge,recoverable_degraded,safe_exit_or_recovery_handoff,primvar_safe_exit_or_recovery_handoff_transition_object_89fe6c2843f5,baseline_and_memory_winner_match,True,primvar_safe_exit_or_recovery_handoff_transition_object_89fe6c2843f5,primvar_safe_exit_or_recovery_handoff_transition_object_89fe6c2843f5,0.0,0.0,0.03,0.0,1.0,0.0002641580108697,0.0002641580108697,0.0,0.0,0.035385633094197,0.6647491100753222,0.0132949822015064,0.0,0.1,0.2,0.0,0.0,7,0,0.9646143669058028,0.6647491100753222,decision_level_baseline_vs_candidate_path_memory_gap_audit,outer_loop_spatial_flow_belief_safe_explore_exploit_memory_v2_2
no_cluster_no_merge,spatial_flow_belief_memory_h30,30,final_heldout,6,r10_l7_full_domain_randomisation_arena_wide_training,r10_l7_full_domain_randomisation_arena_wide_training,r10_no_cluster_no_merge_spatial_flow_belief_memory_h30_final_0006,3,inflight_recovery_edge,recoverable_degraded,safe_exit_or_recovery_handoff,primvar_safe_exit_or_recovery_handoff_transition_object_eb5ec1f84c14,baseline_and_memory_winner_match,True,primvar_safe_exit_or_recovery_handoff_transition_object_eb5ec1f84c14,primvar_safe_exit_or_recovery_handoff_transition_object_eb5ec1f84c14,0.0,0.0,0.03,0.0,1.0,0.0002446815965096,0.0002446815965096,0.0,0.0,0.0355713940917947,0.6677082279423631,0.0133541645588472,0.0,0.1,0.2,0.0,0.0,7,0,0.9644286059082052,0.6677082279423631,decision_level_baseline_vs_candidate_path_memory_gap_audit,outer_loop_spatial_flow_belief_safe_explore_exploit_memory_v2_2
no_cluster_no_merge,spatial_flow_belief_memory_h30,30,final_heldout,6,r10_l7_full_domain_randomisation_arena_wide_training,r10_l7_full_domain_randomisation_arena_wide_training,r10_no_cluster_no_merge_spatial_flow_belief_memory_h30_final_0006,4,inflight_recovery_edge,recoverable_degraded,safe_exit_or_recovery_handoff,primvar_safe_exit_or_recovery_handoff_transition_object_54443200afd9,baseline_and_memory_winner_match,True,primvar_safe_exit_or_recovery_handoff_transition_object_54443200afd9,primvar_safe_exit_or_recovery_handoff_transition_object_54443200afd9,0.0,0.0,0.03,0.0,1.0,0.0002137718179836,0.0002137718179836,0.0,0.0,0.0360487251430697,0.6633408946869621,0.0132668178937392,0.0,0.1,0.2,1.9461596405914505e-33,4.0405141249154776e-29,7,5,0.9639512748569304,0.6633408946869621,decision_level_baseline_vs_candidate_path_memory_gap_audit,outer_loop_spatial_flow_belief_safe_explore_exploit_memory_v2_2
no_cluster_no_merge,spatial_flow_belief_memory_h30,30,final_heldout,6,r10_l7_full_domain_randomisation_arena_wide_training,r10_l7_full_domain_randomisation_arena_wide_training,r10_no_cluster_no_merge_spatial_flow_belief_memory_h30_final_0006,5,inflight_recovery_edge,recoverable_degraded,safe_exit_or_recovery_handoff,primvar_safe_exit_or_recovery_handoff_transition_object_54443200afd9,baseline_and_memory_winner_match,True,primvar_safe_exit_or_recovery_handoff_transition_object_54443200afd9,primvar_safe_exit_or_recovery_handoff_transition_object_54443200afd9,0.0,0.0,0.03,0.0,1.0,0.0001568016097905,0.0001568016097905,0.0,0.0,0.0415397845720655,0.705816668512071,0.0141163333702414,0.0,0.1,0.2,1.0313695183636847e-32,1.929380381704408e-29,7,6,0.9584602154279344,0.705816668512071,decision_level_baseline_vs_candidate_path_memory_gap_audit,outer_loop_spatial_flow_belief_safe_explore_exploit_memory_v2_2
no_cluster_no_merge,spatial_flow_belief_memory_h30,30,final_heldout,6,r10_l7_full_domain_randomisation_arena_wide_training,r10_l7_full_domain_randomisation_arena_wide_training,r10_no_cluster_no_merge_spatial_flow_belief_memory_h30_final_0006,6,inflight_recovery_edge,recoverable_degraded,safe_exit_or_recovery_handoff,primvar_safe_exit_or_recovery_handoff_transition_object_5e603211d22a,baseline_and_memory_winner_match,True,primvar_safe_exit_or_recovery_handoff_transition_object_5e603211d22a,primvar_safe_exit_or_recovery_handoff_transition_object_5e603211d22a,0.0,0.0,0.03,0.0,1.0,2.5438088421481098e-05,2.5438088421481098e-05,0.0,0.0,0.03118628027051,0.6997407305071042,0.013994814610142,0.0,0.1,0.2,2.3885520460811526e-32,2.589337210813099e-29,7,4,0.96881371972949,0.6997407305071042,decision_level_baseline_vs_candidate_path_memory_gap_audit,outer_loop_spatial_flow_belief_safe_explore_exploit_memory_v2_2
no_cluster_no_merge,spatial_flow_belief_memory_h30,30,final_heldout,6,r10_l7_full_domain_randomisation_arena_wide_training,r10_l7_full_domain_randomisation_arena_wide_training,r10_no_cluster_no_merge_spatial_flow_belief_memory_h30_final_0006,7,inflight_recovery_edge,recoverable_degraded,safe_exit_or_recovery_handoff,primvar_safe_exit_or_recovery_handoff_transition_object_5e603211d22a,baseline_and_memory_winner_match,True,primvar_safe_exit_or_recovery_handoff_transition_object_5e603211d22a,primvar_safe_exit_or_recovery_handoff_transition_object_5e603211d22a,0.0,0.0,0.03,0.0,1.0,-9.604819667285992e-05,-9.604819667285992e-05,0.0,0.0,0.0450967399819156,0.7350235746895135,0.0147004714937902,0.0,0.1,0.2,1.287300438909551e-32,1.3505486569347466e-29,5,6,0.9549032600180845,0.7350235746895135,decision_level_baseline_vs_candidate_path_memory_gap_audit,outer_loop_spatial_flow_belief_safe_explore_exploit_memory_v2_2
no_cluster_no_merge,spatial_flow_belief_memory_h30,30,final_heldout,6,r10_l7_full_domain_randomisation_arena_wide_training,r10_l7_full_domain_randomisation_arena_wide_training,r10_no_cluster_no_merge_spatial_flow_belief_memory_h30_final_0006,8,inflight_recovery_edge,recoverable_degraded,safe_exit_or_recovery_handoff,primvar_safe_exit_or_recovery_handoff_transition_object_5e603211d22a,baseline_and_memory_winner_match,True,primvar_safe_exit_or_recovery_handoff_transition_object_5e603211d22a,primvar_safe_exit_or_recovery_handoff_transition_object_5e603211d22a,0.0,0.0,0.03,0.0,1.0,-0.0001821591589442,-0.0001821591589442,0.0,0.0,0.0367755422194484,0.7879056863508737,0.0157581137270174,0.0,0.1,0.2,0.0,0.0,3,0,0.9632244577805515,0.7879056863508737,decision_level_baseline_vs_candidate_path_memory_gap_audit,outer_loop_spatial_flow_belief_safe_explore_exploit_memory_v2_2
no_cluster_no_merge,spatial_flow_belief_memory_h30,30,final_heldout,6,r10_l7_full_domain_randomisation_arena_wide_training,r10_l7_full_domain_randomisation_arena_wide_training,r10_no_cluster_no_merge_spatial_flow_belief_memory_h30_final_0006,9,inflight_boundary_near,boundary_near,lift_dwell_arc,primvar_lift_dwell_arc_transition_object_de078f2fa84a,baseline_and_memory_winner_match,True,primvar_lift_dwell_arc_transition_object_de078f2fa84a,primvar_lift_dwell_arc_transition_object_de078f2fa84a,0.0,0.0,0.03,0.0,1.0,-0.000349275798527,-0.000349275798527,0.0,0.0,0.0464786888165887,0.8716510173715201,0.0174330203474304,0.0,0.1,0.2,0.0,0.0,0,0,0.9535213111834112,0.8716510173715201,decision_level_baseline_vs_candidate_path_memory_gap_audit,outer_loop_spatial_flow_belief_safe_explore_exploit_memory_v2_2
no_cluster_no_merge,spatial_flow_belief_memory_h30,30,final_heldout,6,r10_l7_full_domain_randomisation_arena_wide_training,r10_l7_full_domain_randomisation_arena_wide_training,r10_no_cluster_no_merge_spatial_flow_belief_memory_h30_final_0006,10,inflight_boundary_near,boundary_near,lift_dwell_arc,primvar_lift_dwell_arc_transition_object_de078f2fa84a,baseline_and_memory_winner_match,True,primvar_lift_dwell_arc_transition_object_de078f2fa84a,primvar_lift_dwell_arc_transition_object_de078f2fa84a,0.0,0.0,0.03,0.0,1.0,-0.0002565729632928,-0.0002565729632928,0.0,0.0,0.0350165964685743,0.9208832400568968,0.0184176648011379,0.0,0.1,0.2,0.0,0.0,0,0,0.9649834035314256,0.9208832400568968,decision_level_baseline_vs_candidate_path_memory_gap_audit,outer_loop_spatial_flow_belief_safe_explore_exploit_memory_v2_2
no_cluster_no_merge,spatial_flow_belief_memory_h30,30,final_heldout,6,r10_l7_full_domain_randomisation_arena_wide_training,r10_l7_full_domain_randomisation_arena_wide_training,r10_no_cluster_no_merge_spatial_flow_belief_memory_h30_final_0006,11,inflight_boundary_near,boundary_near,lift_dwell_arc,primvar_lift_dwell_arc_transition_object_de078f2fa84a,baseline_and_memory_winner_match,True,primvar_lift_dwell_arc_transition_object_de078f2fa84a,primvar_lift_dwell_arc_transition_object_de078f2fa84a,0.0,0.0,0.03,0.0,1.0,-0.0003474241669157,-0.0003474241669157,0.0,0.0,0.0403355035558093,0.9209550750758864,0.0184191015015177,0.0,0.1,0.2,0.0,0.0,0,0,0.9596644964441908,0.9209550750758864,decision_level_baseline_vs_candidate_path_memory_gap_audit,outer_loop_spatial_flow_belief_safe_explore_exploit_memory_v2_2
no_cluster_no_merge,spatial_flow_belief_memory_h30,30,final_heldout,6,r10_l7_full_domain_randomisation_arena_wide_training,r10_l7_full_domain_randomisation_arena_wide_training,r10_no_cluster_no_merge_spatial_flow_belief_memory_h30_final_0006,12,inflight_boundary_near,boundary_near,lift_dwell_arc,primvar_lift_dwell_arc_transition_object_de078f2fa84a,baseline_and_memory_winner_match,True,primvar_lift_dwell_arc_transition_object_de078f2fa84a,primvar_lift_dwell_arc_transition_object_de078f2fa84a,0.0,0.0,0.03,0.0,1.0,-0.0003687489050427,-0.0003687489050427,0.0,0.0,0.0365622633492021,0.8698690975984222,0.0173973819519684,0.0,0.1,0.2,0.0,0.0,0,0,0.9634377366507978,0.8698690975984222,decision_level_baseline_vs_candidate_path_memory_gap_audit,outer_loop_spatial_flow_belief_safe_explore_exploit_memory_v2_2
no_cluster_no_merge,spatial_flow_belief_memory_h30,30,final_heldout,6,r10_l7_full_domain_randomisation_arena_wide_training,r10_l7_full_domain_randomisation_arena_wide_training,r10_no_cluster_no_merge_spatial_flow_belief_memory_h30_final_0006,13,inflight_boundary_near,boundary_near,lift_dwell_arc,primvar_lift_dwell_arc_transition_object_de078f2fa84a,baseline_and_memory_winner_match,True,primvar_lift_dwell_arc_transition_object_de078f2fa84a,primvar_lift_dwell_arc_transition_object_de078f2fa84a,0.0,0.0,0.03,0.0,1.0,-0.0003156884388126,-0.0003156884388126,0.0,0.0,0.0296244865793488,0.724516909637866,0.0144903381927573,0.0,0.1,0.2,0.0,0.0,0,0,0.9703755134206512,0.724516909637866,decision_level_baseline_vs_candidate_path_memory_gap_audit,outer_loop_spatial_flow_belief_safe_explore_exploit_memory_v2_2
no_cluster_no_merge,spatial_flow_belief_memory_h30,30,final_heldout,4,r10_l7_full_domain_randomisation_arena_wide_training,r10_l7_full_domain_randomisation_arena_wide_training,r10_no_cluster_no_merge_spatial_flow_belief_memory_h30_final_0004,0,launch_gate,launch_gate,mild_turn_right,primvar_mild_turn_right_transition_object_ee1da6c85686,baseline_and_memory_winner_match,True,primvar_mild_turn_right_transition_object_ee1da6c85686,primvar_mild_turn_right_transition_object_ee1da6c85686,0.0,0.0,0.03,0.0,1.0,0.0007482129511369,0.0007482129511369,0.0,0.0,0.0984664036458219,0.5458297868554207,0.0109165957371084,0.0,0.1,0.2,0.0,0.0,7,0,0.901533596354178,0.5458297868554207,decision_level_baseline_vs_candidate_path_memory_gap_audit,outer_loop_spatial_flow_belief_safe_explore_exploit_memory_v2_2
no_cluster_no_merge,spatial_flow_belief_memory_h30,30,final_heldout,4,r10_l7_full_domain_randomisation_arena_wide_training,r10_l7_full_domain_randomisation_arena_wide_training,r10_no_cluster_no_merge_spatial_flow_belief_memory_h30_final_0004,1,inflight_nominal,inflight_stable,mild_turn_right,primvar_mild_turn_right_transition_object_7b5af5b6a95a,baseline_and_memory_winner_match,True,primvar_mild_turn_right_transition_object_7b5af5b6a95a,primvar_mild_turn_right_transition_object_7b5af5b6a95a,0.0,0.0,0.03,0.0,1.0,0.0009871143539823,0.0009871143539823,0.0,0.0,0.1248717564343584,0.559084090902593,0.0111816818180518,0.0,0.1,0.2,0.0,0.0,7,0,0.8751282435656416,0.559084090902593,decision_level_baseline_vs_candidate_path_memory_gap_audit,outer_loop_spatial_flow_belief_safe_explore_exploit_memory_v2_2
no_cluster_no_merge,spatial_flow_belief_memory_h30,30,final_heldout,4,r10_l7_full_domain_randomisation_arena_wide_training,r10_l7_full_domain_randomisation_arena_wide_training,r10_no_cluster_no_merge_spatial_flow_belief_memory_h30_final_0004,2,inflight_recovery_edge,recoverable_degraded,safe_exit_or_recovery_handoff,primvar_safe_exit_or_recovery_handoff_transition_object_89fe6c2843f5,baseline_and_memory_winner_match,True,primvar_safe_exit_or_recovery_handoff_transition_object_89fe6c2843f5,primvar_safe_exit_or_recovery_handoff_transition_object_89fe6c2843f5,0.0,0.0,0.03,0.0,1.0,0.0007407631324846,0.0007407631324846,0.0,0.0,0.0874630687030319,0.6124421068330446,0.0122488421366608,0.0,0.1,0.2,0.0,0.0,7,0,0.912536931296968,0.6124421068330446,decision_level_baseline_vs_candidate_path_memory_gap_audit,outer_loop_spatial_flow_belief_safe_explore_exploit_memory_v2_2
no_cluster_no_merge,spatial_flow_belief_memory_h30,30,final_heldout,4,r10_l7_full_domain_randomisation_arena_wide_training,r10_l7_full_domain_randomisation_arena_wide_training,r10_no_cluster_no_merge_spatial_flow_belief_memory_h30_final_0004,3,inflight_recovery_edge,recoverable_degraded,safe_exit_or_recovery_handoff,primvar_safe_exit_or_recovery_handoff_transition_object_eb5ec1f84c14,baseline_and_memory_winner_match,True,primvar_safe_exit_or_recovery_handoff_transition_object_eb5ec1f84c14,primvar_safe_exit_or_recovery_handoff_transition_object_eb5ec1f84c14,0.0,0.0,0.03,0.0,1.0,0.0001056647868139,0.0001056647868139,0.0,0.0,0.0408372846725425,0.6439514356225339,0.0128790287124506,0.0,0.1,0.2,0.0,0.0,7,0,0.9591627153274574,0.6439514356225339,decision_level_baseline_vs_candidate_path_memory_gap_audit,outer_loop_spatial_flow_belief_safe_explore_exploit_memory_v2_2
no_cluster_no_merge,spatial_flow_belief_memory_h30,30,final_heldout,4,r10_l7_full_domain_randomisation_arena_wide_training,r10_l7_full_domain_randomisation_arena_wide_training,r10_no_cluster_no_merge_spatial_flow_belief_memory_h30_final_0004,4,inflight_boundary_near,boundary_near,lift_dwell_arc,primvar_lift_dwell_arc_transition_object_052b842e4b9a,baseline_and_memory_winner_match,True,primvar_lift_dwell_arc_transition_object_052b842e4b9a,primvar_lift_dwell_arc_transition_object_052b842e4b9a,0.0,0.0,0.03,0.0,1.0,-0.0004893278676195,-0.0004893278676195,0.0,0.0,0.0753896366291843,0.7293095465054906,0.0145861909301098,0.0,0.1,0.2,0.0,0.0,7,0,0.9246103633708156,0.7293095465054906,decision_level_baseline_vs_candidate_path_memory_gap_audit,outer_loop_spatial_flow_belief_safe_explore_exploit_memory_v2_2
no_cluster_no_merge,spatial_flow_belief_memory_h30,30,final_heldout,4,r10_l7_full_domain_randomisation_arena_wide_training,r10_l7_full_domain_randomisation_arena_wide_training,r10_no_cluster_no_merge_spatial_flow_belief_memory_h30_final_0004,5,inflight_boundary_near,boundary_near,lift_dwell_arc,primvar_lift_dwell_arc_transition_object_052b842e4b9a,baseline_and_memory_winner_match,True,primvar_lift_dwell_arc_transition_object_052b842e4b9a,primvar_lift_dwell_arc_transition_object_052b842e4b9a,0.0,0.0,0.03,0.0,1.0,-0.0005037244492762,-0.0005037244492762,0.0,0.0,0.0400282566208178,0.829956577812806,0.0165991315562561,0.0,0.1,0.2,0.0,0.0,3,0,0.959971743379182,0.829956577812806,decision_level_baseline_vs_candidate_path_memory_gap_audit,outer_loop_spatial_flow_belief_safe_explore_exploit_memory_v2_2
no_cluster_no_merge,spatial_flow_belief_memory_h30,30,final_heldout,4,r10_l7_full_domain_randomisation_arena_wide_training,r10_l7_full_domain_randomisation_arena_wide_training,r10_no_cluster_no_merge_spatial_flow_belief_memory_h30_final_0004,6,inflight_boundary_near,boundary_near,lift_dwell_arc,primvar_lift_dwell_arc_transition_object_e77518a9ca96,baseline_and_memory_winner_match,True,primvar_lift_dwell_arc_transition_object_e77518a9ca96,primvar_lift_dwell_arc_transition_object_e77518a9ca96,0.0,0.0,0.03,0.0,1.0,-0.0008201808363632,-0.0008201808363632,0.0,0.0,0.0592509570126371,0.9407490429873628,0.0188149808597472,0.0,0.1,0.2,0.0,0.0,0,0,0.9407490429873628,0.9407490429873628,decision_level_baseline_vs_candidate_path_memory_gap_audit,outer_loop_spatial_flow_belief_safe_explore_exploit_memory_v2_2
no_cluster_no_merge,spatial_flow_belief_memory_h30,30,final_heldout,4,r10_l7_full_domain_randomisation_arena_wide_training,r10_l7_full_domain_randomisation_arena_wide_training,r10_no_cluster_no_merge_spatial_flow_belief_memory_h30_final_0004,7,inflight_boundary_near,boundary_near,lift_dwell_arc,primvar_lift_dwell_arc_transition_object_e77518a9ca96,rejected_exploration_cross_family_without_memory_confidence,False,primvar_lift_dwell_arc_transition_object_e77518a9ca96,primvar_lift_entry_transition_object_28b2b3339374,7.617834802964296e-07,1.6232663936204548e-06,0.03,0.0,1.0,-0.0005867526933867,-0.0005867526933867,4.999999999810711e-06,0.3246532787363815,0.0499702558182612,0.9500297441817388,0.0190005948836347,0.0,0.1,0.2,0.0,0.0,0,0,0.9498228183274036,0.9498228183274036,decision_level_baseline_vs_candidate_path_memory_gap_audit,outer_loop_spatial_flow_belief_safe_explore_exploit_memory_v2_2
no_cluster_no_merge,spatial_flow_belief_memory_h30,30,final_heldout,4,r10_l7_full_domain_randomisation_arena_wide_training,r10_l7_full_domain_randomisation_arena_wide_training,r10_no_cluster_no_merge_spatial_flow_belief_memory_h30_final_0004,8,inflight_boundary_near,boundary_near,lift_dwell_arc,primvar_lift_dwell_arc_transition_object_e77518a9ca96,rejected_exploration_cross_family_without_memory_confidence,False,primvar_lift_dwell_arc_transition_object_e77518a9ca96,primvar_mild_turn_left_transition_object_9be15d816e32,0.0001385616807283,3.404820981479592e-05,0.03,0.0,1.0,-0.0005074030011398,-0.0005074030011398,2.4999999999941732e-05,1.3619283925950108,0.0534698239305308,0.9465301760694692,0.0189306035213893,0.0,0.1,0.2,0.0,0.0,0,0,0.9400545025238052,0.9400545025238052,decision_level_baseline_vs_candidate_path_memory_gap_audit,outer_loop_spatial_flow_belief_safe_explore_exploit_memory_v2_2
no_cluster_no_merge,spatial_flow_belief_memory_h30,30,final_heldout,4,r10_l7_full_domain_randomisation_arena_wide_training,r10_l7_full_domain_randomisation_arena_wide_training,r10_no_cluster_no_merge_spatial_flow_belief_memory_h30_final_0004,9,inflight_boundary_near,boundary_near,lift_dwell_arc,primvar_lift_dwell_arc_transition_object_e77518a9ca96,rejected_exploration_cross_family_without_memory_confidence,False,primvar_lift_dwell_arc_transition_object_e77518a9ca96,primvar_mild_turn_left_transition_object_49d2f2e3f5ae,0.0005873169094534,0.0001290381684075,0.03,0.0,1.0,-0.0005202313690972,-0.0005202313690972,8.999999999992347e-05,1.4337574267514144,0.0566863196939673,0.9433136803060328,0.0188662736061206,0.0,0.1,0.2,0.0,0.0,0,0,0.9158997432537432,0.9158997432537432,decision_level_baseline_vs_candidate_path_memory_gap_audit,outer_loop_spatial_flow_belief_safe_explore_exploit_memory_v2_2
no_cluster_no_merge,spatial_flow_belief_memory_h30,30,final_heldout,4,r10_l7_full_domain_randomisation_arena_wide_training,r10_l7_full_domain_randomisation_arena_wide_training,r10_no_cluster_no_merge_spatial_flow_belief_memory_h30_final_0004,10,inflight_boundary_near,boundary_near,lift_dwell_arc,primvar_lift_dwell_arc_transition_object_e77518a9ca96,baseline_and_memory_winner_match,True,primvar_lift_dwell_arc_transition_object_e77518a9ca96,primvar_lift_dwell_arc_transition_object_e77518a9ca96,0.0,0.0,0.03,0.0,1.0,-0.0003504055913228,-0.0003504055913228,0.0,0.0,0.0619997701922038,0.938000229807796,0.0187600045961559,0.0,0.1,0.2,0.0,0.0,0,0,0.938000229807796,0.938000229807796,decision_level_baseline_vs_candidate_path_memory_gap_audit,outer_loop_spatial_flow_belief_safe_explore_exploit_memory_v2_2
no_cluster_no_merge,spatial_flow_belief_memory_h30,30,final_heldout,3,r10_l7_full_domain_randomisation_arena_wide_training,r10_l7_full_domain_randomisation_arena_wide_training,r10_no_cluster_no_merge_spatial_flow_belief_memory_h30_final_0003,0,launch_gate,launch_gate,lift_dwell_arc,primvar_lift_dwell_arc_transition_object_17cab9f31bb6,baseline_and_memory_winner_match,True,primvar_lift_dwell_arc_transition_object_17cab9f31bb6,primvar_lift_dwell_arc_transition_object_17cab9f31bb6,0.0,0.0,0.03,0.0,1.0,-2.22204721733732e-07,-2.22204721733732e-07,0.0,0.0,4.4643733345858505e-05,0.7502906285821754,0.0150058125716435,0.0,0.1,0.2,5.639620396726541e-30,4.295367452196641e-27,7,4,0.999955356266654,0.7502906285821754,decision_level_baseline_vs_candidate_path_memory_gap_audit,outer_loop_spatial_flow_belief_safe_explore_exploit_memory_v2_2
no_cluster_no_merge,spatial_flow_belief_memory_h30,30,final_heldout,3,r10_l7_full_domain_randomisation_arena_wide_training,r10_l7_full_domain_randomisation_arena_wide_training,r10_no_cluster_no_merge_spatial_flow_belief_memory_h30_final_0003,1,inflight_boundary_near,boundary_near,lift_dwell_arc,primvar_lift_dwell_arc_transition_object_10b23f39bac2,baseline_and_memory_winner_match,True,primvar_lift_dwell_arc_transition_object_10b23f39bac2,primvar_lift_dwell_arc_transition_object_10b23f39bac2,0.0,0.0,0.03,0.0,1.0,8.37691339428126e-06,8.37691339428126e-06,0.0,0.0,0.0347465680106774,0.7979974796402194,0.0159599495928043,0.0,0.1,0.2,8.484174847970846e-30,5.172339727327632e-27,7,5,0.9652534319893226,0.7979974796402194,decision_level_baseline_vs_candidate_path_memory_gap_audit,outer_loop_spatial_flow_belief_safe_explore_exploit_memory_v2_2
no_cluster_no_merge,spatial_flow_belief_memory_h30,30,final_heldout,3,r10_l7_full_domain_randomisation_arena_wide_training,r10_l7_full_domain_randomisation_arena_wide_training,r10_no_cluster_no_merge_spatial_flow_belief_memory_h30_final_0003,2,inflight_boundary_near,boundary_near,lift_dwell_arc,primvar_lift_dwell_arc_transition_object_10b23f39bac2,baseline_and_memory_winner_match,True,primvar_lift_dwell_arc_transition_object_10b23f39bac2,primvar_lift_dwell_arc_transition_object_10b23f39bac2,0.0,0.0,0.03,0.0,1.0,-4.597731380284742e-05,-4.597731380284742e-05,0.0,0.0,0.0478539058499687,0.8845526839976761,0.0176910536799535,0.0,0.1,0.2,5.7235600176153385e-30,2.0639713727525618e-27,1,2,0.9521460941500312,0.8845526839976761,decision_level_baseline_vs_candidate_path_memory_gap_audit,outer_loop_spatial_flow_belief_safe_explore_exploit_memory_v2_2
no_cluster_no_merge,spatial_flow_belief_memory_h30,30,final_heldout,3,r10_l7_full_domain_randomisation_arena_wide_training,r10_l7_full_domain_randomisation_arena_wide_training,r10_no_cluster_no_merge_spatial_flow_belief_memory_h30_final_0003,3,inflight_boundary_near,boundary_near,safe_exit_or_recovery_handoff,primvar_safe_exit_or_recovery_handoff_transition_object_989fb41df8c2,baseline_and_memory_winner_match,True,primvar_safe_exit_or_recovery_handoff_transition_object_989fb41df8c2,primvar_safe_exit_or_recovery_handoff_transition_object_989fb41df8c2,0.0,0.0,0.03,0.0,1.0,2.6903469713568384e-05,2.6903469713568384e-05,0.0,0.0,0.041476848665716,0.958523151334284,0.0191704630266856,0.0,0.1,0.2,0.0,0.0,0,0,0.958523151334284,0.958523151334284,decision_level_baseline_vs_candidate_path_memory_gap_audit,outer_loop_spatial_flow_belief_safe_explore_exploit_memory_v2_2
no_cluster_no_merge,spatial_flow_belief_memory_h30,30,final_heldout,3,r10_l7_full_domain_randomisation_arena_wide_training,r10_l7_full_domain_randomisation_arena_wide_training,r10_no_cluster_no_merge_spatial_flow_belief_memory_h30_final_0003,4,inflight_boundary_near,boundary_near,safe_exit_or_recovery_handoff,primvar_safe_exit_or_recovery_handoff_transition_object_989fb41df8c2,baseline_and_memory_winner_match,True,primvar_safe_exit_or_recovery_handoff_transition_object_989fb41df8c2,primvar_safe_exit_or_recovery_handoff_transition_object_989fb41df8c2,0.0,0.0,0.03,0.0,1.0,3.0322993337605908e-05,3.0322993337605908e-05,0.0,0.0,0.027616707606595,0.9723832923934048,0.019447665847868,0.0,0.1,0.2,0.0,0.0,0,0,0.9723832923934048,0.9723832923934048,decision_level_baseline_vs_candidate_path_memory_gap_audit,outer_loop_spatial_flow_belief_safe_explore_exploit_memory_v2_2
no_cluster_no_merge,spatial_flow_belief_memory_h30,30,final_heldout,3,r10_l7_full_domain_randomisation_arena_wide_training,r10_l7_full_domain_randomisation_arena_wide_training,r10_no_cluster_no_merge_spatial_flow_belief_memory_h30_final_0003,5,inflight_boundary_near,boundary_near,energy_retaining_bank,primvar_energy_retaining_bank_transition_object_59f915f98b46,baseline_and_memory_winner_match,True,primvar_energy_retaining_bank_transition_object_59f915f98b46,primvar_energy_retaining_bank_transition_object_59f915f98b46,0.0,0.0,0.03,0.0,1.0,3.3790131399591417e-05,3.3790131399591417e-05,0.0,0.0,0.0316270231297999,0.9683729768702,0.019367459537404,0.0,0.1,0.2,0.0,0.0,0,0,0.9683729768702,0.9683729768702,decision_level_baseline_vs_candidate_path_memory_gap_audit,outer_loop_spatial_flow_belief_safe_explore_exploit_memory_v2_2
no_cluster_no_merge,spatial_flow_belief_memory_h30,30,final_heldout,3,r10_l7_full_domain_randomisation_arena_wide_training,r10_l7_full_domain_randomisation_arena_wide_training,r10_no_cluster_no_merge_spatial_flow_belief_memory_h30_final_0003,6,inflight_boundary_near,boundary_near,energy_retaining_bank,primvar_energy_retaining_bank_transition_object_59f915f98b46,baseline_and_memory_winner_match,True,primvar_energy_retaining_bank_transition_object_59f915f98b46,primvar_energy_retaining_bank_transition_object_59f915f98b46,0.0,0.0,0.03,0.0,1.0,4.28165525379054e-05,4.28165525379054e-05,0.0,0.0,0.0377617958746132,0.9622382041253869,0.0192447640825077,0.0,0.1,0.2,0.0,0.0,0,0,0.9622382041253869,0.9622382041253869,decision_level_baseline_vs_candidate_path_memory_gap_audit,outer_loop_spatial_flow_belief_safe_explore_exploit_memory_v2_2
no_cluster_no_merge,spatial_flow_belief_memory_h30,30,final_heldout,3,r10_l7_full_domain_randomisation_arena_wide_training,r10_l7_full_domain_randomisation_arena_wide_training,r10_no_cluster_no_merge_spatial_flow_belief_memory_h30_final_0003,7,inflight_boundary_near,boundary_near,energy_retaining_bank,primvar_energy_retaining_bank_transition_object_59f915f98b46,baseline_and_memory_winner_match,True,primvar_energy_retaining_bank_transition_object_59f915f98b46,primvar_energy_retaining_bank_transition_object_59f915f98b46,0.0,0.0,0.03,0.0,1.0,3.246324601358097e-05,3.246324601358097e-05,0.0,0.0,0.0481756843323764,0.9518243156676236,0.0190364863133524,0.0,0.1,0.2,0.0,0.0,0,0,0.9518243156676236,0.9518243156676236,decision_level_baseline_vs_candidate_path_memory_gap_audit,outer_loop_spatial_flow_belief_safe_explore_exploit_memory_v2_2
no_cluster_no_merge,spatial_flow_belief_memory_h30,30,final_heldout,7,r10_l7_full_domain_randomisation_arena_wide_training,r10_l7_full_domain_randomisation_arena_wide_training,r10_no_cluster_no_merge_spatial_flow_belief_memory_h30_final_0007,0,launch_gate,launch_gate,lift_dwell_arc,primvar_lift_dwell_arc_transition_object_569b281fbb4d,baseline_and_memory_winner_match,True,primvar_lift_dwell_arc_transition_object_569b281fbb4d,primvar_lift_dwell_arc_transition_object_569b281fbb4d,0.0,0.0,0.03,0.0,1.0,-2.8968113813254703e-06,-2.8968113813254703e-06,0.0,0.0,0.0144482424552588,0.4880043786925434,0.0097600875738508,0.0,0.1,0.2,3.510332279560241e-16,1.0926842495292633e-13,7,7,0.9855517575447412,0.4880043786925434,decision_level_baseline_vs_candidate_path_memory_gap_audit,outer_loop_spatial_flow_belief_safe_explore_exploit_memory_v2_2
no_cluster_no_merge,spatial_flow_belief_memory_h30,30,final_heldout,7,r10_l7_full_domain_randomisation_arena_wide_training,r10_l7_full_domain_randomisation_arena_wide_training,r10_no_cluster_no_merge_spatial_flow_belief_memory_h30_final_0007,1,inflight_nominal,inflight_stable,lift_dwell_arc,primvar_lift_dwell_arc_transition_object_3ff3f3ca3c62,baseline_and_memory_winner_match,True,primvar_lift_dwell_arc_transition_object_3ff3f3ca3c62,primvar_lift_dwell_arc_transition_object_3ff3f3ca3c62,0.0,0.0,0.03,0.0,1.0,-0.0001621366050599,-0.0001621366050599,0.0,0.0,0.0874531482883817,0.4641616620670484,0.0092832332413409,0.0,0.1,0.2,0.0,0.0,7,0,0.9125468517116182,0.4641616620670484,decision_level_baseline_vs_candidate_path_memory_gap_audit,outer_loop_spatial_flow_belief_safe_explore_exploit_memory_v2_2
no_cluster_no_merge,spatial_flow_belief_memory_h30,30,final_heldout,7,r10_l7_full_domain_randomisation_arena_wide_training,r10_l7_full_domain_randomisation_arena_wide_training,r10_no_cluster_no_merge_spatial_flow_belief_memory_h30_final_0007,2,inflight_nominal,inflight_stable,lift_dwell_arc,primvar_lift_dwell_arc_transition_object_3ff3f3ca3c62,baseline_and_memory_winner_match,True,primvar_lift_dwell_arc_transition_object_3ff3f3ca3c62,primvar_lift_dwell_arc_transition_object_3ff3f3ca3c62,0.0,0.0,0.03,0.0,1.0,-0.0003102144814965,-0.0003102144814965,0.0,0.0,0.1010279073425526,0.4748095901625602,0.0094961918032512,0.0,0.1,0.2,0.0,0.0,7,0,0.8989720926574474,0.4748095901625602,decision_level_baseline_vs_candidate_path_memory_gap_audit,outer_loop_spatial_flow_belief_safe_explore_exploit_memory_v2_2
no_cluster_no_merge,spatial_flow_belief_memory_h30,30,final_heldout,7,r10_l7_full_domain_randomisation_arena_wide_training,r10_l7_full_domain_randomisation_arena_wide_training,r10_no_cluster_no_merge_spatial_flow_belief_memory_h30_final_0007,3,inflight_nominal,inflight_stable,lift_dwell_arc,primvar_lift_dwell_arc_transition_object_f5212e7a8993,baseline_and_memory_winner_match,True,primvar_lift_dwell_arc_transition_object_f5212e7a8993,primvar_lift_dwell_arc_transition_object_f5212e7a8993,0.0,0.0,0.03,0.0,1.0,-0.0003074814742247,-0.0003074814742247,0.0,0.0,0.1116135501138717,0.5318081887846681,0.0106361637756933,0.0,0.1,0.2,0.0,0.0,7,0,0.8883864498861282,0.5318081887846681,decision_level_baseline_vs_candidate_path_memory_gap_audit,outer_loop_spatial_flow_belief_safe_explore_exploit_memory_v2_2
no_cluster_no_merge,spatial_flow_belief_memory_h30,30,final_heldout,7,r10_l7_full_domain_randomisation_arena_wide_training,r10_l7_full_domain_randomisation_arena_wide_training,r10_no_cluster_no_merge_spatial_flow_belief_memory_h30_final_0007,4,inflight_nominal,inflight_stable,lift_dwell_arc,primvar_lift_dwell_arc_transition_object_f5212e7a8993,baseline_and_memory_winner_match,True,primvar_lift_dwell_arc_transition_object_f5212e7a8993,primvar_lift_dwell_arc_transition_object_f5212e7a8993,0.0,0.0,0.03,0.0,1.0,-0.0003246585948453,-0.0003246585948453,0.0,0.0,0.0715979746036818,0.5848259999117283,0.0116965199982345,0.0,0.1,0.2,0.0,0.0,7,0,0.928402025396318,0.5848259999117283,decision_level_baseline_vs_candidate_path_memory_gap_audit,outer_loop_spatial_flow_belief_safe_explore_exploit_memory_v2_2
no_cluster_no_merge,spatial_flow_belief_memory_h30,30,final_heldout,7,r10_l7_full_domain_randomisation_arena_wide_training,r10_l7_full_domain_randomisation_arena_wide_training,r10_no_cluster_no_merge_spatial_flow_belief_memory_h30_final_0007,5,inflight_nominal,inflight_stable,lift_dwell_arc,primvar_lift_dwell_arc_transition_object_f5212e7a8993,baseline_and_memory_winner_match,True,primvar_lift_dwell_arc_transition_object_f5212e7a8993,primvar_lift_dwell_arc_transition_object_f5212e7a8993,0.0,0.0,0.03,0.0,1.0,-0.000335175897139,-0.000335175897139,0.0,0.0,0.0368077007489147,0.6424488610264905,0.0128489772205298,0.0,0.1,0.2,0.0,0.0,7,0,0.9631922992510852,0.6424488610264905,decision_level_baseline_vs_candidate_path_memory_gap_audit,outer_loop_spatial_flow_belief_safe_explore_exploit_memory_v2_2
no_cluster_no_merge,spatial_flow_belief_memory_h30,30,final_heldout,7,r10_l7_full_domain_randomisation_arena_wide_training,r10_l7_full_domain_randomisation_arena_wide_training,r10_no_cluster_no_merge_spatial_flow_belief_memory_h30_final_0007,6,inflight_nominal,inflight_stable,lift_dwell_arc,primvar_lift_dwell_arc_transition_object_f5212e7a8993,baseline_and_memory_winner_match,True,primvar_lift_dwell_arc_transition_object_f5212e7a8993,primvar_lift_dwell_arc_transition_object_f5212e7a8993,0.0,0.0,0.03,0.0,1.0,-0.0003237242429849,-0.0003237242429849,0.0,0.0,0.0336475962918606,0.6874315745280876,0.0137486314905617,0.0,0.1,0.2,0.0,0.0,7,0,0.9663524037081394,0.6874315745280876,decision_level_baseline_vs_candidate_path_memory_gap_audit,outer_loop_spatial_flow_belief_safe_explore_exploit_memory_v2_2
no_cluster_no_merge,spatial_flow_belief_memory_h30,30,final_heldout,7,r10_l7_full_domain_randomisation_arena_wide_training,r10_l7_full_domain_randomisation_arena_wide_training,r10_no_cluster_no_merge_spatial_flow_belief_memory_h30_final_0007,7,inflight_nominal,inflight_stable,lift_dwell_arc,primvar_lift_dwell_arc_transition_object_f5212e7a8993,baseline_and_memory_winner_match,True,primvar_lift_dwell_arc_transition_object_f5212e7a8993,primvar_lift_dwell_arc_transition_object_f5212e7a8993,0.0,0.0,0.03,0.0,1.0,-0.0004227456200087,-0.0004227456200087,0.0,0.0,0.0409725640514108,0.7346360767584376,0.0146927215351687,0.0,0.1,0.2,8.199017896292392e-08,0.0001900261712632,7,2,0.9590274359485892,0.7346360767584376,decision_level_baseline_vs_candidate_path_memory_gap_audit,outer_loop_spatial_flow_belief_safe_explore_exploit_memory_v2_2
no_cluster_no_merge,spatial_flow_belief_memory_h30,30,final_heldout,7,r10_l7_full_domain_randomisation_arena_wide_training,r10_l7_full_domain_randomisation_arena_wide_training,r10_no_cluster_no_merge_spatial_flow_belief_memory_h30_final_0007,8,inflight_nominal,inflight_stable,lift_dwell_arc,primvar_lift_dwell_arc_transition_object_f5212e7a8993,baseline_and_memory_winner_match,True,primvar_lift_dwell_arc_transition_object_f5212e7a8993,primvar_lift_dwell_arc_transition_object_f5212e7a8993,0.0,0.0,0.03,0.0,1.0,-0.0009483147905335,-0.0009483147905335,0.0,0.0,0.0800000000000015,0.7688950899365784,0.0153779017987315,0.0,0.1,0.2,0.0,0.0,5,0,0.9199999999999984,0.7688950899365784,decision_level_baseline_vs_candidate_path_memory_gap_audit,outer_loop_spatial_flow_belief_safe_explore_exploit_memory_v2_2
no_cluster_no_merge,spatial_flow_belief_memory_h30,30,final_heldout,7,r10_l7_full_domain_randomisation_arena_wide_training,r10_l7_full_domain_randomisation_arena_wide_training,r10_no_cluster_no_merge_spatial_flow_belief_memory_h30_final_0007,9,inflight_boundary_near,boundary_near,energy_retaining_bank,primvar_energy_retaining_bank_transition_object_444a6c5eb99a,baseline_and_memory_winner_match,True,primvar_energy_retaining_bank_transition_object_444a6c5eb99a,primvar_energy_retaining_bank_transition_object_444a6c5eb99a,0.0,0.0,0.03,0.0,1.0,-0.0004389709742327,-0.0004389709742327,0.0,0.0,0.038488089859254,0.8967762209794108,0.0179355244195882,0.0,0.1,0.2,0.0,0.0,0,0,0.961511910140746,0.8967762209794108,decision_level_baseline_vs_candidate_path_memory_gap_audit,outer_loop_spatial_flow_belief_safe_explore_exploit_memory_v2_2
no_cluster_no_merge,spatial_flow_belief_memory_h30,30,final_heldout,7,r10_l7_full_domain_randomisation_arena_wide_training,r10_l7_full_domain_randomisation_arena_wide_training,r10_no_cluster_no_merge_spatial_flow_belief_memory_h30_final_0007,10,inflight_boundary_near,boundary_near,,,,False,,,0.0,0.0,0.0,0.0,0.0,0.0,0.0,0.0,0.0,0.0,1.0,0.0,0.0,0.0,0.0,0.0,0.0,0,0,0.0,0.0,decision_level_baseline_vs_candidate_path_memory_gap_audit,outer_loop_spatial_flow_belief_safe_explore_exploit_memory_v2_2
no_cluster_no_merge,spatial_flow_belief_memory_h30,30,final_heldout,8,r10_l7_full_domain_randomisation_arena_wide_training,r10_l7_full_domain_randomisation_arena_wide_training,r10_no_cluster_no_merge_spatial_flow_belief_memory_h30_final_0008,0,launch_gate,launch_gate,mild_turn_left,primvar_mild_turn_left_transition_object_1bbffe24d4e9,baseline_and_memory_winner_match,True,primvar_mild_turn_left_transition_object_1bbffe24d4e9,primvar_mild_turn_left_transition_object_1bbffe24d4e9,0.0,0.0,0.03,0.0,1.0,0.0001470390413252,0.0001470390413252,0.0,0.0,0.0510603847079508,0.5062261395404157,0.0101245227908083,0.0,0.1,0.2,2.52616153633621e-05,0.0118450915574736,7,5,0.9489396152920492,0.5062261395404157,decision_level_baseline_vs_candidate_path_memory_gap_audit,outer_loop_spatial_flow_belief_safe_explore_exploit_memory_v2_2
no_cluster_no_merge,spatial_flow_belief_memory_h30,30,final_heldout,8,r10_l7_full_domain_randomisation_arena_wide_training,r10_l7_full_domain_randomisation_arena_wide_training,r10_no_cluster_no_merge_spatial_flow_belief_memory_h30_final_0008,1,inflight_nominal,inflight_stable,recovery,primvar_recovery_transition_object_4268876749b8,baseline_and_memory_winner_match,True,primvar_recovery_transition_object_4268876749b8,primvar_recovery_transition_object_4268876749b8,0.0,0.0,0.03,0.0,1.0,0.0001001777132192,0.0001001777132192,0.0,0.0,0.0805162599232817,0.5067501254895751,0.0101350025097915,0.0,0.1,0.2,0.0002035037947442,0.0569405911583956,7,5,0.9194837400767184,0.5067501254895751,decision_level_baseline_vs_candidate_path_memory_gap_audit,outer_loop_spatial_flow_belief_safe_explore_exploit_memory_v2_2
no_cluster_no_merge,spatial_flow_belief_memory_h30,30,final_heldout,8,r10_l7_full_domain_randomisation_arena_wide_training,r10_l7_full_domain_randomisation_arena_wide_training,r10_no_cluster_no_merge_spatial_flow_belief_memory_h30_final_0008,2,inflight_nominal,inflight_stable,recovery,primvar_recovery_transition_object_4268876749b8,baseline_and_memory_winner_match,True,primvar_recovery_transition_object_4268876749b8,primvar_recovery_transition_object_4268876749b8,0.0,0.0,0.03,0.0,1.0,-0.0001370398771556,-0.0001370398771556,0.0,0.0,0.0453596437959307,0.5518090485901211,0.0110361809718024,0.0,0.1,0.2,2.9816026872475204e-09,1.895741417021163e-06,7,4,0.9546403562040692,0.5518090485901211,decision_level_baseline_vs_candidate_path_memory_gap_audit,outer_loop_spatial_flow_belief_safe_explore_exploit_memory_v2_2
no_cluster_no_merge,spatial_flow_belief_memory_h30,30,final_heldout,8,r10_l7_full_domain_randomisation_arena_wide_training,r10_l7_full_domain_randomisation_arena_wide_training,r10_no_cluster_no_merge_spatial_flow_belief_memory_h30_final_0008,3,inflight_nominal,inflight_stable,recovery,primvar_recovery_transition_object_4268876749b8,baseline_and_memory_winner_match,True,primvar_recovery_transition_object_4268876749b8,primvar_recovery_transition_object_4268876749b8,0.0,0.0,0.03,0.0,1.0,-0.0001640456573022,-0.0001640456573022,0.0,0.0,0.0372860043949224,0.5890203051375202,0.0117804061027504,0.0,0.1,0.2,3.440172170436663e-07,0.0003021298624738,7,4,0.9627139956050776,0.5890203051375202,decision_level_baseline_vs_candidate_path_memory_gap_audit,outer_loop_spatial_flow_belief_safe_explore_exploit_memory_v2_2
no_cluster_no_merge,spatial_flow_belief_memory_h30,30,final_heldout,8,r10_l7_full_domain_randomisation_arena_wide_training,r10_l7_full_domain_randomisation_arena_wide_training,r10_no_cluster_no_merge_spatial_flow_belief_memory_h30_final_0008,4,inflight_recovery_edge,recoverable_degraded,safe_exit_or_recovery_handoff,primvar_safe_exit_or_recovery_handoff_transition_object_54443200afd9,baseline_and_memory_winner_match,True,primvar_safe_exit_or_recovery_handoff_transition_object_54443200afd9,primvar_safe_exit_or_recovery_handoff_transition_object_54443200afd9,0.0,0.0,0.03,0.0,1.0,-0.0002230035340873,-0.0002230035340873,0.0,0.0,0.0454391575973286,0.6259961622570157,0.0125199232451403,0.0,0.1,0.2,5.256439753423232e-07,0.0004091451605188,7,10,0.9545608424026714,0.6259961622570157,decision_level_baseline_vs_candidate_path_memory_gap_audit,outer_loop_spatial_flow_belief_safe_explore_exploit_memory_v2_2
no_cluster_no_merge,spatial_flow_belief_memory_h30,30,final_heldout,8,r10_l7_full_domain_randomisation_arena_wide_training,r10_l7_full_domain_randomisation_arena_wide_training,r10_no_cluster_no_merge_spatial_flow_belief_memory_h30_final_0008,5,inflight_nominal,inflight_stable,lift_entry,primvar_lift_entry_transition_object_a65393bbc7f9,baseline_and_memory_winner_match,True,primvar_lift_entry_transition_object_a65393bbc7f9,primvar_lift_entry_transition_object_a65393bbc7f9,0.0,0.0,0.03,0.0,1.0,-0.0002323663174768,-0.0002323663174768,0.0,0.0,0.0342352238107437,0.7398366930205572,0.0147967338604111,0.0,0.1,0.2,1.427635181997497e-07,9.413867288561032e-05,7,6,0.9657647761892564,0.7398366930205572,decision_level_baseline_vs_candidate_path_memory_gap_audit,outer_loop_spatial_flow_belief_safe_explore_exploit_memory_v2_2
no_cluster_no_merge,spatial_flow_belief_memory_h30,30,final_heldout,8,r10_l7_full_domain_randomisation_arena_wide_training,r10_l7_full_domain_randomisation_arena_wide_training,r10_no_cluster_no_merge_spatial_flow_belief_memory_h30_final_0008,6,inflight_nominal,inflight_stable,lift_entry,primvar_lift_entry_transition_object_a65393bbc7f9,baseline_and_memory_winner_match,True,primvar_lift_entry_transition_object_a65393bbc7f9,primvar_lift_entry_transition_object_a65393bbc7f9,0.0,0.0,0.03,0.0,1.0,-0.0002655366985093,-0.0002655366985093,0.0,0.0,0.037677673578966,0.8075480596087895,0.0161509611921757,0.0,0.1,0.2,0.0,0.0,4,0,0.962322326421034,0.8075480596087895,decision_level_baseline_vs_candidate_path_memory_gap_audit,outer_loop_spatial_flow_belief_safe_explore_exploit_memory_v2_2
no_cluster_no_merge,spatial_flow_belief_memory_h30,30,final_heldout,8,r10_l7_full_domain_randomisation_arena_wide_training,r10_l7_full_domain_randomisation_arena_wide_training,r10_no_cluster_no_merge_spatial_flow_belief_memory_h30_final_0008,7,inflight_nominal,inflight_stable,lift_entry,primvar_lift_entry_transition_object_a65393bbc7f9,baseline_and_memory_winner_match,True,primvar_lift_entry_transition_object_a65393bbc7f9,primvar_lift_entry_transition_object_a65393bbc7f9,0.0,0.0,0.03,0.0,1.0,-0.0002818523973779,-0.0002818523973779,0.0,0.0,0.0380206798183504,0.9010407535190856,0.0180208150703817,0.0,0.1,0.2,0.0,0.0,0,0,0.9619793201816496,0.9010407535190856,decision_level_baseline_vs_candidate_path_memory_gap_audit,outer_loop_spatial_flow_belief_safe_explore_exploit_memory_v2_2
no_cluster_no_merge,spatial_flow_belief_memory_h30,30,final_heldout,8,r10_l7_full_domain_randomisation_arena_wide_training,r10_l7_full_domain_randomisation_arena_wide_training,r10_no_cluster_no_merge_spatial_flow_belief_memory_h30_final_0008,8,inflight_nominal,inflight_stable,lift_entry,primvar_lift_entry_transition_object_a65393bbc7f9,baseline_and_memory_winner_match,True,primvar_lift_entry_transition_object_a65393bbc7f9,primvar_lift_entry_transition_object_a65393bbc7f9,0.0,0.0,0.03,0.0,1.0,-0.0003279403815865,-0.0003279403815865,0.0,0.0,0.0432561966134485,0.9567438033865514,0.019134876067731,0.0,0.1,0.2,0.0,0.0,0,0,0.9567438033865514,0.9567438033865514,decision_level_baseline_vs_candidate_path_memory_gap_audit,outer_loop_spatial_flow_belief_safe_explore_exploit_memory_v2_2
no_cluster_no_merge,spatial_flow_belief_memory_h30,30,final_heldout,8,r10_l7_full_domain_randomisation_arena_wide_training,r10_l7_full_domain_randomisation_arena_wide_training,r10_no_cluster_no_merge_spatial_flow_belief_memory_h30_final_0008,9,inflight_boundary_near,boundary_near,mild_turn_left,primvar_mild_turn_left_transition_object_dce8f75ea53c,baseline_and_memory_winner_match,True,primvar_mild_turn_left_transition_object_dce8f75ea53c,primvar_mild_turn_left_transition_object_dce8f75ea53c,0.0,0.0,0.03,0.0,1.0,-0.0002981162751956,-0.0002981162751956,0.0,0.0,0.0393836168387341,0.960616383161266,0.0192123276632253,0.0,0.1,0.2,0.0,0.0,0,0,0.960616383161266,0.960616383161266,decision_level_baseline_vs_candidate_path_memory_gap_audit,outer_loop_spatial_flow_belief_safe_explore_exploit_memory_v2_2
no_cluster_no_merge,spatial_flow_belief_memory_h30,30,final_heldout,8,r10_l7_full_domain_randomisation_arena_wide_training,r10_l7_full_domain_randomisation_arena_wide_training,r10_no_cluster_no_merge_spatial_flow_belief_memory_h30_final_0008,10,inflight_boundary_near,boundary_near,energy_retaining_bank,primvar_energy_retaining_bank_transition_object_4ba16dc62b26,baseline_and_memory_winner_match,True,primvar_energy_retaining_bank_transition_object_4ba16dc62b26,primvar_energy_retaining_bank_transition_object_4ba16dc62b26,0.0,0.0,0.03,0.0,1.0,-0.0002794174311149,-0.0002794174311149,0.0,0.0,0.043971376759611,0.956028623240389,0.0191205724648077,0.0,0.1,0.2,0.0,0.0,0,0,0.956028623240389,0.956028623240389,decision_level_baseline_vs_candidate_path_memory_gap_audit,outer_loop_spatial_flow_belief_safe_explore_exploit_memory_v2_2
no_cluster_no_merge,spatial_flow_belief_memory_h30,30,final_heldout,8,r10_l7_full_domain_randomisation_arena_wide_training,r10_l7_full_domain_randomisation_arena_wide_training,r10_no_cluster_no_merge_spatial_flow_belief_memory_h30_final_0008,11,inflight_boundary_near,boundary_near,mild_turn_left,primvar_mild_turn_left_transition_object_dce8f75ea53c,baseline_and_memory_winner_match,True,primvar_mild_turn_left_transition_object_dce8f75ea53c,primvar_mild_turn_left_transition_object_dce8f75ea53c,0.0,0.0,0.03,0.0,1.0,-0.0002339136722042,-0.0002339136722042,0.0,0.0,0.0343525227332935,0.9656474772667064,0.0193129495453341,0.0,0.1,0.2,0.0,0.0,0,0,0.9656474772667064,0.9656474772667064,decision_level_baseline_vs_candidate_path_memory_gap_audit,outer_loop_spatial_flow_belief_safe_explore_exploit_memory_v2_2
no_cluster_no_merge,spatial_flow_belief_memory_h30,30,final_heldout,9,r10_l7_full_domain_randomisation_arena_wide_training,r10_l7_full_domain_randomisation_arena_wide_training,r10_no_cluster_no_merge_spatial_flow_belief_memory_h30_final_0009,0,launch_gate,launch_gate,mild_turn_right,primvar_mild_turn_right_transition_object_800116bd9d08,baseline_and_memory_winner_match,True,primvar_mild_turn_right_transition_object_800116bd9d08,primvar_mild_turn_right_transition_object_800116bd9d08,0.0,0.0,0.03,0.0,1.0,-2.302656568020645e-05,-2.302656568020645e-05,0.0,0.0,0.0218380534112984,0.656081002455149,0.0131216200491029,0.0,0.1,0.2,0.0,0.0,7,0,0.9781619465887016,0.656081002455149,decision_level_baseline_vs_candidate_path_memory_gap_audit,outer_loop_spatial_flow_belief_safe_explore_exploit_memory_v2_2
no_cluster_no_merge,spatial_flow_belief_memory_h30,30,final_heldout,9,r10_l7_full_domain_randomisation_arena_wide_training,r10_l7_full_domain_randomisation_arena_wide_training,r10_no_cluster_no_merge_spatial_flow_belief_memory_h30_final_0009,1,inflight_boundary_near,boundary_near,lift_dwell_arc,primvar_lift_dwell_arc_transition_object_dc88f167daff,baseline_and_memory_winner_match,True,primvar_lift_dwell_arc_transition_object_dc88f167daff,primvar_lift_dwell_arc_transition_object_dc88f167daff,0.0,0.0,0.03,0.0,1.0,-8.0590512547829e-06,-8.0590512547829e-06,0.0,0.0,0.0560897610059063,0.6812645630366343,0.0136252912607326,0.0,0.1,0.2,0.0,0.0,7,0,0.9439102389940937,0.6812645630366343,decision_level_baseline_vs_candidate_path_memory_gap_audit,outer_loop_spatial_flow_belief_safe_explore_exploit_memory_v2_2
no_cluster_no_merge,spatial_flow_belief_memory_h30,30,final_heldout,9,r10_l7_full_domain_randomisation_arena_wide_training,r10_l7_full_domain_randomisation_arena_wide_training,r10_no_cluster_no_merge_spatial_flow_belief_memory_h30_final_0009,2,inflight_boundary_near,boundary_near,lift_dwell_arc,primvar_lift_dwell_arc_transition_object_dc88f167daff,baseline_and_memory_winner_match,True,primvar_lift_dwell_arc_transition_object_dc88f167daff,primvar_lift_dwell_arc_transition_object_dc88f167daff,0.0,0.0,0.03,0.0,1.0,1.868438303187503e-05,1.868438303187503e-05,0.0,0.0,0.0438618549038273,0.7563978879602639,0.0151279577592052,0.0,0.1,0.2,0.0,0.0,7,0,0.9561381450961726,0.7563978879602639,decision_level_baseline_vs_candidate_path_memory_gap_audit,outer_loop_spatial_flow_belief_safe_explore_exploit_memory_v2_2
no_cluster_no_merge,spatial_flow_belief_memory_h30,30,final_heldout,9,r10_l7_full_domain_randomisation_arena_wide_training,r10_l7_full_domain_randomisation_arena_wide_training,r10_no_cluster_no_merge_spatial_flow_belief_memory_h30_final_0009,3,inflight_boundary_near,boundary_near,lift_dwell_arc,primvar_lift_dwell_arc_transition_object_dc88f167daff,baseline_and_memory_winner_match,True,primvar_lift_dwell_arc_transition_object_dc88f167daff,primvar_lift_dwell_arc_transition_object_dc88f167daff,0.0,0.0,0.03,0.0,1.0,-0.0001215560666268,-0.0001215560666268,0.0,0.0,0.0392418943905816,0.8474575220537681,0.0169491504410753,0.0,0.1,0.2,0.0,0.0,4,0,0.9607581056094184,0.8474575220537681,decision_level_baseline_vs_candidate_path_memory_gap_audit,outer_loop_spatial_flow_belief_safe_explore_exploit_memory_v2_2
no_cluster_no_merge,spatial_flow_belief_memory_h30,30,final_heldout,9,r10_l7_full_domain_randomisation_arena_wide_training,r10_l7_full_domain_randomisation_arena_wide_training,r10_no_cluster_no_merge_spatial_flow_belief_memory_h30_final_0009,4,inflight_boundary_near,boundary_near,energy_retaining_bank,primvar_energy_retaining_bank_transition_object_59f915f98b46,baseline_and_memory_winner_match,True,primvar_energy_retaining_bank_transition_object_59f915f98b46,primvar_energy_retaining_bank_transition_object_59f915f98b46,0.0,0.0,0.03,0.0,1.0,-0.0002467580044336,-0.0002467580044336,0.0,0.0,0.0342984788404385,0.9657015211595614,0.0193140304231912,0.0,0.1,0.2,0.0,0.0,0,0,0.9657015211595614,0.9657015211595614,decision_level_baseline_vs_candidate_path_memory_gap_audit,outer_loop_spatial_flow_belief_safe_explore_exploit_memory_v2_2
no_cluster_no_merge,spatial_flow_belief_memory_h30,30,final_heldout,9,r10_l7_full_domain_randomisation_arena_wide_training,r10_l7_full_domain_randomisation_arena_wide_training,r10_no_cluster_no_merge_spatial_flow_belief_memory_h30_final_0009,5,inflight_boundary_near,boundary_near,energy_retaining_bank,primvar_energy_retaining_bank_transition_object_59f915f98b46,baseline_and_memory_winner_match,True,primvar_energy_retaining_bank_transition_object_59f915f98b46,primvar_energy_retaining_bank_transition_object_59f915f98b46,0.0,0.0,0.03,0.0,1.0,-0.0002603344302283,-0.0002603344302283,0.0,0.0,0.0321033470759201,0.96789665292408,0.0193579330584816,0.0,0.1,0.2,0.0,0.0,0,0,0.96789665292408,0.96789665292408,decision_level_baseline_vs_candidate_path_memory_gap_audit,outer_loop_spatial_flow_belief_safe_explore_exploit_memory_v2_2
no_cluster_no_merge,spatial_flow_belief_memory_h30,30,final_heldout,9,r10_l7_full_domain_randomisation_arena_wide_training,r10_l7_full_domain_randomisation_arena_wide_training,r10_no_cluster_no_merge_spatial_flow_belief_memory_h30_final_0009,6,inflight_boundary_near,boundary_near,energy_retaining_bank,primvar_energy_retaining_bank_transition_object_59f915f98b46,baseline_and_memory_winner_match,True,primvar_energy_retaining_bank_transition_object_59f915f98b46,primvar_energy_retaining_bank_transition_object_59f915f98b46,0.0,0.0,0.03,0.0,1.0,-0.000242635201177,-0.000242635201177,0.0,0.0,0.0321911822417178,0.9678088177582822,0.0193561763551656,0.0,0.1,0.2,0.0,0.0,0,0,0.9678088177582822,0.9678088177582822,decision_level_baseline_vs_candidate_path_memory_gap_audit,outer_loop_spatial_flow_belief_safe_explore_exploit_memory_v2_2
no_cluster_no_merge,spatial_flow_belief_memory_h30,30,final_heldout,9,r10_l7_full_domain_randomisation_arena_wide_training,r10_l7_full_domain_randomisation_arena_wide_training,r10_no_cluster_no_merge_spatial_flow_belief_memory_h30_final_0009,7,inflight_boundary_near,boundary_near,energy_retaining_bank,primvar_energy_retaining_bank_transition_object_59f915f98b46,baseline_and_memory_winner_match,True,primvar_energy_retaining_bank_transition_object_59f915f98b46,primvar_energy_retaining_bank_transition_object_59f915f98b46,0.0,0.0,0.03,0.0,1.0,-0.0002507343064679,-0.0002507343064679,0.0,0.0,0.0363485481525357,0.9636514518474644,0.0192730290369492,0.0,0.1,0.2,0.0,0.0,0,0,0.9636514518474644,0.9636514518474644,decision_level_baseline_vs_candidate_path_memory_gap_audit,outer_loop_spatial_flow_belief_safe_explore_exploit_memory_v2_2
no_cluster_no_merge,spatial_flow_belief_memory_h30,30,final_heldout,9,r10_l7_full_domain_randomisation_arena_wide_training,r10_l7_full_domain_randomisation_arena_wide_training,r10_no_cluster_no_merge_spatial_flow_belief_memory_h30_final_0009,8,inflight_boundary_near,boundary_near,safe_exit_or_recovery_handoff,primvar_safe_exit_or_recovery_handoff_transition_object_989fb41df8c2,baseline_and_memory_winner_match,True,primvar_safe_exit_or_recovery_handoff_transition_object_989fb41df8c2,primvar_safe_exit_or_recovery_handoff_transition_object_989fb41df8c2,0.0,0.0,0.03,0.0,1.0,-0.0002994593418563,-0.0002994593418563,0.0,0.0,0.0561020521018442,0.9438979478981556,0.0188779589579631,0.0,0.1,0.2,0.0,0.0,0,0,0.9438979478981556,0.9438979478981556,decision_level_baseline_vs_candidate_path_memory_gap_audit,outer_loop_spatial_flow_belief_safe_explore_exploit_memory_v2_2
