t_host_s,frame_number,vicon_frame_rate_hz,vicon_latency_s,estimator_dt_s,estimator_dt_source,estimator_frame_delta,estimator_frame_rate_hz,estimator_body_rate_limited,estimator_rate_confidence,estimator_rate_window_frames,estimator_spike_rejected,estimator_observer_mode,estimator_raw_body_rate_norm_rad_s,estimator_body_rate_residual_norm_rad_s,estimator_attitude_transform_applied,trigger_source,trigger_approved,base_trigger_approved_before_rate_confidence,rate_confidence_ok,launch_gate_consecutive_approved,launch_trigger_x_w_m,crossed_launch_plane,full_window_reason,interpolated_plane_reason,approved,reason,x_w_m,y_w_m,z_w_m,phi_deg,theta_deg,psi_deg,speed_m_s,p_rad_s,q_rad_s,r_rad_s,x_w,y_w,z_w,phi,theta,psi,u,v,w,p,q,r,delta_a,delta_e,delta_r
358109.1612835,1886981,200.0,0.015003599997726269,0.0,not_initialised,0,200.0,False,0.0,1,False,warming_first_frame,0.0,0.0,True,tracking,False,False,False,0,1.2999999999999998,False,x_w_outside_launch_gate,,False,x_w_outside_launch_gate,3.632225698509206,2.822072700123621,1.4280134558193758,-101.65841115267757,28.350772003316724,112.91082720166135,0.0,0.0,0.0,0.0,3.632225698509206,2.822072700123621,1.4280134558193758,-1.7742739869603474,0.4948143169401056,1.970665695819366,0.0,0.0,0.0,0.0,0.0,0.0,0.0,0.0,0.0
358109.1680356,1886982,200.0,0.014529599997331388,0.005,vicon_frame_time,1,200.0,False,0.25,2,False,so3_window,2.2689593869928553,0.0,True,tracking,False,False,False,0,1.2999999999999998,False,x_w_outside_launch_gate,,False,x_w_outside_launch_gate,3.6263314781490066,2.8220959475087897,1.4293957159729187,-102.12661482878214,28.581732786318643,113.13460425865993,0.26908660720694844,-0.44594334423667886,-0.1862514621520428,0.14387140662841738,3.6263314781490066,2.8220959475087897,1.4293957159729187,-1.7824456826783133,0.4988453430464732,1.9745713422544142,0.12061191382477242,-0.04636562934678545,0.23603092347603255,-0.44594334423667886,-0.1862514621520428,0.14387140662841738,0.0,0.0,0.0
358109.1742295,1886983,200.0,0.0147735999962606,0.005,vicon_frame_time,1,200.0,False,0.45,3,False,so3_window,2.125190726735715,0.0,True,tracking,False,False,False,0,1.2999999999999998,False,x_w_outside_launch_gate,,False,x_w_outside_launch_gate,3.6202591639932296,2.822292001217244,1.4307924451945049,-102.54229371820503,28.847195663531558,113.34390442514193,0.48631791492830756,-0.7473030456144194,-0.3279598132810746,0.2826566270871727,3.6202591639932296,2.822292001217244,1.4307924451945049,-1.7897006479297761,0.503478544295656,1.9782243192844975,0.2250541308819669,-0.09219293188650185,0.4211368137118268,-0.7473030456144194,-0.3279598132810746,0.2826566270871727,0.0,0.0,0.0
358109.1933587,1886984,200.0,0.014678499999718042,0.005,vicon_frame_time,1,200.0,False,0.6,4,False,so3_window,2.126039481604993,0.0,True,tracking,False,False,False,0,1.2999999999999998,False,x_w_outside_launch_gate,,False,x_w_outside_launch_gate,3.6143104536404196,2.822359348506667,1.432023402016953,-102.97752173611006,29.075746906265593,113.54995047368445,0.6482089075364269,-0.9962467869659802,-0.43063128500453096,0.36187075949753783,3.6143104536404196,2.822359348506667,1.432023402016953,-1.797296809839148,0.5074675159908897,1.9818205012422885,0.297409429225706,-0.13420993034719048,0.5600983072759729,-0.9962467869659802,-0.43063128500453096,0.36187075949753783,0.0,0.0,0.0
358109.1998111,1886989,200.0,0.014602499995817197,0.025,vicon_frame_time,5,200.0,False,0.8,5,False,so3_window,2.1842354233644268,0.0,True,tracking,False,False,True,0,1.2999999999999998,False,x_w_outside_launch_gate,,False,x_w_outside_launch_gate,3.5846062922236532,2.823475759057679,1.4387354547043878,-105.01521999245071,30.36719168039968,114.77342549114636,1.0564712642057188,-1.6041249954229029,-0.7935295261550673,0.6005067222102778,3.5846062922236532,2.823475759057679,1.4387354547043878,-1.8328613535744396,0.530007479407204,2.003174168612894,0.517034174126243,-0.2714598439095878,0.880407149006984,-1.6041249954229029,-0.7935295261550673,0.6005067222102778,0.0,0.0,0.0
358109.207178,1886990,200.0,0.014597299999877578,0.005,vicon_frame_time,1,200.0,False,0.9,6,False,so3_window,2.375652549723117,0.36941301949135485,True,tracking,False,False,True,0,1.2999999999999998,False,x_w_outside_launch_gate,,False,x_w_outside_launch_gate,3.5787342777180675,2.8234976869293917,1.43999396846616,-105.46741757409939,30.563878532074124,115.06624403055686,1.088510393447109,-1.6862251562655939,-0.8330286464217999,0.5722233979061915,3.5787342777180675,2.8234976869293917,1.43999396846616,-1.840753690243765,0.5334403125643048,2.008284816236488,0.5295999324170904,-0.2902982120792878,0.9055968950309856,-1.6862251562655939,-0.8330286464217999,0.5722233979061915,0.0,0.0,0.0
358109.2144409,1886991,200.0,0.014624399998865556,0.005,vicon_frame_time,1,200.0,False,0.95,7,False,so3_window,2.096789153569925,0.12161594968503173,True,tracking,False,False,True,0,1.2999999999999998,False,x_w_outside_launch_gate,,False,x_w_outside_launch_gate,3.5727404389336805,2.8236038642257917,1.4411750964275856,-105.84375159304072,30.805624840809976,115.31876039644371,1.1181088858487827,-1.6990991938126254,-0.8537970569201825,0.5781846616946335,3.5727404389336805,2.8236038642257917,1.4411750964275856,-1.8473219579615539,0.5376595816062881,2.012692058236384,0.5429749127119964,-0.3132828040071791,0.925850749037233,-1.6990991938126254,-0.8537970569201825,0.5781846616946335,0.0,0.0,0.0
358109.2211771,1886992,200.0,0.014039899997442262,0.005,vicon_frame_time,1,200.0,False,0.95,7,False,so3_window,2.7234087510911418,0.5997886828248145,True,tracking,False,False,True,0,1.2999999999999998,False,x_w_outside_launch_gate,,False,x_w_outside_launch_gate,3.56691911366092,2.8237038735777453,1.4425684088182098,-106.3315802890104,31.050181195560228,115.679419731466,1.1356573488683748,-1.8075675990901021,-0.9238687089999824,0.5686490186784061,3.56691911366092,2.8237038735777453,1.4425684088182098,-1.8558361748919352,0.5419278952033553,2.0189867511105763,0.5576598463587483,-0.32478841707887074,0.9344761066658068,-1.8075675990901021,-0.9238687089999824,0.5686490186784061,0.0,0.0,0.0
358109.2627894,1886993,200.0,0.014257499999075662,0.005,vicon_frame_time,1,200.0,False,0.95,7,False,so3_window,2.5519192707716205,0.6838028360707139,True,tracking,False,False,True,0,1.2999999999999998,False,x_w_outside_launch_gate,,False,x_w_outside_launch_gate,3.56109414634131,2.8237349826171374,1.4441215399754637,-106.76789110934375,31.17945704708494,116.06895068491995,1.1510108991263222,-1.8772509734254939,-0.9772965485200467,0.4906991115827288,3.56109414634131,2.8237349826171374,1.4441215399754637,-1.8634512352688295,0.5441841844557809,2.0257853487867807,0.5722458769287772,-0.32827020763011144,0.9431857807601232,-1.8772509734254939,-0.9772965485200467,0.4906991115827288,0.0,0.0,0.0
358109.2699907,1887002,200.0,0.014854299999569776,0.045,vicon_frame_time,9,200.0,False,0.95,7,False,so3_window,2.330234531720782,0.19239459987366472,True,tracking,False,False,True,0,1.2999999999999998,False,x_w_outside_launch_gate,,False,x_w_outside_launch_gate,3.5084346944378226,2.8231560529662465,1.455656002195485,-110.1180639476339,33.31172101682231,119.13176862928464,1.1930729051599733,-1.914604145957986,-1.1370510509155596,0.47450888273838077,3.5084346944378226,2.8231560529662465,1.455656002195485,-1.9219227818078761,0.5813992112493427,2.079241606305109,0.6081630895698744,-0.4384417961279138,0.928078339861357,-1.914604145957986,-1.1370510509155596,0.47450888273838077,0.0,0.0,0.0
358109.2774839,1887004,200.0,0.014915899995685322,0.01,vicon_frame_time,2,200.0,False,0.95,7,False,so3_window,2.083160829677193,0.265425462635897,True,tracking,False,False,True,0,1.2999999999999998,False,x_w_outside_launch_gate,,False,x_w_outside_launch_gate,3.4970166619245937,2.822550193966748,1.4583932250828981,-110.73267708626715,33.71473997299671,119.7922128942888,1.1858978447993382,-1.8537194879070975,-1.1397416377051524,0.42984422723898114,3.4970166619245937,2.822550193966748,1.4583932250828981,-1.9326498047030427,0.5884332189825368,2.0907685332553454,0.6025810420936852,-0.44017924163217537,0.9216789143975934,-1.8537194879070975,-1.1397416377051524,0.42984422723898114,0.0,0.0,0.0
358109.2841042,1887005,200.0,0.015088499996636529,0.005,vicon_frame_time,1,200.0,False,0.95,7,False,so3_window,2.011726226431539,0.8961608504392141,True,tracking,False,False,True,0,1.2999999999999998,False,x_w_outside_launch_gate,,False,x_w_outside_launch_gate,3.491088983217246,2.822596094925223,1.4596508171419262,-110.91220050995749,34.107418083583894,120.08670562059847,1.1915553150591884,-1.7447887688306867,-1.1638941776085272,0.5211937258495152,3.491088983217246,2.822596094925223,1.4596508171419262,-1.935783079530892,0.5952867449127934,2.0959084009526237,0.6137293749907047,-0.456822927668629,0.9134840643796602,-1.7447887688306867,-1.1638941776085272,0.5211937258495152,0.0,0.0,0.0
358109.290722,1887006,200.0,0.014955499998904997,0.005,vicon_frame_time,1,200.0,False,0.95,7,False,so3_window,2.092047044085723,0.12173467198190255,True,tracking,False,False,True,0,1.2999999999999998,False,x_w_outside_launch_gate,,False,x_w_outside_launch_gate,3.4853810775193335,2.822231577989058,1.4607794928831506,-111.22237720370688,34.368123075061405,120.3870304853269,1.185598528046108,-1.7327466014136235,-1.1592222431187058,0.5239396276844976,3.4853810775193335,2.822231577989058,1.4607794928831506,-1.941196684099769,0.5998369053904598,2.1011500586677414,0.603102243096575,-0.4662689936993355,0.9080224554445704,-1.7327466014136235,-1.1592222431187058,0.5239396276844976,0.0,0.0,0.0
358109.3141489,1887007,200.0,0.015037499997561099,0.005,vicon_frame_time,1,200.0,False,0.95,7,False,so3_window,1.9259087582360708,0.23269602450096322,True,tracking,False,False,True,0,1.2999999999999998,False,x_w_outside_launch_gate,,False,x_w_outside_launch_gate,3.479755424955482,2.821929481286,1.4621397510042682,-111.475134101258,34.60598366340595,120.69605073111302,1.1796055931277354,-1.6927967312888417,-1.1544124603996424,0.5115559227068057,3.479755424955482,2.821929481286,1.4621397510042682,-1.945608124169162,0.603988355817803,2.1065434794120312,0.6021192870126264,-0.4652312498405299,0.9013776143867015,-1.6927967312888417,-1.1544124603996424,0.5115559227068057,0.0,0.0,0.0
358109.3203491,1887013,200.0,0.01432119999662973,0.03,vicon_frame_time,6,200.0,False,0.95,7,False,so3_window,1.8839674161127704,0.3481857864381354,True,tracking,False,False,True,0,1.2999999999999998,False,x_w_outside_launch_gate,,False,x_w_outside_launch_gate,3.4458605644972993,2.8201910540879345,1.4691550832747602,-112.80904008534043,36.33973298088857,122.4321356245991,1.1605690926271222,-1.4996688330069505,-1.1472313151843871,0.5773372892129457,3.4458605644972993,2.8201910540879345,1.4691550832747602,-1.9688891755034554,0.6342479898120792,2.1368438768974984,0.5952027946315899,-0.5124297577489042,0.8544413352580073,-1.4996688330069505,-1.1472313151843871,0.5773372892129457,0.0,0.0,0.0
358109.3269764,1887014,200.0,0.014880399998219218,0.005,vicon_frame_time,1,200.0,False,0.95,7,False,so3_window,1.7803147543074744,1.1034431233944244,True,tracking,False,False,True,0,1.2999999999999998,False,x_w_outside_launch_gate,,False,x_w_outside_launch_gate,3.4400744143277024,2.820141999792824,1.47018128441362,-112.86218909077908,36.78736960012752,122.64114466944402,1.1635992968360291,-1.3530749711805028,-1.1471050528783104,0.683228781599106,3.4400744143277024,2.820141999792824,1.47018128441362,-1.9698168006425203,0.642060722670295,2.1404917728964907,0.6012306438656145,-0.5298804724111827,0.8436300856604997,-1.3530749711805028,-1.1471050528783104,0.683228781599106,0.0,0.0,0.0
358109.3328269,1887015,200.0,0.014887499997712439,0.005,vicon_frame_time,1,200.0,False,0.95,7,False,so3_window,1.3496832667488585,0.5860965162576366,True,tracking,False,False,True,0,1.2999999999999998,False,x_w_outside_launch_gate,,False,x_w_outside_launch_gate,3.4344695582014344,2.8197527769445316,1.471335102481445,-112.99843724911626,37.043261192818385,122.82792753889956,1.1598464189930102,-1.272093050360972,-1.093936248664145,0.6726147046012484,3.4344695582014344,2.8197527769445316,1.471335102481445,-1.9721947796052828,0.6465268734909229,2.143751748954813,0.5961288928045856,-0.5310126803023392,0.8413676914242751,-1.272093050360972,-1.093936248664145,0.6726147046012484,0.0,0.0,0.0
358109.3388325,1887016,200.0,0.014735599997948157,0.005,vicon_frame_time,1,200.0,False,0.95,7,False,so3_window,1.4716691111928837,0.8782045502960206,True,tracking,False,False,True,0,1.2999999999999998,False,x_w_outside_launch_gate,,False,x_w_outside_launch_gate,3.428791995326746,2.819620242692114,1.472347374783186,-113.04134505650282,37.42389963783901,122.97999854454783,1.1583798469764068,-1.1385651992535175,-1.0630386171676898,0.7367824219973913,3.428791995326746,2.819620242692114,1.472347374783186,-1.9729436621189897,0.6531702676162041,2.146405888700194,0.5969281315777264,-0.5422770528021172,0.8315384979761659,-1.1385651992535175,-1.0630386171676898,0.7367824219973913,0.0,0.0,0.0
358109.3452367,1887018,200.0,0.017546949999507934,0.01,vicon_frame_time,2,200.0,False,0.95,7,False,so3_window,1.5382007265043696,0.24608919167659019,True,tracking,False,False,True,0,1.2999999999999998,False,x_w_outside_launch_gate,,False,x_w_outside_launch_gate,3.4175721790633915,2.819079243593781,1.4744024518343117,-113.31615379504673,38.05523507205621,123.38705375776978,1.1518440176832259,-1.072164709394825,-1.0295974474074712,0.7530871814171113,3.4175721790633915,2.819079243593781,1.4744024518343117,-1.9777399794198331,0.6641891496278025,2.1535103424083246,0.5912856541058558,-0.555893085734408,0.8173792226096305,-1.072164709394825,-1.0295974474074712,0.7530871814171113,0.0,0.0,0.0
358109.3513347,1887019,200.0,0.017411049997884266,0.005,vicon_frame_time,1,200.0,False,0.95,7,False,so3_window,1.513176427054351,0.28585383995573477,True,tracking,False,False,True,0,1.2999999999999998,False,x_w_outside_launch_gate,,False,x_w_outside_launch_gate,3.411903187970273,2.8190003085727775,1.4754238855452337,-113.39841188543737,38.4214523405804,123.55891251443897,1.1518178413802966,-1.0032063202932167,-1.014562088613208,0.7920361878490866,3.411903187970273,2.8190003085727775,1.4754238855452337,-1.979175653933553,0.6705808467412098,2.1565098435605856,0.5957637159503104,-0.5659959596766037,0.8070926267218681,-1.0032063202932167,-1.014562088613208,0.7920361878490866,0.0,0.0,0.0
358109.3574446,1887020,200.0,0.017828097499457365,0.005,vicon_frame_time,1,200.0,False,0.95,7,False,so3_window,1.773850792384069,0.5395957012752254,True,tracking,False,False,True,0,1.2999999999999998,False,x_w_outside_launch_gate,,False,x_w_outside_launch_gate,3.4063677113594846,2.8187329559966936,1.4764511342091555,-113.61729581684509,38.681710741707974,123.82399904936169,1.1463479035592705,-1.0594625647225708,-1.0164616270414066,0.750766365609757,3.4063677113594846,2.8187329559966936,1.4764511342091555,-1.982995899216327,0.675123212746862,2.16113647639769,0.5931050642352929,-0.5703178560339102,0.7981713110993578,-1.0594625647225708,-1.0164616270414066,0.750766365609757,0.0,0.0,0.0
358109.3639017,1887021,200.0,0.017495697498571584,0.005,vicon_frame_time,1,200.0,False,0.95,7,False,so3_window,1.5724304590906937,0.09592998550207256,True,tracking,False,False,True,0,1.2999999999999998,False,x_w_outside_launch_gate,,False,x_w_outside_launch_gate,3.40088752128624,2.81861931966742,1.4773306002543118,-113.78230830758304,39.01445700945053,123.9956042766795,1.1382313099104704,-1.0415076187782641,-0.9960565590072868,0.7716448159485232,3.40088752128624,2.81861931966742,1.4773306002543118,-1.9858759104866208,0.6809307306926922,2.164131552628019,0.5892813543155848,-0.5793651010529917,0.7827222240350357,-1.0415076187782641,-0.9960565590072868,0.7716448159485232,0.0,0.0,0.0
358109.3700899,1887022,200.0,0.017508542499588216,0.005,vicon_frame_time,1,200.0,False,0.95,7,False,so3_window,1.3634409446772056,0.9744694921977461,True,tracking,False,False,True,0,1.2999999999999998,False,x_w_outside_launch_gate,,False,x_w_outside_launch_gate,3.395029465548997,2.8185609110643512,1.477985492119094,-113.769520303767,39.40462658525228,124.01903715090008,1.1467377933143221,-0.8690934883812212,-0.9312248672453363,0.8465086098555585,3.395029465548997,2.8185609110643512,1.477985492119094,-1.9856527177152734,0.6877404744315423,2.164540533436374,0.5867809248314386,-0.6037889304275488,0.7785464921008374,-0.8690934883812212,-0.9312248672453363,0.8465086098555585,0.0,0.0,0.0
358109.4054543,1887023,200.0,0.01729972000032098,0.005,vicon_frame_time,1,200.0,False,0.95,7,False,so3_window,1.6456980163162478,0.5842826369106556,True,tracking,False,False,True,0,1.2999999999999998,False,x_w_outside_launch_gate,,False,x_w_outside_launch_gate,3.389585693740054,2.818297558024331,1.4789174828855378,-114.00768453300412,39.625621829292704,124.24122968077525,1.1376158235967266,-0.9450559850784722,-0.9192665456601136,0.782592752538401,3.389585693740054,2.818297558024331,1.4789174828855378,-1.9898094676759357,0.6915975690712961,2.1684185246560315,0.5817048396294788,-0.6032533557908568,0.7693338874483375,-0.9450559850784722,-0.9192665456601136,0.782592752538401,0.0,0.0,0.0
358109.4118838,1887031,200.0,0.017467894998392585,0.04,vicon_frame_time,8,200.0,False,0.95,7,False,so3_window,1.2467120541563166,0.44845093010859277,True,tracking,False,False,True,0,1.2999999999999998,False,x_w_outside_launch_gate,,False,x_w_outside_launch_gate,3.3445004761213477,2.8184059349694635,1.483858745668444,-114.83839236178306,42.15249060450284,124.87413160106438,1.1340884505120057,-0.6840149001253512,-0.741749253763489,0.8702730725281653,3.3445004761213477,2.8184059349694635,1.483858745668444,-2.0043080544102216,0.7356997489645494,2.1794647470072714,0.5644816624349981,-0.6908146709394568,0.7002086523131179,-0.6840149001253512,-0.741749253763489,0.8702730725281653,0.0,0.0,0.0
358109.4181864,1887032,200.0,0.017230794997433695,0.005,vicon_frame_time,1,200.0,False,0.95,7,False,so3_window,1.2247380082658845,0.43127987388946626,True,tracking,False,False,True,0,1.2999999999999998,False,x_w_outside_launch_gate,,False,x_w_outside_launch_gate,3.338988540874178,2.818463163063526,1.4844092867712941,-115.0389527528548,42.36872425135026,124.97230851707481,1.1282314735446575,-0.7251068698196437,-0.7094966445102275,0.8214715408528396,3.338988540874178,2.818463163063526,1.4844092867712941,-2.0078084935835108,0.7394737380556315,2.1811782574411076,0.560742948973372,-0.6960622326825352,0.6884554969686854,-0.7251068698196437,-0.7094966445102275,0.8214715408528396,0.0,0.0,0.0
358109.4241874,1887033,200.0,0.01731754749964391,0.005,vicon_frame_time,1,200.0,False,0.95,7,False,so3_window,1.1196188230993942,0.4592034814370344,True,tracking,False,False,True,0,1.2999999999999998,False,x_w_outside_launch_gate,,False,x_w_outside_launch_gate,3.333267920326932,2.8186767765701815,1.484977822133916,-115.14754737428791,42.655723499928236,125.01767951751316,1.133039364677142,-0.6852684698169285,-0.6796772006050036,0.8275188675532706,3.333267920326932,2.8186767765701815,1.484977822133916,-2.0097038272774754,0.744482819894067,2.1819701307836805,0.5653595741646886,-0.7081540256061934,0.6801945529229457,-0.6852684698169285,-0.6796772006050036,0.8275188675532706,0.0,0.0,0.0
358109.4299993,1887035,200.0,0.017830577496237177,0.01,vicon_frame_time,2,200.0,False,0.95,7,False,so3_window,1.0504230986782834,0.2555716179432389,True,tracking,False,False,True,0,1.2999999999999998,False,x_w_outside_launch_gate,,False,x_w_outside_launch_gate,3.321937417516739,2.8190966673432163,1.4857382485406752,-115.37398128642278,43.21570456614066,125.00890584921486,1.134000016092992,-0.5962276686959593,-0.5988614713459546,0.8456404529327182,3.321937417516739,2.8190966673432163,1.4857382485406752,-2.0136558445824004,0.7542563332483021,2.181817001384397,0.5574747977081518,-0.7335368073988258,0.6611366262810578,-0.5962276686959593,-0.5988614713459546,0.8456404529327182,0.0,0.0,0.0
358109.4360782,1887036,200.0,0.017181777496329098,0.005,vicon_frame_time,1,200.0,False,0.95,7,False,so3_window,1.04242283278108,0.4487380749823822,True,tracking,False,False,True,0,1.2999999999999998,False,x_w_outside_launch_gate,,False,x_w_outside_launch_gate,3.3160530372313377,2.8194030770759144,1.4861968051607113,-115.42386866321226,43.51211984727178,124.9727160626515,1.1445479539108678,-0.5114192019641522,-0.5591880556552954,0.8670458928891193,3.3160530372313377,2.8194030770759144,1.4861968051607113,-2.01452654356256,0.7594297558572647,2.1811853704532727,0.5625740871915444,-0.7483174470586769,0.6584234303620573,-0.5114192019641522,-0.5591880556552954,0.8670458928891193,0.0,0.0,0.0
358109.4424637,1887037,200.0,0.017260914997612183,0.005,vicon_frame_time,1,200.0,False,0.95,7,False,so3_window,1.0564651810555572,0.1582882170614859,True,tracking,False,False,True,0,1.2999999999999998,False,x_w_outside_launch_gate,,False,x_w_outside_launch_gate,3.310319532158731,2.8197735415858594,1.4866211416068862,-115.52519422368174,43.79656160427408,124.97569825002478,1.146092286794203,-0.48632788755350126,-0.5382975691844684,0.8713913788338621,3.310319532158731,2.8197735415858594,1.4866211416068862,-2.016295008209181,0.7643942010471125,2.181237419441848,0.5642864637968742,-0.7581751888006796,0.6482890556779731,-0.48632788755350126,-0.5382975691844684,0.8713913788338621,0.0,0.0,0.0
358109.4483581,1887038,200.0,0.01671179499915799,0.005,vicon_frame_time,1,200.0,False,0.95,7,False,so3_window,1.505782804947463,0.8006972742413722,True,tracking,False,False,True,0,1.2999999999999998,False,x_w_outside_launch_gate,,False,x_w_outside_launch_gate,3.3047067114187723,2.8200466589761555,1.4872042796377976,-115.80194931468688,44.03021033105075,125.08664162370344,1.1424536280351085,-0.6110542317346852,-0.5493620969251176,0.8285424905585437,3.3047067114187723,2.8200466589761555,1.4872042796377976,-2.021125295768877,0.7684721406224582,2.183173746595811,0.5668387011485813,-0.7591150958826643,0.6384657001702011,-0.6110542317346852,-0.5493620969251176,0.8285424905585437,0.0,0.0,0.0
358109.4543633,1887039,200.0,0.017029692497929717,0.005,vicon_frame_time,1,200.0,False,0.95,7,False,so3_window,1.1872786059645204,0.4315512537644314,True,tracking,False,False,True,0,1.2999999999999998,False,x_w_outside_launch_gate,,False,x_w_outside_launch_gate,3.2988568724582703,2.8206308158724114,1.4873907053733295,-115.86963675243818,44.365464088694615,125.00881711767985,1.1492776704883316,-0.5170224371506157,-0.5135825620468291,0.8801479889164497,3.2988568724582703,2.8206308158724114,1.4873907053733295,-2.022306664419876,0.7743234225230267,2.181815452726961,0.5659658475076503,-0.7813527462641269,0.6245075734076733,-0.5170224371506157,-0.5135825620468291,0.8801479889164497,0.0,0.0,0.0
358109.4949529,1887043,200.0,0.017817939998756218,0.02,vicon_frame_time,4,200.0,False,0.95,7,False,so3_window,1.27264090768161,0.7102621889457245,True,tracking,False,False,True,0,1.2999999999999998,False,x_w_outside_launch_gate,,False,x_w_outside_launch_gate,3.276004508446291,2.822472421889454,1.4890193280985697,-116.89048487326147,45.205382639317335,125.23642858745401,1.149127147823583,-0.7613345931178209,-0.48428700770791333,0.7440748403253774,3.276004508446291,2.822472421889454,1.4890193280985697,-2.0401238252910394,0.7889827666799718,2.185788022289824,0.5704456325002415,-0.8077030301727085,0.5854065230900547,-0.7613345931178209,-0.48428700770791333,0.7440748403253774,0.0,0.0,0.0
358109.5012412,1887049,200.0,0.01692761249636649,0.03,vicon_frame_time,6,200.0,False,0.95,7,False,so3_window,0.9056896079585668,0.2718560323150727,True,tracking,False,False,True,0,1.2999999999999998,False,x_w_outside_launch_gate,,False,x_w_outside_launch_gate,3.2412112767085173,2.8264535941097435,1.4903289587987831,-117.97592945253281,46.483250676223214,124.92554604484496,1.1636295354021435,-0.6097105968329803,-0.3361887729795266,0.7287807508946212,3.2412112767085173,2.8264535941097435,1.4903289587987831,-2.0590684070472487,0.8112857713299757,2.1803620983343244,0.5622346134970215,-0.8676714530742102,0.5339215153617167,-0.6097105968329803,-0.3361887729795266,0.7287807508946212,0.0,0.0,0.0
358109.5075604,1887050,200.0,0.017476012495754985,0.005,vicon_frame_time,1,200.0,False,0.95,7,False,so3_window,0.9417691509382332,0.17797431687311951,True,tracking,False,False,True,0,1.2999999999999998,False,x_w_outside_launch_gate,,False,x_w_outside_launch_gate,3.2353101118126473,2.8272158348005276,1.4904230301563353,-118.15149510284859,46.72295602248665,124.82594513274718,1.1693839060484517,-0.5681261763506009,-0.3106326013781236,0.7491060742283968,3.2353101118126473,2.8272158348005276,1.4904230301563353,-2.062132605698664,0.8154694188569058,2.1786237344802286,0.5595833542634734,-0.8813801511316527,0.5267772001022054,-0.5681261763506009,-0.3106326013781236,0.7491060742283968,0.0,0.0,0.0
358109.5133691,1887051,200.0,0.016960414995695054,0.005,vicon_frame_time,1,200.0,False,0.95,7,False,so3_window,2.0246633761011448,1.7257066280669755,True,tracking,False,False,True,0,1.2999999999999998,False,x_w_outside_launch_gate,,False,x_w_outside_launch_gate,3.230062644825056,2.8279414118650377,1.490883438407946,-118.57988474977083,46.7330536459842,125.01412900411002,1.1455584419169218,-0.8023899481319788,-0.3276871870080877,0.5937633797890158,3.230062644825056,2.8279414118650377,1.490883438407946,-2.0696094155189133,0.8156456556335647,2.1819081626346595,0.5614186132936329,-0.8617885751350467,0.5044142506524634,-0.8023899481319788,-0.3276871870080877,0.5937633797890158,0.0,0.0,0.0
358109.5194083,1887052,200.0,0.01728988499674959,0.005,vicon_frame_time,1,200.0,False,0.95,7,False,so3_window,0.7863415935625462,0.45866622680382335,True,tracking,False,False,True,0,1.2999999999999998,False,x_w_outside_launch_gate,,False,x_w_outside_launch_gate,3.2242341623600885,2.828652689190063,1.4910330783415102,-118.70669594649402,46.93834224757653,124.88880575555714,1.1519834700434517,-0.6892485219364999,-0.2865477566336224,0.6235291525737753,3.2242341623600885,2.828652689190063,1.4910330783415102,-2.071822688430127,0.8192286176481658,2.1797208593181168,0.5579569977790944,-0.8731642205476563,0.5033231048125011,-0.6892485219364999,-0.2865477566336224,0.6235291525737753,0.0,0.0,0.0
358109.5253535,1887053,200.0,0.017157399999610242,0.005,vicon_frame_time,1,200.0,False,0.95,7,False,so3_window,1.2840686757770783,0.8684129115458441,True,tracking,False,False,True,0,1.2999999999999998,False,x_w_outside_launch_gate,,False,x_w_outside_launch_gate,3.218192778560302,2.8295741418597293,1.491092117020679,-118.74537905076406,47.26268566322506,124.68892249390757,1.1673700536257068,-0.5116842372538865,-0.2600632844228514,0.7231295254632559,3.218192778560302,2.8295741418597293,1.491092117020679,-2.0724978359645316,0.8248894781583971,2.176232238282706,0.5585487357747262,-0.8945259536899898,0.5005991111074359,-0.5116842372538865,-0.2600632844228514,0.7231295254632559,0.0,0.0,0.0
358109.563356,1887054,200.0,0.01697159999637315,0.005,vicon_frame_time,1,200.0,False,0.95,7,False,so3_window,0.7797691032763978,0.09188349209171973,True,tracking,False,False,True,0,1.2999999999999998,False,x_w_outside_launch_gate,,False,x_w_outside_launch_gate,3.2124575376310154,2.8303268754530952,1.4913029940945959,-118.9269522965463,47.44188300845914,124.60692398555081,1.1652075553153616,-0.496949325370004,-0.23868830647306633,0.709520915531108,3.2124575376310154,2.8303268754530952,1.4913029940945959,-2.0756668869369648,0.8280170618435649,2.1748010943301566,0.5558870690605342,-0.8957783000647399,0.49626550408870373,-0.496949325370004,-0.23868830647306633,0.709520915531108,0.0,0.0,0.0
358109.5691243,1887062,200.0,0.01815029749884162,0.04,vicon_frame_time,8,200.0,False,0.95,7,False,so3_window,0.7866249781973752,0.11446650944224944,True,tracking,False,False,True,0,1.2999999999999998,False,x_w_outside_launch_gate,,False,x_w_outside_launch_gate,3.1663316356580644,2.836200239559916,1.4931298401316906,-120.17475401469297,49.04170844596587,123.69390749836604,1.1636023664776125,-0.33473946727729237,-0.1573438268968881,0.728081075741176,3.1663316356580644,2.836200239559916,1.4931298401316906,-2.0974451353306662,0.855939283185216,2.15886595050379,0.5335697628682166,-0.9133410578010384,0.4848524389543026,-0.33473946727729237,-0.1573438268968881,0.728081075741176,0.0,0.0,0.0
358109.5751419,1887063,200.0,0.01808756499731155,0.005,vicon_frame_time,1,200.0,False,0.95,7,False,so3_window,1.7239902989220919,1.3563480717151017,True,tracking,False,False,True,0,1.2999999999999998,False,x_w_outside_launch_gate,,False,x_w_outside_launch_gate,3.1603742997006212,2.836950535905978,1.4930086061851258,-120.1470106058122,49.407090298714415,123.3831152167411,1.171582398682394,-0.1258756410328926,-0.13581942301300473,0.8498625769520188,3.1603742997006212,2.836950535905978,1.4930086061851258,-2.09696092149997,0.8623163995427152,2.153441601899649,0.518687207648154,-0.930444354424953,0.4876906815218898,-0.1258756410328926,-0.13581942301300473,0.8498625769520188,0.0,0.0,0.0
358109.58086,1887065,200.0,0.01837486749723588,0.01,vicon_frame_time,2,200.0,False,0.95,7,False,so3_window,1.193190381742502,1.120358960352294,True,tracking,False,False,True,0,1.2999999999999998,False,x_w_outside_launch_gate,,False,x_w_outside_launch_gate,3.149359211016942,2.8382329738103644,1.4940813464114733,-120.7528566465222,49.514512973299404,123.47112199350649,1.1481821526392366,-0.43648220965996176,-0.14923129033294535,0.6309415626290241,3.149359211016942,2.8382329738103644,1.4940813464114733,-2.107534929670531,0.8641912789055217,2.154977609918273,0.5291681095876971,-0.8988022376367961,0.4800603139749656,-0.43648220965996176,-0.14923129033294535,0.6309415626290241,0.0,0.0,0.0
358109.5868841,1887066,200.0,0.01845026749656803,0.005,vicon_frame_time,1,200.0,False,0.95,7,False,so3_window,1.003986029607695,0.21126930661921883,True,tracking,False,False,True,0,1.2999999999999998,False,x_w_outside_launch_gate,,False,x_w_outside_launch_gate,3.1434477617222676,2.8389207333331576,1.4942084925625578,-120.90887233521374,49.783755514203754,123.3467215960647,1.1574908005521816,-0.3993443205858307,-0.16440107786088798,0.6843059984131931,3.1434477617222676,2.8389207333331576,1.4942084925625578,-2.110257917122965,0.8688904477307382,2.152806413392124,0.522745982979558,-0.9137462229723707,0.4812373953106643,-0.3993443205858307,-0.16440107786088798,0.6843059984131931,0.0,0.0,0.0
358109.5929799,1887067,200.0,0.0182759674972241,0.005,vicon_frame_time,1,200.0,False,0.95,7,False,so3_window,0.598077782547008,0.2217131487894223,True,tracking,False,False,True,0,1.2999999999999998,False,x_w_outside_launch_gate,,False,x_w_outside_launch_gate,3.1378137450508197,2.8396419796488326,1.4946142430408784,-120.99893302962708,49.94235746028421,123.24903649379895,1.1532877076115544,-0.34173190040496926,-0.15304296596152786,0.6682267383987941,3.1378137450508197,2.8396419796488326,1.4946142430408784,-2.11182977276711,0.8716585738899125,2.1511014867274394,0.5240784786009586,-0.9084955293878478,0.479635442682787,-0.34173190040496926,-0.15304296596152786,0.6682267383987941,0.0,0.0,0.0
358109.631853,1887068,200.0,0.018755367498719477,0.005,vicon_frame_time,1,200.0,False,0.95,7,False,so3_window,0.8528971234837481,0.6242031929031585,True,tracking,False,False,True,0,1.2999999999999998,False,x_w_outside_launch_gate,,False,x_w_outside_launch_gate,3.1320681652616305,2.8403326130425994,1.4948378420746828,-121.03877910023893,50.1199712759663,123.05267108390255,1.1543744731823642,-0.22039907983886894,-0.11789222385977786,0.6832278334334454,3.1320681652616305,2.8403326130425994,1.4948378420746828,-2.112525217893269,0.8747585197705954,2.147674263787719,0.5182509314477527,-0.9121856857208558,0.4815741595585977,-0.22039907983886894,-0.11789222385977786,0.6832278334334454,0.0,0.0,0.0
358109.6379187,1887076,200.0,0.02125723499768324,0.04,vicon_frame_time,8,200.0,False,0.95,7,False,so3_window,0.6855210444896656,0.23129853858727165,True,tracking,False,False,True,0,1.2999999999999998,False,x_w_outside_launch_gate,,False,x_w_outside_launch_gate,3.0867270419665385,2.8444822192350037,1.4981605865418255,-121.43130963216444,51.51133482724124,122.0621032995546,1.142942454193661,0.029141477448216213,-0.09412167228990795,0.6685879579868721,3.0867270419665385,2.8444822192350037,1.4981605865418255,-2.119376168089974,0.8990423948325841,2.130385594486662,0.4944045522744105,-0.8932243285113822,0.5138403363341172,0.029141477448216213,-0.09412167228990795,0.6685879579868721,0.0,0.0,0.0
358109.6440236,1887077,200.0,0.021617234999502813,0.005,vicon_frame_time,1,200.0,False,0.95,7,False,so3_window,1.2768494760548317,0.6589055514586318,True,tracking,False,False,True,0,1.2999999999999998,False,x_w_outside_launch_gate,,False,x_w_outside_launch_gate,3.0807955362641524,2.8449601353405414,1.4987098316120326,-121.3500348301122,51.78104164175345,121.88393458294894,1.1544821608143858,0.1528590410435598,-0.10525932325855199,0.724604294666945,3.0807955362641524,2.8449601353405414,1.4987098316120326,-2.1179576551952555,0.9037496667608877,2.1272759637578407,0.49785243348012215,-0.8983613379602693,0.5271801595041381,0.1528590410435598,-0.10525932325855199,0.724604294666945,0.0,0.0,0.0
358109.6499504,1887079,200.0,0.02169604500001984,0.01,vicon_frame_time,2,200.0,False,0.95,7,False,so3_window,0.9137620184019795,0.1777413966853461,True,tracking,False,False,True,0,1.2999999999999998,False,x_w_outside_launch_gate,,False,x_w_outside_launch_gate,3.0691531894944655,2.845854083043501,1.4999488980836475,-121.37642255881953,52.287131031457655,121.73004573141813,1.1621127863129002,0.15666192969116297,-0.16848267539631878,0.758864323759918,3.0691531894944655,2.845854083043501,1.4999488980836475,-2.1184182079433214,0.9125825929206348,2.124590096616515,0.5026775655419676,-0.8975487909090812,0.5405807628378758,0.15666192969116297,-0.16848267539631878,0.758864323759918,0.0,0.0,0.0
358109.656313,1887080,200.0,0.02171554499934533,0.005,vicon_frame_time,1,200.0,False,0.95,7,False,so3_window,0.959824429434474,0.1720033672187637,True,tracking,False,False,True,0,1.2999999999999998,False,x_w_outside_launch_gate,,False,x_w_outside_launch_gate,3.0632961761811535,2.8462796995781376,1.5006392950065202,-121.3761662239046,52.539646089911244,121.6214171764508,1.1665522769488734,0.18078163275479267,-0.18398016433190922,0.7778825318391016,3.0632961761811535,2.8462796995781376,1.5006392950065202,-2.118413734055068,0.9169898121015159,2.122694170670652,0.5056360787842654,-0.8968835973397877,0.5484306551507808,0.18078163275479267,-0.18398016433190922,0.7778825318391016,0.0,0.0,0.0
358109.6695978,1887083,200.0,0.0214465924989653,0.015,vicon_frame_time,3,200.0,False,0.95,7,False,so3_window,0.967983136392939,0.28230536467150685,True,tracking,False,False,True,0,1.2999999999999998,False,x_w_outside_launch_gate,,False,x_w_outside_launch_gate,3.045712459312341,2.847373392127663,1.5029957481015852,-121.19531682553581,53.157201606100344,121.21894563343832,1.1760199408836611,0.3407854826215335,-0.1631218560007412,0.7711539286995249,3.045712459312341,2.847373392127663,1.5029957481015852,-2.115257316603282,0.9277681891728689,2.115669717099502,0.512871275012186,-0.8871534552199977,0.5770136077378107,0.3407854826215335,-0.1631218560007412,0.7711539286995249,0.0,0.0,0.0
358109.6778921,1887084,200.0,0.02208524499740361,0.005,vicon_frame_time,1,200.0,False,0.95,7,False,so3_window,1.1666083670258152,0.414098671197115,True,tracking,False,False,True,0,1.2999999999999998,False,x_w_outside_launch_gate,,False,x_w_outside_launch_gate,3.039823175226495,2.8478293855205266,1.5038610026752763,-121.10046712277072,53.37913110085013,121.05160076350377,1.1799131820310331,0.4171990328671551,-0.1528857726770591,0.7832461574069975,3.039823175226495,2.8478293855205266,1.5038610026752763,-2.113601876995493,0.9316415895635402,2.1127489981328225,0.5179765467064978,-0.8853896239909925,0.5830785778278069,0.4171990328671551,-0.1528857726770591,0.7832461574069975,0.0,0.0,0.0
358109.6837172,1887085,200.0,0.021595844999798833,0.005,vicon_frame_time,1,200.0,False,0.95,7,False,so3_window,0.6375792021663961,0.27274654687256983,True,tracking,False,False,True,0,1.2999999999999998,False,x_w_outside_launch_gate,,False,x_w_outside_launch_gate,3.0339023165371124,2.848127720885094,1.5047354933038748,-121.10364889547519,53.54290326144661,120.96819135053988,1.1839288692900949,0.3848013354117718,-0.15188473883052872,0.749209780217521,3.0339023165371124,2.848127720885094,1.5047354933038748,-2.1136574094052363,0.9344999529890536,2.111293229249447,0.5196868580195957,-0.8836375661131733,0.5922818492017383,0.3848013354117718,-0.15188473883052872,0.749209780217521,0.0,0.0,0.0
358109.6976299,1887086,200.0,0.02163824499523526,0.005,vicon_frame_time,1,200.0,False,0.95,7,False,so3_window,0.8034440994582445,1.3000421273959408,True,tracking,False,False,True,0,1.2999999999999998,False,x_w_outside_launch_gate,,False,x_w_outside_launch_gate,3.0282843021339065,2.848595539926723,1.5058637803077422,-121.23225844184122,53.60604884833309,121.07245598099819,1.1758391434757756,0.1970294844161657,-0.17640347088042121,0.6371292707906805,3.0282843021339065,2.848595539926723,1.5058637803077422,-2.1159020694388198,0.9356020513883267,2.1131129903443195,0.532018534760051,-0.8699735189625889,0.5854058816799368,0.1970294844161657,-0.17640347088042121,0.6371292707906805,0.0,0.0,0.0
358109.7035622,1887089,200.0,0.021132360001510468,0.015,vicon_frame_time,3,200.0,False,0.95,7,False,so3_window,0.6847262243200191,0.2043203797107166,True,tracking,False,False,True,0,1.2999999999999998,False,x_w_outside_launch_gate,,False,x_w_outside_launch_gate,3.0105962462062417,2.8499154170373955,1.5083712263079467,-121.1451432799406,54.07716800635403,120.79391856479698,1.1855800461136712,0.26295470025506273,-0.1541194294258532,0.6096630143020819,3.0105962462062417,2.8499154170373955,1.5083712263079467,-2.114381623035246,0.9438246318650156,2.1082515953416108,0.5300241762028995,-0.8798524658435525,0.5920591665808013,0.26295470025506273,-0.1541194294258532,0.6096630143020819,0.0,0.0,0.0
358109.7093339,1887090,200.0,0.021500359998762368,0.005,vicon_frame_time,1,200.0,False,0.95,7,False,so3_window,0.3731825858959508,0.3937547688706117,True,tracking,False,False,True,0,1.2999999999999998,False,x_w_outside_launch_gate,,False,x_w_outside_launch_gate,3.0046646182902457,2.85027579098336,1.509235228845967,-121.18114609835357,54.18165433472464,120.75655346576796,1.188992714166343,0.21579652580869166,-0.14898930051053025,0.5666578224661007,3.0046646182902457,2.85027579098336,1.509235228845967,-2.11500999075655,0.9456482623184028,2.1075994513382206,0.5294109199894469,-0.882002799440222,0.5962372127905017,0.21579652580869166,-0.14898930051053025,0.5666578224661007,0.0,0.0,0.0
358109.7153634,1887092,200.0,0.021279255001104457,0.01,vicon_frame_time,2,200.0,False,0.95,7,False,so3_window,0.7796442263461337,1.0798809127311462,True,tracking,False,False,True,0,1.2999999999999998,False,x_w_outside_launch_gate,,False,x_w_outside_launch_gate,2.993212185403919,2.851449508854387,1.5112769968540631,-121.4703779487196,54.295387122899214,120.91939336337667,1.1808788152563707,-0.06605901897288238,-0.17746313945230044,0.423408685356127,2.993212185403919,2.851449508854387,1.5112769968540631,-2.120058038847073,0.9476332739395223,2.110441543705103,0.5450872756138228,-0.8750685240493091,0.5758556385964748,-0.06605901897288238,-0.17746313945230044,0.423408685356127,0.0,0.0,0.0
358109.7211525,1887093,200.0,0.020893854995051652,0.005,vicon_frame_time,1,200.0,False,0.95,7,False,so3_window,0.4166360164449605,0.264157137438013,True,tracking,False,False,True,0,1.2999999999999998,False,x_w_outside_launch_gate,,False,x_w_outside_launch_gate,2.9873204434397476,2.851932759436318,1.5120983100942136,-121.5515388926215,54.38577252384041,120.9154024125561,1.183689371698089,-0.10038176732146084,-0.17421553323777952,0.39837694349736713,2.9873204434397476,2.851932759436318,1.5120983100942136,-2.1214745645421873,0.9492107967816814,2.110371888472999,0.5421270741880566,-0.881428079958774,0.5747201962377021,-0.10038176732146084,-0.17421553323777952,0.39837694349736713,0.0,0.0,0.0
358109.7665343,1887094,200.0,0.020995332498702435,0.005,vicon_frame_time,1,200.0,False,0.95,7,False,so3_window,1.006120148006243,0.7828871670640193,True,tracking,False,False,True,0,1.2999999999999998,False,x_w_outside_launch_gate,,False,x_w_outside_launch_gate,2.981277654891902,2.852546824215436,1.512763849002011,-121.47659833078991,54.59059287364622,120.77833425597501,1.191991772013109,0.024863329961414854,-0.16797628753635402,0.45778053573393307,2.981277654891902,2.852546824215436,1.512763849002011,-2.1201666049949317,0.9527855862608794,2.1079795978410196,0.5366972068110692,-0.8960847755556818,0.5743105151096153,0.024863329961414854,-0.16797628753635402,0.45778053573393307,0.0,0.0,0.0
358109.7722822,1887103,200.0,0.019946009996336785,0.045,vicon_frame_time,9,200.0,False,0.95,7,False,so3_window,1.1909361483727183,0.9521793669872464,True,tracking,False,False,True,0,1.2999999999999998,False,x_w_outside_launch_gate,,False,x_w_outside_launch_gate,2.9292815700622548,2.858023831782118,1.5213040656679808,-123.45181742290896,54.85515829326901,122.00437480156022,1.178752774754766,-0.767390542063618,-0.2478243724133741,0.10932083875791454,2.9292815700622548,2.858023831782118,1.5213040656679808,-2.1546406816006622,0.9574031239202174,2.1293780421244293,0.5649398160004466,-0.903857618030565,0.5033314162831032,-0.767390542063618,-0.2478243724133741,0.10932083875791454,0.0,0.0,0.0
358109.7784564,1887104,200.0,0.02010170999957029,0.005,vicon_frame_time,1,200.0,False,0.95,7,False,so3_window,0.4586421096511285,0.3175752042650235,True,tracking,False,False,True,0,1.2999999999999998,False,x_w_outside_launch_gate,,False,x_w_outside_launch_gate,2.9235160531696613,2.858702235291461,1.5219908054396656,-123.56922537782026,54.87022212808761,122.02003368606991,1.1764209842680342,-0.715244834183847,-0.21572889476137933,0.09551249738994122,2.9235160531696613,2.858702235291461,1.5219908054396656,-2.1566898369818976,0.9576660374357786,2.129651341216313,0.5572657121053062,-0.9106116720299193,0.4941736952740511,-0.715244834183847,-0.21572889476137933,0.09551249738994122,0.0,0.0,0.0
358109.7843329,1887105,200.0,0.020325384997896562,0.005,vicon_frame_time,1,200.0,False,0.95,7,False,so3_window,1.6850894702670136,1.2292016946037265,True,tracking,False,False,True,0,1.2999999999999998,False,x_w_outside_launch_gate,,False,x_w_outside_launch_gate,2.9177359617916703,2.8592956635785804,1.5228802275336526,-123.88912270917531,54.87922557752157,122.2045769846001,1.1762436808908598,-0.8699647778646808,-0.23405837893148143,0.049647307567360424,2.9177359617916703,2.8592956635785804,1.5228802275336526,-2.1622730986823866,0.9578231772724379,2.1328722293881555,0.5586233163665351,-0.913595105117557,0.486655084379659,-0.8699647778646808,-0.23405837893148143,0.049647307567360424,0.0,0.0,0.0
358109.7903243,1887107,200.0,0.018803884999159668,0.01,vicon_frame_time,2,200.0,False,0.95,7,False,so3_window,2.1941738671790567,1.5026723942236306,True,tracking,False,False,True,0,1.2999999999999998,False,x_w_outside_launch_gate,,False,x_w_outside_launch_gate,2.90647228360083,2.8604425618714826,1.524861112611503,-124.66622633302127,54.659953410711644,122.72368750528403,1.1655629267545387,-1.2333581716856246,-0.22880885392920422,-0.14598953854174096,2.90647228360083,2.8604425618714826,1.524861112611503,-2.175836115547678,0.9539961560036225,2.1419324171558323,0.5669717035567958,-0.9053739220499395,0.46623822758587774,-1.2333581716856246,-0.22880885392920422,-0.14598953854174096,0.0,0.0,0.0
358109.8351462,1887108,200.0,0.019197184999883352,0.005,vicon_frame_time,1,200.0,False,0.95,7,False,so3_window,1.142822364658181,1.4898804145542077,True,tracking,False,False,True,0,1.2999999999999998,False,x_w_outside_launch_gate,,False,x_w_outside_launch_gate,2.900136402697715,2.8611927837746496,1.5252986594118247,-124.56955772595447,54.86047298212427,122.54992000730917,1.1898599489719324,-0.8889755172297646,-0.20894221725028223,0.007491360524530005,2.900136402697715,2.8611927837746496,1.5252986594118247,-2.1741489300710457,0.9574958827394608,2.1388996021832183,0.5577310665868769,-0.9406005312322075,0.46901321535436874,-0.8889755172297646,-0.20894221725028223,0.007491360524530005,0.0,0.0,0.0
358109.8417909,1887117,200.0,0.016242147497931254,0.045,vicon_frame_time,9,200.0,False,0.95,7,False,so3_window,1.0425887405295065,0.18682560738586787,True,tracking,False,False,True,0,1.2999999999999998,False,x_w_outside_launch_gate,,False,x_w_outside_launch_gate,2.8485996165020833,2.8668452633427934,1.5312167414141635,-126.33550484461267,54.50449104483441,123.57008089059755,1.1627291490025227,-0.9687909617142091,-0.13994974144442363,-0.1622632762967631,2.8485996165020833,2.8668452633427934,1.5312167414141635,-2.204970521707738,0.9512828258561248,2.1567047684966543,0.5391709855053879,-0.9475386603598386,0.4042328653793032,-0.9687909617142091,-0.13994974144442363,-0.1622632762967631,0.0,0.0,0.0
358109.8482977,1887118,200.0,0.01677314749943278,0.005,vicon_frame_time,1,200.0,False,0.95,7,False,so3_window,0.7141366143051687,0.3147989036267125,True,tracking,False,False,True,0,1.2999999999999998,False,x_w_outside_launch_gate,,False,x_w_outside_launch_gate,2.8427855263072335,2.8674674593047382,1.5319718058849174,-126.46583901857831,54.49560991675706,123.6538366107905,1.1663665857503316,-0.9228185719915165,-0.1363335134882831,-0.1561694536139302,2.8427855263072335,2.8674674593047382,1.5319718058849174,-2.207245282171306,0.9511278209298837,2.1581665815814004,0.5438572399791343,-0.9496754753841817,0.40341889684420174,-0.9228185719915165,-0.1363335134882831,-0.1561694536139302,0.0,0.0,0.0
358109.8540848,1887120,200.0,0.015613827500476279,0.01,vicon_frame_time,2,200.0,False,0.95,7,False,so3_window,1.5248946125502738,0.5145974089908553,True,tracking,False,False,True,0,1.2999999999999998,False,x_w_outside_launch_gate,,False,x_w_outside_launch_gate,2.8314101568505787,2.868757682852789,1.5337314767546133,-126.94129506229719,54.381952660814186,124.08801588542956,1.1630110103899678,-1.0779245600679268,-0.16550220306671343,-0.235068282525075,2.8314101568505787,2.868757682852789,1.5337314767546133,-2.2155435555827063,0.9491441275948986,2.1657444394677725,0.5597756199664474,-0.9417888881346317,0.3902301318012326,-1.0779245600679268,-0.16550220306671343,-0.235068282525075,0.0,0.0,0.0
358109.8600975,1887121,200.0,0.015378227496387214,0.005,vicon_frame_time,1,200.0,False,0.95,7,False,so3_window,1.6145687282302204,0.22292825920087475,True,tracking,False,False,True,0,1.2999999999999998,False,x_w_outside_launch_gate,,False,x_w_outside_launch_gate,2.825915464729443,2.8693230358216164,1.534404760696948,-127.20493049707302,54.316235354634216,124.3050828878443,1.1518612350222472,-1.15426737882634,-0.173597395481807,-0.2707677881320196,2.825915464729443,2.8693230358216164,1.534404760696948,-2.2201448619444712,0.9479971442265169,2.1695329733573443,0.5540463303715117,-0.9358121501827332,0.37956895041508354,-1.15426737882634,-0.173597395481807,-0.2707677881320196,0.0,0.0,0.0
358109.90377,1887130,200.0,0.015346629997990904,0.045,vicon_frame_time,9,200.0,False,0.95,7,False,so3_window,0.6838267586944295,0.3648843815269698,True,tracking,False,False,True,0,1.2999999999999998,False,x_w_outside_launch_gate,,False,x_w_outside_launch_gate,2.7746280615747825,2.8756487050176203,1.540304860123753,-128.16679001866453,54.04336323212043,125.17356032554945,1.1553802709184793,-0.8128917827028606,-0.11830990712185205,-0.22609023198910821,2.7746280615747825,2.8756487050176203,1.540304860123753,-2.2369324775379007,0.943234627251746,2.184690764124583,0.5596310366014233,-0.9545440110760737,0.3325092543356882,-0.8128917827028606,-0.11830990712185205,-0.22609023198910821,0.0,0.0,0.0
358109.910342,1887131,200.0,0.015433279999700487,0.005,vicon_frame_time,1,200.0,False,0.95,7,False,so3_window,0.34741805096500933,0.5223987106049868,True,tracking,False,False,True,0,1.2999999999999998,False,x_w_outside_launch_gate,,False,x_w_outside_launch_gate,2.769225835792696,2.8765785206119467,1.540771767870039,-128.18133439632186,53.96936300484015,125.2277981443016,1.1428210978044377,-0.7113967946655467,-0.08656036698153247,-0.23371466472589253,2.769225835792696,2.8765785206119467,1.540771767870039,-2.2371863248156747,0.9419430796384809,2.185637392640908,0.5542879594420655,-0.9485002357238375,0.3148844588675599,-0.7113967946655467,-0.08656036698153247,-0.23371466472589253,0.0,0.0,0.0
358109.9167166,1887132,200.0,0.015628279996593362,0.005,vicon_frame_time,1,200.0,False,0.95,7,False,so3_window,0.23948417701574265,0.7085809088064706,True,tracking,False,False,True,0,1.2999999999999998,False,x_w_outside_launch_gate,,False,x_w_outside_launch_gate,2.763372323770996,2.8773599386656734,1.5414105140443244,-128.18082463066588,53.901439310211686,125.2378654977321,1.1528559082775978,-0.5972633931632803,-0.05041529089965834,-0.22795562293339935,2.763372323770996,2.8773599386656734,1.5414105140443244,-2.2371774277265644,0.940757587527095,2.185813101105232,0.5597756449646002,-0.9564922363143058,0.31756979457355317,-0.5972633931632803,-0.05041529089965834,-0.22795562293339935,0.0,0.0,0.0
358109.9225462,1887133,200.0,0.015179932495554703,0.005,vicon_frame_time,1,200.0,False,0.95,7,False,so3_window,0.30761140832524825,0.5398495003441753,True,tracking,False,False,True,0,1.2999999999999998,False,x_w_outside_launch_gate,,False,x_w_outside_launch_gate,2.7578557962789563,2.8782566668722134,1.54183540551975,-128.18765395690502,53.82670938879889,125.27888053072323,1.1455927508094046,-0.520960263889813,-0.02619542940698646,-0.23283536401987068,2.7578557962789563,2.8782566668722134,1.54183540551975,-2.2372966219551302,0.9394533043486852,2.1865289484737414,0.5542467107090868,-0.9547886278487594,0.3058954241336403,-0.520960263889813,-0.02619542940698646,-0.23283536401987068,0.0,0.0,0.0
358109.9285764,1887135,200.0,0.014348894998638267,0.01,vicon_frame_time,2,200.0,False,0.95,7,False,so3_window,0.6035227360571558,0.19641345387135695,True,tracking,False,False,True,0,1.2999999999999998,False,x_w_outside_launch_gate,,False,x_w_outside_launch_gate,2.746910098995542,2.879752466131376,1.5424868743432323,-128.32635786259127,53.56635439050531,125.3793363759805,1.1299679637180675,-0.4801940022131434,0.04078391269680855,-0.2886176548538357,2.746910098995542,2.879752466131376,1.5424868743432323,-2.2397174617947306,0.934909252404438,2.1882822337263548,0.5353583344540637,-0.9507436989946887,0.29377792902398875,-0.4801940022131434,0.04078391269680855,-0.2886176548538357,0.0,0.0,0.0
358109.9724678,1887136,200.0,0.015652994997016927,0.005,vicon_frame_time,1,200.0,False,0.5,7,True,so3_window_spike_downweighted,1.4973847278626915,1.7789496859029712,True,tracking,False,False,False,0,1.2999999999999998,False,x_w_outside_launch_gate,,False,x_w_outside_launch_gate,2.7409591700153566,2.880785113697664,1.5427259982841723,-128.07233406048576,53.65668814622959,125.19249340533605,1.1471792032794423,-0.41880355138934944,0.052809650680777025,-0.28164291216263054,2.7409591700153566,2.880785113697664,1.5427259982841723,-2.235283910069555,0.936485873867519,2.185021208704402,0.5355847242121075,-0.9713035744854208,0.2928113621759607,-0.41880355138934944,0.052809650680777025,-0.28164291216263054,0.0,0.0,0.0
358109.979016,1887144,200.0,0.015639024998707046,0.04,vicon_frame_time,8,200.0,False,0.95,7,False,so3_window,0.7294123503938732,0.8644036308701432,True,tracking,False,False,True,0,1.2999999999999998,False,x_w_outside_launch_gate,,False,x_w_outside_launch_gate,2.6966704400949304,2.887740420074429,1.54336797774837,-127.08705061536222,53.331506020303635,124.45304268100898,1.124175774999385,0.3009553914800964,0.1735289459270527,-0.0956981412572914,2.6966704400949304,2.887740420074429,1.54336797774837,-2.2180874698867563,0.9308103751014762,2.1721153589086377,0.48058719456591814,-0.9743653929668931,0.2888238260656493,0.3009553914800964,0.1735289459270527,-0.0956981412572914,0.0,0.0,0.0
358109.9855676,1887145,200.0,0.01614392499792115,0.005,vicon_frame_time,1,200.0,False,0.95,7,False,so3_window,1.6197287755466223,1.6633921662002271,True,tracking,False,False,True,0,1.2999999999999998,False,x_w_outside_launch_gate,,False,x_w_outside_launch_gate,2.69097627290829,2.8885002092631993,1.543358923015197,-126.80859859381353,53.325067425702386,124.24323446443785,1.129572594808888,0.5107043632697282,0.20511998824878572,-0.03892089095351219,2.69097627290829,2.8885002092631993,1.543358923015197,-2.2132275653018976,0.9306980004264833,2.168453514731734,0.47385457516837065,-0.9800425479708856,0.3015173174164648,0.5107043632697282,0.20511998824878572,-0.03892089095351219,0.0,0.0,0.0
358109.9921319,1887147,200.0,0.015933697497702196,0.01,vicon_frame_time,2,200.0,False,0.95,7,False,so3_window,1.7180469937994651,1.0235804774776724,True,tracking,False,False,True,0,1.2999999999999998,False,x_w_outside_launch_gate,,False,x_w_outside_launch_gate,2.6797247501925083,2.8903990586040593,1.543077043810053,-126.20585388585293,53.35605399422336,123.81105186065157,1.1339698423750295,0.8503862853425354,0.24206985781788426,0.06488303966487316,2.6797247501925083,2.8903990586040593,1.543077043810053,-2.2027076855990133,0.9312388180710691,2.1609105053258215,0.4600826812974848,-0.9899988723306434,0.3067796645317623,0.8503862853425354,0.24206985781788426,0.06488303966487316,0.0,0.0,0.0
358109.9981771,1887148,200.0,0.016219110001111113,0.005,vicon_frame_time,1,200.0,False,0.95,7,False,so3_window,1.8680111353810698,0.43043517521658525,True,tracking,False,False,True,0,1.2999999999999998,False,x_w_outside_launch_gate,,False,x_w_outside_launch_gate,2.6740811295883224,2.891166744840455,1.5428989364764336,-125.89060944530628,53.350143661128996,123.5630419997236,1.135094171089508,1.0078291662106809,0.2733813574316704,0.10197072618875919,2.6740811295883224,2.891166744840455,1.5428989364764336,-2.197205632162867,0.9311356632986829,2.156581916675215,0.44961140980808595,-0.9922472934258353,0.3189571540205156,1.0078291662106809,0.2733813574316704,0.10197072618875919,0.0,0.0,0.0
358110.041741,1887149,200.0,0.016230944998149182,0.005,vicon_frame_time,1,200.0,False,0.95,7,False,so3_window,1.8191705779901355,0.23902471888202653,True,tracking,False,False,True,0,1.2999999999999998,False,x_w_outside_launch_gate,,False,x_w_outside_launch_gate,2.668606259284383,2.8919834267213878,1.5425809236235624,-125.59017969679897,53.319129016206915,123.3157084739924,1.1290266461246705,1.1300677526003944,0.30810134302227177,0.12052058780740332,2.668606259284383,2.8919834267213878,1.5425809236235624,-2.1919621438804757,0.9305943556284557,2.1522651323006396,0.4348882292403111,-0.9904725063422178,0.3233227642896707,1.1300677526003944,0.30810134302227177,0.12052058780740332,0.0,0.0,0.0
358110.0486813,1887158,200.0,0.01657240249861256,0.045,vicon_frame_time,9,200.0,False,0.95,7,False,so3_window,2.6998115222794046,0.9935562664172566,True,tracking,False,False,True,0,1.2999999999999998,False,x_w_outside_launch_gate,,False,x_w_outside_launch_gate,2.6185870287433626,2.898320148111084,1.5380198417159625,-121.38479846341025,52.93452470627676,120.20368997029203,1.1251079687884507,2.115328042479003,0.5624477458242974,0.22456186983317727,2.6185870287433626,2.898320148111084,1.5380198417159625,-2.1185643950562625,0.9238817441028138,2.097950163028081,0.33798635686782724,-0.9763564255838107,0.4453776983905816,2.115328042479003,0.5624477458242974,0.22456186983317727,0.0,0.0,0.0
358110.055151,1887159,200.0,0.016275602501453747,0.005,vicon_frame_time,1,200.0,False,0.5,7,True,so3_window_spike_downweighted,4.111938633132886,2.3077019032475383,True,tracking,False,False,False,0,1.2999999999999998,False,x_w_outside_launch_gate,,False,x_w_outside_launch_gate,2.612568085311864,2.898925576831028,1.5373420787910677,-120.65429544514232,53.0337035217948,119.69867426866433,1.145456723689954,2.0321907787442095,0.5329980903823064,0.23585295023121636,2.612568085311864,2.898925576831028,1.5373420787910677,-2.105814712191731,0.9256127409818315,2.0891359762604083,0.32807822048899027,-0.9878985467570194,0.4780086279583982,2.0321907787442095,0.5329980903823064,0.23585295023121636,0.0,0.0,0.0
358110.0613088,1887161,200.0,0.016220262497562636,0.01,vicon_frame_time,2,200.0,False,0.5,7,True,so3_window_spike_downweighted,3.6001340380935085,1.7262286416401411,True,tracking,False,False,False,0,1.2999999999999998,False,x_w_outside_launch_gate,,False,x_w_outside_launch_gate,2.600953024690818,2.899958797125547,1.5356000048625538,-119.34828641462629,53.1085792758372,118.83649609756942,1.1580889753726777,1.9384823080748514,0.5127281344703649,0.25621764998346996,2.600953024690818,2.899958797125547,1.5356000048625538,-2.083020554548447,0.9269195694197849,2.074088128435979,0.2922382339320073,-0.9908573093506331,0.5234201773092663,1.9384823080748514,0.5127281344703649,0.25621764998346996,0.0,0.0,0.0
358110.0672977,1887162,200.0,0.01628231249799733,0.005,vicon_frame_time,1,200.0,False,0.95,7,False,so3_window,2.3427576749198864,0.32967875160966426,True,tracking,False,False,True,0,1.2999999999999998,False,x_w_outside_launch_gate,,False,x_w_outside_launch_gate,2.595405977769839,2.9004160356284108,1.5348758810807155,-118.8860087709319,53.01624212446509,118.60205111650717,1.1500989952284655,1.9933653542161618,0.5250215583985166,0.2064658300544864,2.595405977769839,2.9004160356284108,1.5348758810807155,-2.0749522876076187,0.9253079821064292,2.069996291601667,0.2822769107364288,-0.9777880826721969,0.5357031919588061,1.9933653542161618,0.5250215583985166,0.2064658300544864,0.0,0.0,0.0
358110.1094496,1887163,200.0,0.01619081249612514,0.005,vicon_frame_time,1,200.0,False,0.95,7,False,so3_window,3.1380922937797795,0.4595512554291783,True,tracking,False,False,True,0,1.2999999999999998,False,x_w_outside_launch_gate,,False,x_w_outside_launch_gate,2.589558634307325,2.9007711844394235,1.5340416837289088,-118.28601500068999,53.01214028226239,118.25798054165877,1.1572682518001631,2.1701020895164587,0.5444085272729042,0.22758246423840983,2.589558634307325,2.9007711844394235,1.5340416837289088,-2.064480420825443,0.9252363914545949,2.0639911272113327,0.26970703680580443,-0.9753093420720337,0.5615154567677143,2.1701020895164587,0.5444085272729042,0.22758246423840983,0.0,0.0,0.0
358110.1158852,1887172,200.0,0.0160395549972926,0.045,vicon_frame_time,9,200.0,False,0.95,7,False,so3_window,3.196001777806619,0.31341327214607173,True,tracking,False,False,True,0,1.2999999999999998,False,x_w_outside_launch_gate,,False,x_w_outside_launch_gate,2.5374865826048794,2.901914631923228,1.5251182950512372,-112.70511581950909,52.0929361861842,115.23582741773423,1.1721348946002543,2.7914732866112226,0.7143339270481504,0.06462588122672422,2.5374865826048794,2.901914631923228,1.5251182950512372,-1.9670753548919808,0.9091932534802121,2.0112446046994172,0.16981619039056786,-0.8879481010495144,0.7460635646265975,2.7914732866112226,0.7143339270481504,0.06462588122672422,0.0,0.0,0.0
358110.122372,1887173,200.0,0.01580455499777223,0.005,vicon_frame_time,1,200.0,False,0.95,7,False,so3_window,3.534615471681217,0.45709352318725,True,tracking,False,False,True,0,1.2999999999999998,False,x_w_outside_launch_gate,,False,x_w_outside_launch_gate,2.531478037997565,2.901918942491247,1.5238672939349875,-112.01754911664621,51.99809544580049,114.8628098845857,1.1841796270936813,2.8973565435080184,0.7397064688065554,0.053605929862483644,2.531478037997565,2.901918942491247,1.5238672939349875,-1.9550750520999418,0.9075379702954871,2.0047342205783085,0.15496632536924332,-0.885266804690362,0.7710833364420479,2.8973565435080184,0.7397064688065554,0.053605929862483644,0.0,0.0,0.0
358110.1284435,1887174,200.0,0.01576044250005248,0.005,vicon_frame_time,1,200.0,False,0.95,7,False,so3_window,5.331129637806114,1.8541159913671679,True,tracking,False,False,True,0,1.2999999999999998,False,x_w_outside_launch_gate,,False,x_w_outside_launch_gate,2.524948598306289,2.902261820793772,1.5224820538532016,-111.00670673392482,52.154511633794385,114.27380662250387,1.217847652204981,3.2728698210682237,0.7789958595894187,0.20657160692718143,2.524948598306289,2.902261820793772,1.5224820538532016,-1.937432524302749,0.9102679477793991,1.9944541743499933,0.1473529245678238,-0.8994698199577762,0.8077091447963303,3.2728698210682237,0.7789958595894187,0.20657160692718143,0.0,0.0,0.0
358110.1344058,1887176,200.0,0.015559072500196648,0.01,vicon_frame_time,2,200.0,False,0.95,7,False,so3_window,3.1464557652356735,0.23705425179932185,True,tracking,False,False,True,0,1.2999999999999998,False,x_w_outside_launch_gate,,False,x_w_outside_launch_gate,2.5128850562108522,2.902037745798257,1.5198637936561585,-109.77180000712265,51.868958738440554,113.637492905548,1.224009343325753,3.2010813851442674,0.7894851535927531,0.07750468236718133,2.5128850562108522,2.902037745798257,1.5198637936561585,-1.915879335965025,0.905284109566872,1.9833484049135102,0.11793537629293807,-0.8732952032571445,0.8494972675267691,3.2010813851442674,0.7894851535927531,0.07750468236718133,0.0,0.0,0.0
358110.1781326,1887177,200.0,0.0162626724990114,0.005,vicon_frame_time,1,200.0,False,0.95,7,False,so3_window,4.486034215833552,1.323529072461915,True,tracking,False,False,True,0,1.2999999999999998,False,x_w_outside_launch_gate,,False,x_w_outside_launch_gate,2.506651122721643,2.9020823229649535,1.5184173168127206,-108.87347614560919,51.86200766424516,113.18483336055891,1.2363189638291303,3.397338111006061,0.8127051404358379,0.11458228818669738,2.506651122721643,2.9020823229649535,1.5184173168127206,-1.9002006268323857,0.9051627904356119,1.9754480054628711,0.10553924361514791,-0.8669709229757854,0.8750471227855054,3.397338111006061,0.8127051404358379,0.11458228818669738,0.0,0.0,0.0
358110.1844638,1887185,200.0,0.015971472497200025,0.04,vicon_frame_time,8,200.0,False,0.95,7,False,so3_window,3.4031688263795346,0.18593440270807404,True,tracking,False,False,True,0,1.2999999999999998,False,x_w_outside_launch_gate,,False,x_w_outside_launch_gate,2.455732044785095,2.9008673027618217,1.5072378605516075,-103.32328773595967,50.952888386154505,110.59307259280646,1.294543023713588,3.3376263543015106,0.796829664873959,-0.08039428399089688,2.455732044785095,2.9008673027618217,1.5072378605516075,-1.8033315649779738,0.8892956657395761,1.930213246641575,0.05178593678503918,-0.7623130673345891,1.0450065283852275,3.3376263543015106,0.796829664873959,-0.08039428399089688,0.0,0.0,0.0
358110.1904021,1887186,200.0,0.01612699499705176,0.005,vicon_frame_time,1,200.0,False,0.95,7,False,so3_window,3.051180639023978,0.6075880514065715,True,tracking,False,False,True,0,1.2999999999999998,False,x_w_outside_launch_gate,,False,x_w_outside_launch_gate,2.4495010967380786,2.900482070042943,1.5055704486442005,-102.701958053937,50.77134714405125,110.31519809889316,1.2936217806769388,3.2682154322715773,0.7872246958739437,-0.14692737558480437,2.4495010967380786,2.900482070042943,1.5055704486442005,-1.7924873162863089,0.886127173336714,1.925363421815475,0.031908774528921074,-0.7455321015991343,1.0567029038641915,3.2682154322715773,0.7872246958739437,-0.14692737558480437,0.0,0.0,0.0
358110.1965936,1887188,200.0,0.01564509499834802,0.01,vicon_frame_time,2,200.0,False,0.95,7,False,so3_window,3.421670264747416,0.15731090491799776,True,tracking,False,False,True,0,1.2999999999999998,False,x_w_outside_launch_gate,,False,x_w_outside_launch_gate,2.43642097133642,2.900043685774294,1.502297325359781,-101.32308752660316,50.48081893845939,109.6508032784458,1.3154537847409469,3.2785091497890253,0.798440706391067,-0.20498723622324416,2.43642097133642,2.900043685774294,1.502297325359781,-1.7684214856256226,0.8810564995792252,1.9137675446654718,0.015927177973004858,-0.7260642542814273,1.0968115988837157,3.2785091497890253,0.798440706391067,-0.20498723622324416,0.0,0.0,0.0
358110.2026319,1887189,200.0,0.016380780000352226,0.005,vicon_frame_time,1,200.0,False,0.95,7,False,so3_window,3.214353809843461,0.2404030989124212,True,tracking,False,False,True,0,1.2999999999999998,False,x_w_outside_launch_gate,,False,x_w_outside_launch_gate,2.4297456944497737,2.8999814076219295,1.5008386781546112,-100.64635115383035,50.3482103749692,109.36959798551285,1.326735053196409,3.2518798493172674,0.7824077535582369,-0.22669458671540785,2.4297456944497737,2.8999814076219295,1.5008386781546112,-1.7566102077527335,0.8787420435299813,1.9088595864297568,0.021521350096184694,-0.7163402568123175,1.116521101162078,3.2518798493172674,0.7824077535582369,-0.22669458671540785,0.0,0.0,0.0
358110.2086245,1887190,200.0,0.016165879997450085,0.005,vicon_frame_time,1,200.0,False,0.95,7,False,so3_window,2.6761529139143403,0.6444542310525072,True,tracking,False,False,True,0,1.2999999999999998,False,x_w_outside_launch_gate,,False,x_w_outside_launch_gate,2.4232905986203024,2.899678526584127,1.4990383443830892,-100.10295067886439,50.155283775560584,109.1317896478045,1.3297914120142962,3.1324045439642205,0.7592364305611826,-0.28338937523722985,2.4232905986203024,2.899678526584127,1.4990383443830892,-1.7471260803076765,0.8753748391556249,1.9047090479480513,0.006158030385758156,-0.706307379739477,1.126693020948607,3.1324045439642205,0.7592364305611826,-0.28338937523722985,0.0,0.0,0.0
358110.2470519,1887191,200.0,0.016359079998826766,0.005,vicon_frame_time,1,200.0,False,0.95,7,False,so3_window,2.8913026171759912,0.3758840696990777,True,tracking,False,False,True,0,1.2999999999999998,False,x_w_outside_launch_gate,,False,x_w_outside_launch_gate,2.4167192802612045,2.8994641017692615,1.4972935053422176,-99.50354100804232,49.98959734802149,108.87687324420484,1.3365598846563436,3.0727845410568166,0.7429040388577195,-0.31493801832314733,2.4167192802612045,2.8994641017692615,1.4972935053422176,-1.736664407983536,0.8724830654692006,1.9002599173878947,-0.0012796279913479813,-0.697009800567051,1.140424493659384,3.0727845410568166,0.7429040388577195,-0.31493801832314733,0.0,0.0,0.0
358110.2531143,1887199,200.0,0.01826946249602693,0.04,vicon_frame_time,8,200.0,False,0.95,7,False,so3_window,2.360540985412727,0.6995315966240659,True,tracking,False,False,True,0,1.2999999999999998,False,x_w_outside_launch_gate,,False,x_w_outside_launch_gate,2.362989997726485,2.8976592068822997,1.483012867072266,-95.43314610600423,48.72573323798795,107.42205067859098,1.3833423732661845,2.543272052124257,0.5732921410698966,-0.4307157971958104,2.362989997726485,2.8976592068822997,1.483012867072266,-1.6656226150865792,0.8504244754513275,1.8748684735856216,-0.02870040968155091,-0.6211732694130093,1.2357006828211206,2.543272052124257,0.5732921410698966,-0.4307157971958104,0.0,0.0,0.0
358110.2593045,1887200,200.0,0.01847706250155093,0.005,vicon_frame_time,1,200.0,False,0.95,7,False,so3_window,4.2288527040939625,1.3115121314003284,True,tracking,False,False,True,0,1.2999999999999998,False,x_w_outside_launch_gate,,False,x_w_outside_launch_gate,2.355807889105602,2.8976112465932506,1.4814368202055364,-94.5480126560712,48.70091677389679,107.02604035547424,1.4024413165926743,2.807472952532713,0.6304454218204508,-0.3600852140842773,2.355807889105602,2.8976112465932506,1.4814368202055364,-1.6501741220657113,0.8499913464442339,1.8679567895753477,-0.019013742688727492,-0.6020027363977459,1.2665199680402937,2.807472952532713,0.6304454218204508,-0.3600852140842773,0.0,0.0,0.0
358110.265273,1887202,200.0,0.018592804996415153,0.01,vicon_frame_time,2,200.0,False,0.95,7,False,so3_window,2.4263144548412683,0.5273302725492537,True,tracking,False,False,True,0,1.2999999999999998,False,x_w_outside_launch_gate,,False,x_w_outside_launch_gate,2.342191328244392,2.8968951898043165,1.4777331062430559,-93.55364042555904,48.325613459935155,106.6056735922952,1.4064371079853657,2.6526906587195276,0.6010062631985846,-0.4368238540193753,2.342191328244392,2.8968951898043165,1.4777331062430559,-1.6328190526528743,0.8434410679219573,1.8606200054919224,-0.03849192010202637,-0.5706034237345257,1.2849106753496664,2.6526906587195276,0.6010062631985846,-0.4368238540193753,0.0,0.0,0.0
358110.2712443,1887203,200.0,0.018412504998677987,0.005,vicon_frame_time,1,200.0,False,0.95,7,False,so3_window,4.150442199275951,1.3162077241259351,True,tracking,False,False,True,0,1.2999999999999998,False,x_w_outside_launch_gate,,False,x_w_outside_launch_gate,2.335112749379306,2.8966960597052696,1.4762019387116394,-92.69971747551254,48.24723291373438,106.2015952960602,1.4156700110130924,2.882862316229689,0.6595241374706127,-0.4010186517307397,2.335112749379306,2.8966960597052696,1.4762019387116394,-1.6179152856162198,0.8420730693212422,1.8535675087867727,-0.0322079791272982,-0.5422880391742029,1.3072902924488283,2.882862316229689,0.6595241374706127,-0.4010186517307397,0.0,0.0,0.0
358110.3154031,1887206,200.0,0.019212519999324836,0.015,vicon_frame_time,3,200.0,False,0.95,7,False,so3_window,2.739916103511554,0.0472327460845163,True,tracking,False,False,True,0,1.2999999999999998,False,x_w_outside_launch_gate,,False,x_w_outside_launch_gate,2.314877854673096,2.89521497391449,1.47066851262326,-91.01281236313179,47.779471979781725,105.44231576425454,1.4081189326497399,2.7782562004364677,0.6392036679722117,-0.4501996715865668,2.314877854673096,2.89521497391449,1.47066851262326,-1.5884732372364507,0.8339091009115647,1.8403155810137628,-0.06960913546267078,-0.4780925404487386,1.3226416822080171,2.7782562004364677,0.6392036679722117,-0.4501996715865668,0.0,0.0,0.0
358110.3221542,1887213,200.0,0.0187779099982534,0.035,vicon_frame_time,7,200.0,False,0.95,7,False,so3_window,3.3784913747043723,0.5737123355581679,True,tracking,False,False,True,0,1.2999999999999998,False,x_w_outside_launch_gate,,False,x_w_outside_launch_gate,2.266971591092281,2.891357300078595,1.4593919338847183,-86.0931167205946,47.3606349770482,103.18202765907544,1.4099388217777538,3.092920856187721,0.711306540440933,-0.3122956448139042,2.266971591092281,2.891357300078595,1.4593919338847183,-1.5026083500781586,0.8265990161846801,1.8008661115347238,-0.09890985223272566,-0.28388782764587833,1.3775166146373135,3.092920856187721,0.711306540440933,-0.3122956448139042,0.0,0.0,0.0
358110.3283901,1887214,200.0,0.01889120999513654,0.005,vicon_frame_time,1,200.0,False,0.95,7,False,so3_window,3.9394229478002605,0.5554250160452123,True,tracking,False,False,True,0,1.2999999999999998,False,x_w_outside_launch_gate,,False,x_w_outside_launch_gate,2.2602108343470633,2.8905063902078085,1.4579499024030662,-85.27889800218806,47.28753392154101,102.7989615879515,1.4058130727191196,3.2149776829154564,0.7401967932497331,-0.3140184849699662,2.2602108343470633,2.8905063902078085,1.4579499024030662,-1.488397552610596,0.8253231620793966,1.794180347340932,-0.10829205459755611,-0.24065974527520453,1.3808208114534941,3.2149776829154564,0.7401967932497331,-0.3140184849699662,0.0,0.0,0.0
358110.3343136,1887216,200.0,0.018899292499198972,0.01,vicon_frame_time,2,200.0,False,0.95,7,False,so3_window,3.7382065187726057,0.04033717314477566,True,tracking,False,False,True,0,1.2999999999999998,False,x_w_outside_launch_gate,,False,x_w_outside_launch_gate,2.2464779443069833,2.888671687162045,1.4552472232892761,-83.76033942692713,47.22896697307373,102.03756885097238,1.40753743995115,3.3368628222331607,0.7840113942981477,-0.2766473047861253,2.2464779443069833,2.888671687162045,1.4552472232892761,-1.4618937055878989,0.8243009759957967,1.7808915371798753,-0.12238434272803529,-0.1589443936800803,1.393169191891974,3.3368628222331607,0.7840113942981477,-0.2766473047861253,0.0,0.0,0.0
358110.3404824,1887217,200.0,0.018585992496454318,0.005,vicon_frame_time,1,200.0,False,0.95,7,False,so3_window,4.471308820640403,0.7343646605526863,True,tracking,False,False,True,0,1.2999999999999998,False,x_w_outside_launch_gate,,False,x_w_outside_launch_gate,2.239528940591481,2.8878144577354923,1.4540495092455508,-82.86783076679087,47.202567508291686,101.56450463445475,1.4101690365513828,3.50195247027996,0.8372277338964708,-0.26755834922648025,2.239528940591481,2.8878144577354923,1.4540495092455508,-1.446316490865958,0.8238402184145857,1.7726350090282752,-0.12339969492937616,-0.1155386648158048,1.4000000156686332,3.50195247027996,0.8372277338964708,-0.26755834922648025,0.0,0.0,0.0
358110.384133,1887218,200.0,0.018881190000973977,0.005,vicon_frame_time,1,200.0,False,0.95,7,False,so3_window,4.032825930888426,0.1208853157790146,True,tracking,False,False,True,0,1.2999999999999998,False,x_w_outside_launch_gate,,False,x_w_outside_launch_gate,2.2327485659661486,2.8868364263202295,1.452751559211233,-82.05611747330107,47.16141537253676,101.1456612381904,1.4065116934946695,3.569269713508351,0.8587389791128759,-0.26842677108576496,2.2327485659661486,2.8868364263202295,1.452751559211233,-1.432149421312354,0.8231219781514345,1.765324812713227,-0.13282356398845496,-0.07687668101938286,1.39811409430779,3.569269713508351,0.8587389791128759,-0.26842677108576496,0.0,0.0,0.0
358110.390157,1887227,200.0,0.01908260499921792,0.045,vicon_frame_time,9,200.0,False,0.95,7,False,so3_window,4.219487067065887,0.3383187455983236,True,tracking,False,False,True,0,1.2999999999999998,False,x_w_outside_launch_gate,,False,x_w_outside_launch_gate,2.171592958218885,2.877385790862212,1.4411004202712454,-74.61508732237586,46.53568612112188,96.9785829772464,1.399958364506648,3.902004204516828,0.977048435798085,-0.3982485536636232,2.171592958218885,2.877385790862212,1.4411004202712454,-1.3022789454385384,0.8122009424882055,1.6925955768714749,-0.21575788764967962,0.21818747995885543,1.365915875835068,3.902004204516828,0.977048435798085,-0.3982485536636232,0.0,0.0,0.0
358110.3976066,1887228,200.0,0.018929004997422935,0.005,vicon_frame_time,1,200.0,False,0.95,7,False,so3_window,3.8432388985820536,0.14334787272514957,True,tracking,False,False,True,0,1.2999999999999998,False,x_w_outside_launch_gate,,False,x_w_outside_launch_gate,2.164916412712691,2.876371772869553,1.439717297992522,-73.8469629141786,46.50657116512408,96.57054447100016,1.395200122259275,3.8707993400907457,0.966801118190667,-0.3925651663616152,2.164916412712691,2.876371772869553,1.439717297992522,-1.2888726454505632,0.8116927906444706,1.6854739614625585,-0.2250328094842579,0.2394295634915971,1.3559561570840484,3.8707993400907457,0.966801118190667,-0.3925651663616152,0.0,0.0,0.0
358110.4032288,1887229,200.0,0.01924680499805302,0.005,vicon_frame_time,1,200.0,False,0.95,7,False,so3_window,4.507928236696225,0.4766878956415249,True,tracking,False,False,True,0,1.2999999999999998,False,x_w_outside_launch_gate,,False,x_w_outside_launch_gate,2.1581195512920974,2.8753494590073343,1.4385762504952464,-72.93871495304239,46.474686470097446,96.09976568414218,1.3947338218488192,3.9527061576289118,0.9810687505162968,-0.39880841489045005,2.1581195512920974,2.8753494590073343,1.4385762504952464,-1.273020728104211,0.8111362977352616,1.6772573215833422,-0.2267641031726435,0.2740094299636837,1.3486212617381863,3.9527061576289118,0.9810687505162968,-0.39880841489045005,0.0,0.0,0.0
358110.4088523,1887230,200.0,0.019084679997691437,0.005,vicon_frame_time,1,200.0,False,0.95,7,False,so3_window,3.021539071253266,1.1238309851430954,True,tracking,False,False,True,0,1.2999999999999998,False,x_w_outside_launch_gate,,False,x_w_outside_launch_gate,2.151643219147934,2.8738859302156636,1.437165171943368,-72.33259233391051,46.3448938280866,95.79193140114526,1.3858098955898968,3.7762546652522233,0.9128739753091086,-0.44126491517901645,2.151643219147934,2.8738859302156636,1.437165171943368,-1.262441892729548,0.80887098878731,1.67188459979453,-0.2500829228301651,0.29992706660498014,1.329650838807442,3.7762546652522233,0.9128739753091086,-0.44126491517901645,0.0,0.0,0.0
358110.4149732,1887231,200.0,0.01908497749988731,0.005,vicon_frame_time,1,200.0,False,0.95,7,False,so3_window,3.198405015526711,0.8789546459473347,True,tracking,False,False,True,0,1.2999999999999998,False,x_w_outside_launch_gate,,False,x_w_outside_launch_gate,2.1450315885710345,2.872650410029358,1.4358232834795535,-71.68034271552003,46.263218793627196,95.4698840861792,1.382632149521625,3.6618005539823715,0.8691524283041238,-0.45289795489820617,2.1450315885710345,2.872650410029358,1.4358232834795535,-1.2510579893437577,0.8074454905193136,1.666263813801165,-0.259998194719803,0.3214425478506801,1.319373824230455,3.6618005539823715,0.8691524283041238,-0.45289795489820617,0.0,0.0,0.0
358110.4528233,1887232,200.0,0.01938327749755393,0.005,vicon_frame_time,1,200.0,False,0.95,7,False,so3_window,3.406328815302412,0.48098636788428256,True,tracking,False,False,True,0,1.2999999999999998,False,x_w_outside_launch_gate,,False,x_w_outside_launch_gate,2.138443360921399,2.87125084028191,1.4345223213964118,-70.98030722865471,46.185258866565434,95.13176386686787,1.380077530526732,3.6007965167996647,0.8387053239199324,-0.46394942589084204,2.138443360921399,2.87125084028191,1.4345223213964118,-1.2388400652171563,0.8060848331074713,1.660362502706617,-0.2728872237522444,0.349757920029351,1.306834324141472,3.6007965167996647,0.8387053239199324,-0.46394942589084204,0.0,0.0,0.0
358110.4584658,1887240,200.0,0.020314622496640115,0.04,vicon_frame_time,8,200.0,False,0.95,7,False,so3_window,3.3693573116272835,0.08309609079196834,True,tracking,False,False,True,0,1.2999999999999998,False,x_w_outside_launch_gate,,False,x_w_outside_launch_gate,2.0862530541529427,2.8577784120646568,1.4240779434055684,-65.35633654154098,45.53415169853596,92.5444233769569,1.3731710926241687,3.3819354515477316,0.6996378577939042,-0.5240216353938537,2.0862530541529427,2.8577784120646568,1.4240779434055684,-1.1406832596913739,0.7947208692420209,1.6152048922875073,-0.37248458463482076,0.5569271102655783,1.1986184871256202,3.3819354515477316,0.6996378577939042,-0.5240216353938537,0.0,0.0,0.0
358110.4644908,1887241,200.0,0.0209015224981483,0.005,vicon_frame_time,1,200.0,False,0.95,7,False,so3_window,4.255610191628649,0.8520051583955839,True,tracking,False,False,True,0,1.2999999999999998,False,x_w_outside_launch_gate,,False,x_w_outside_launch_gate,2.079703364097911,2.8561372512501637,1.422770440185062,-64.47126692895486,45.48966618073756,92.12718395921947,1.3736922500541502,3.506366498557583,0.7261194148090752,-0.532246273532859,2.079703364097911,2.8561372512501637,1.422770440185062,-1.1252358808423955,0.7939444504869844,1.607922690678885,-0.3799227197271181,0.5811888812612727,1.1852884076005528,3.506366498557583,0.7261194148090752,-0.532246273532859,0.0,0.0,0.0
358110.4705594,1887243,200.0,0.017689472498113326,0.01,vicon_frame_time,2,200.0,False,0.95,7,False,so3_window,3.077169562677995,0.46612840792634685,True,tracking,False,False,True,0,1.2999999999999998,False,x_w_outside_launch_gate,,False,x_w_outside_launch_gate,2.067191260581342,2.8517851152189473,1.419680027318548,-63.14654012713506,45.19319212259719,91.60195778469371,1.3668680696848268,3.345695279574323,0.6146135897159998,-0.5963903610590757,2.067191260581342,2.8517851152189473,1.419680027318548,-1.1021150364612256,0.7887700020256858,1.5987557646157562,-0.43302734431965456,0.6195757088375053,1.1388334294416784,3.345695279574323,0.6146135897159998,-0.5963903610590757,0.0,0.0,0.0
358110.4768678,1887244,200.0,0.01782847250151405,0.005,vicon_frame_time,1,200.0,False,0.95,7,False,so3_window,5.346789247721538,1.9851619956113262,True,tracking,False,False,True,0,1.2999999999999998,False,x_w_outside_launch_gate,,False,x_w_outside_launch_gate,2.0605574071336092,2.850041132417027,1.4181750291502861,-62.05610466383244,45.18697050172094,91.05056765185988,1.3751614334452185,3.6500615012631172,0.7112380744319003,-0.6042441568566307,2.0605574071336092,2.850041132417027,1.4181750291502861,-1.083083347346085,0.7886614142565844,1.589132191334797,-0.4418915038463681,0.6458516536355874,1.1307857924291764,3.6500615012631172,0.7112380744319003,-0.6042441568566307,0.0,0.0,0.0
358110.5212165,1887245,200.0,0.017732379997695023,0.005,vicon_frame_time,1,200.0,False,0.95,7,False,so3_window,3.9529997138950126,0.5851859041819693,True,tracking,False,False,True,0,1.2999999999999998,False,x_w_outside_launch_gate,,False,x_w_outside_launch_gate,2.0543534512411763,2.847805941887803,1.4165677627870576,-61.20416325755476,45.06648017421989,90.70213991084469,1.370546152803778,3.6810100262420202,0.6852320786078928,-0.6331760508177665,2.0543534512411763,2.847805941887803,1.4165677627870576,-1.0682141647724688,0.7865584613248848,1.583050980048796,-0.46644667615338553,0.6664579251352394,1.1030222524025193,3.6810100262420202,0.6852320786078928,-0.6331760508177665,0.0,0.0,0.0
358110.5276815,1887254,200.0,0.017968717497805525,0.045,vicon_frame_time,9,200.0,False,0.95,7,False,so3_window,3.8100860108798833,0.18053172688081784,True,tracking,False,False,True,0,1.2999999999999998,False,x_w_outside_launch_gate,,False,x_w_outside_launch_gate,1.999684462736063,2.824475709664434,1.4006330369955036,-53.499178045186994,44.21344050276179,88.0089378244007,1.3669090921271012,3.7085632975952363,0.5257455857104534,-0.6648105007783705,1.999684462736063,2.824475709664434,1.4006330369955036,-0.9337368039991767,0.7716701104078103,1.5360457362187674,-0.6341515912797561,0.8219663610248659,0.889192626353047,3.7085632975952363,0.5257455857104534,-0.6648105007783705,0.0,0.0,0.0
358110.5336701,1887255,200.0,0.018075017495956896,0.005,vicon_frame_time,1,200.0,False,0.95,7,False,so3_window,3.79479633108615,0.27630137726194337,True,tracking,False,False,True,0,1.2999999999999998,False,x_w_outside_launch_gate,,False,x_w_outside_launch_gate,1.9939328698497465,2.821377260285237,1.3985142566431437,-52.642346369112886,44.08308741215605,87.71868116573845,1.3668711048002764,3.706570108667202,0.4894141160235406,-0.687433967106527,1.9939328698497465,2.821377260285237,1.3985142566431437,-0.918782270116302,0.7693950197865895,1.5309798018492735,-0.6685296807495854,0.8296034081649235,0.8562493026309154,3.706570108667202,0.4894141160235406,-0.687433967106527,0.0,0.0,0.0
358110.5396658,1887257,200.0,0.017782319997951743,0.01,vicon_frame_time,2,200.0,False,0.95,7,False,so3_window,4.587038289262679,0.6596224909440306,True,tracking,False,False,True,0,1.2999999999999998,False,x_w_outside_launch_gate,,False,x_w_outside_launch_gate,1.9824247927963023,2.8151456578885803,1.3946376926758468,-50.541675699231455,43.89034135071019,87.0361375103687,1.3650206590391056,3.939790854114371,0.4814947801356346,-0.7196504088452513,1.9824247927963023,2.8151456578885803,1.3946376926758468,-0.8821186504267962,0.7660309663941081,1.519067167774474,-0.7111312298482918,0.8607585506957094,0.7852824275012349,3.939790854114371,0.4814947801356346,-0.7196504088452513,0.0,0.0,0.0
358110.5458259,1887258,200.0,0.018689219998652005,0.005,vicon_frame_time,1,200.0,False,0.95,7,False,so3_window,4.279785585213441,0.38398050627366775,True,tracking,False,False,True,0,1.2999999999999998,False,x_w_outside_launch_gate,,False,x_w_outside_launch_gate,1.9768200784612215,2.8118646888741132,1.392513507874145,-49.55380880566589,43.76237832339538,86.73079397047731,1.3644460367993374,3.980890097519642,0.45168339221985526,-0.7390772174733882,1.9768200784612215,2.8118646888741132,1.392513507874145,-0.8648771205626287,0.7637975902466452,1.5137379176536747,-0.7375379157462798,0.8679475016350828,0.7512775416445444,3.980890097519642,0.45168339221985526,-0.7390772174733882,0.0,0.0,0.0
358110.5904037,1887260,200.0,0.01823395499656598,0.01,vicon_frame_time,2,200.0,False,0.95,7,False,so3_window,4.492727890206425,0.22047875506409173,True,tracking,False,False,True,0,1.2999999999999998,False,x_w_outside_launch_gate,,False,x_w_outside_launch_gate,1.9656462430981532,2.805304663963312,1.3879536570561637,-47.51429734663676,43.54345268991671,86.04084727013479,1.3669713033576332,4.102357597272712,0.43634077086157996,-0.7758915070954859,1.9656462430981532,2.805304663963312,1.3879536570561637,-0.829280930470417,0.7599766171254281,1.5016960760694271,-0.78613354762032,0.8764691865723696,0.6945547886944019,4.102357597272712,0.43634077086157996,-0.7758915070954859,0.0,0.0,0.0
358110.596371,1887267,200.0,0.017806355000237625,0.035,vicon_frame_time,7,200.0,False,0.95,7,False,so3_window,4.089176645144395,0.09780230400818116,True,tracking,False,False,True,0,1.2999999999999998,False,x_w_outside_launch_gate,,False,x_w_outside_launch_gate,1.925267948413952,2.7840287288584613,1.3711593321069113,-40.94020043468638,43.13414325614283,83.90309985310964,1.3854157172201782,4.04481855784617,0.4105899922123452,-0.7278334174343485,1.925267948413952,2.7840287288584613,1.3711593321069113,-0.7145412940116911,0.7528328198466001,1.4643853450663338,-0.8514394204737721,0.9192984401301296,0.5910313026890357,4.04481855784617,0.4105899922123452,-0.7278334174343485,0.0,0.0,0.0
358110.6024431,1887268,200.0,0.018134344998928048,0.005,vicon_frame_time,1,200.0,False,0.95,7,False,so3_window,2.7471591721096504,1.425615064400753,True,tracking,False,False,True,0,1.2999999999999998,False,x_w_outside_launch_gate,,False,x_w_outside_launch_gate,1.9195041834754254,2.7812019937908903,1.3689490066138033,-40.2598227832666,43.017720239892256,83.76875161062397,1.3791847518527982,3.8198804954688246,0.32788166827305454,-0.6939539028804435,1.9195041834754254,2.7812019937908903,1.3689490066138033,-0.7026664638374296,0.7508008548879248,1.462040525890691,-0.8425779457831947,0.924232844660767,0.5813833794264355,3.8198804954688246,0.32788166827305454,-0.6939539028804435,0.0,0.0,0.0
358110.6084034,1887270,200.0,0.01803934499587098,0.01,vicon_frame_time,2,200.0,False,0.95,7,False,so3_window,3.8810242143887543,0.3310984947211888,True,tracking,False,False,True,0,1.2999999999999998,False,x_w_outside_launch_gate,,False,x_w_outside_launch_gate,1.907548881904483,2.7759957852111317,1.3646197269889488,-38.54609094424351,42.738434776339965,83.1211203680269,1.376352264962992,3.8021748226029786,0.2749220303642006,-0.7696748606912756,1.907548881904483,2.7759957852111317,1.3646197269889488,-0.6727562007502192,0.7459264039959788,1.45073722836859,-0.8231557721366642,0.9465194357846869,0.5664460166235511,3.8021748226029786,0.2749220303642006,-0.7696748606912756,0.0,0.0,0.0
358110.6146903,1887272,200.0,0.017359080000098955,0.01,vicon_frame_time,2,200.0,False,0.95,7,False,so3_window,3.9567514997134277,0.2515535296664246,True,tracking,False,False,True,0,1.2999999999999998,False,x_w_outside_launch_gate,,False,x_w_outside_launch_gate,1.8954228770266113,2.7709788687242867,1.360714203325245,-36.82994950834711,42.489158607411326,82.41694106001738,1.3726582003090788,3.809626281483419,0.25529680296176843,-0.8325296125696744,1.8954228770266113,2.7709788687242867,1.360714203325245,-0.6428038822639239,0.7415757141014163,1.4384469809194087,-0.8000171424008071,0.9764355783790943,0.5392000259793106,3.809626281483419,0.25529680296176843,-0.8325296125696744,0.0,0.0,0.0
358110.6582977,1887273,200.0,0.017792779999219972,0.005,vicon_frame_time,1,200.0,False,0.95,7,False,so3_window,3.776517333004909,0.6129236913684851,True,tracking,False,False,True,0,1.2999999999999998,False,x_w_outside_launch_gate,,False,x_w_outside_launch_gate,1.8897733766860272,2.7685086678986983,1.3590253743723297,-36.00511435482723,42.22981499002064,82.11727610700551,1.3514606849201594,3.7720206541553023,0.1678064215408125,-0.8870178984025888,1.8897733766860272,2.7685086678986983,1.3590253743723297,-0.628407793048809,0.7370493140839165,1.4332168408365176,-0.7825613563875491,0.9761551242536972,0.5110429333891573,3.7720206541553023,0.1678064215408125,-0.8870178984025888,0.0,0.0,0.0
358110.6644454,1887281,200.0,0.017334279996796438,0.04,vicon_frame_time,8,200.0,False,0.95,7,False,so3_window,3.436270461321023,0.47768885298110997,True,tracking,False,False,True,0,1.2999999999999998,False,x_w_outside_launch_gate,,False,x_w_outside_launch_gate,1.8438101766110373,2.748482811209944,1.3434839865176251,-30.3727433532708,41.31272231598317,79.27094574089968,1.3174811534563642,3.455402176826059,0.1707543391447744,-0.9570532581611472,1.8438101766110373,2.748482811209944,1.3434839865176251,-0.5301043743777987,0.7210430273760435,1.3835390043484752,-0.7917892206586554,0.9844517207213831,0.3737395206961375,3.455402176826059,0.1707543391447744,-0.9570532581611472,0.0,0.0,0.0
358110.6703456,1887283,200.0,0.01770586749701334,0.01,vicon_frame_time,2,200.0,False,0.95,7,False,so3_window,4.312818208438447,0.5023085942008936,True,tracking,False,False,True,0,1.2999999999999998,False,x_w_outside_launch_gate,,False,x_w_outside_launch_gate,1.8328753426961009,2.7435782644120894,1.3392871886742492,-28.68876947045761,41.079537510356346,78.27146920084603,1.298437205594041,3.64284097022102,0.20694236086251583,-1.0713424732737078,1.8328753426961009,2.7435782644120894,1.3392871886742492,-0.5007134856051154,0.7169731847522325,1.3660948479280979,-0.8057686772150177,0.961803904729225,0.334079727816039,3.64284097022102,0.20694236086251583,-1.0713424732737078,0.0,0.0,0.0
358110.6765377,1887284,200.0,0.01754846749902509,0.005,vicon_frame_time,1,200.0,False,0.95,7,False,so3_window,3.917692607833353,0.65362065332098,True,tracking,False,False,True,0,1.2999999999999998,False,x_w_outside_launch_gate,,False,x_w_outside_launch_gate,1.8275214197517808,2.741056203957039,1.3367804835028716,-27.979360693746916,40.82147162772605,77.78460007465038,1.2946769001494185,3.634059059726878,0.1418341597646951,-1.1523497625464727,1.8275214197517808,2.741056203957039,1.3367804835028716,-0.4883319667089685,0.7124690854132685,1.3575973786496762,-0.8261347399134797,0.9416386541918718,0.3271181930439131,3.634059059726878,0.1418341597646951,-1.1523497625464727,0.0,0.0,0.0
358110.6824174,1887285,200.0,0.01789753999627904,0.005,vicon_frame_time,1,200.0,False,0.95,7,False,so3_window,3.8834775871968983,0.12191800712081569,True,tracking,False,False,True,0,1.2999999999999998,False,x_w_outside_launch_gate,,False,x_w_outside_launch_gate,1.8221800006555289,2.7386139151807107,1.3344149684934428,-27.23353844070751,40.70787166238625,77.31988605120625,1.2881133744604822,3.6388154318615347,0.15452042739384922,-1.1723777441821615,1.8221800006555289,2.7386139151807107,1.3344149684934428,-0.47531491275878857,0.7104863919879376,1.349486588860386,-0.835826970027433,0.928247077080498,0.3146215274424861,3.6388154318615347,0.15452042739384922,-1.1723777441821615,0.0,0.0,0.0
358110.7285477,1887286,200.0,0.016609235001154514,0.005,vicon_frame_time,1,200.0,False,0.95,7,False,so3_window,4.265313830581122,0.3841181223982671,True,tracking,False,False,True,0,1.2999999999999998,False,x_w_outside_launch_gate,,False,x_w_outside_launch_gate,1.8167592255224445,2.736384389572259,1.331915398831194,-26.420737852096856,40.59421156992492,76.8006225811127,1.2845894153647137,3.702015344811534,0.17319775508875115,-1.2113578186263483,1.8167592255224445,2.736384389572259,1.331915398831194,-0.46112886632538475,0.7085026491463662,1.3404237316219225,-0.8427959464159214,0.9182622167331445,0.3109010454988537,3.702015344811534,0.17319775508875115,-1.2113578186263483,0.0,0.0,0.0
358110.7349496,1887296,200.0,0.017101539997913466,0.05,vicon_frame_time,10,200.0,False,0.95,7,False,so3_window,4.001623407621008,0.4015230267690867,True,tracking,False,False,True,0,1.2999999999999998,False,x_w_outside_launch_gate,,False,x_w_outside_launch_gate,1.7617833200269861,2.7137809907930013,1.3057443257953192,-18.617060260252412,38.469747869784904,72.24375253226299,1.2976044386856735,3.7249904615687375,-0.09442173568449694,-1.3545568482201127,1.7617833200269861,2.7137809907930013,1.3057443257953192,-0.32492899858359703,0.6714237627398214,1.26089134568398,-0.9235952840988897,0.8842834657693556,0.2208886204719255,3.7249904615687375,-0.09442173568449694,-1.3545568482201127,0.0,0.0,0.0
358110.7408988,1887297,200.0,0.01647834000012354,0.005,vicon_frame_time,1,200.0,False,0.95,7,False,so3_window,4.240173163816547,0.38437413842692597,True,tracking,False,False,True,0,1.2999999999999998,False,x_w_outside_launch_gate,,False,x_w_outside_launch_gate,1.756051300628486,2.7113458984258716,1.303503173377911,-17.749817549615756,38.325907939540464,71.78596761249017,1.302930810273856,3.7741218631345874,-0.09305311302005222,-1.3532176619596086,1.756051300628486,2.7113458984258716,1.303503173377911,-0.3097927578690669,0.6689132823612169,1.2529014915679664,-0.9277931448960861,0.8951643823890472,0.1884391284918091,3.7741218631345874,-0.09305311302005222,-1.3532176619596086,0.0,0.0,0.0
358110.7467338,1887298,200.0,0.016789112498638036,0.005,vicon_frame_time,1,200.0,False,0.95,7,False,so3_window,3.5747606844562236,0.4881305064266098,True,tracking,False,False,True,0,1.2999999999999998,False,x_w_outside_launch_gate,,False,x_w_outside_launch_gate,1.7504806469870693,2.7086136882247995,1.3011157987126232,-17.013966933626122,38.13257407254181,71.41836092631621,1.3083951576354316,3.7055393278950555,-0.1346990995423671,-1.321611327116255,1.7504806469870693,2.7086136882247995,1.3011157987126232,-0.29694974181721934,0.6655389698264775,1.2464855445418852,-0.9435327477775356,0.8924414513274835,0.15872018884727424,3.7055393278950555,-0.1346990995423671,-1.321611327116255,0.0,0.0,0.0
358110.7527067,1887299,200.0,0.016708749997697583,0.005,vicon_frame_time,1,200.0,False,0.95,7,False,so3_window,3.379996827473357,0.8166985207423166,True,tracking,False,False,True,0,1.2999999999999998,False,x_w_outside_launch_gate,,False,x_w_outside_launch_gate,1.7449091705961917,2.705922381355635,1.2988065232890966,-16.330232731708644,37.83587948142217,71.09139457105614,1.3108787155262105,3.602794441867846,-0.2345945910276076,-1.2944901702536944,1.7449091705961917,2.705922381355635,1.2988065232890966,-0.2850163287852636,0.6603606723385815,1.2407789050993516,-0.9531359270527734,0.8898785574240653,0.13435424971976895,3.602794441867846,-0.2345945910276076,-1.2944901702536944,0.0,0.0,0.0
358110.7958664,1887303,200.0,0.017678217497092596,0.02,vicon_frame_time,4,200.0,False,0.95,7,False,so3_window,3.219126183201269,0.9075448328869712,True,tracking,False,False,True,0,1.2999999999999998,False,x_w_outside_launch_gate,,False,x_w_outside_launch_gate,1.7226977134612071,2.695381297942551,1.2897879058706665,-13.725172708343118,36.700857820138836,69.83660106163015,1.3097065107947161,3.28584552169339,-0.4705322735657369,-1.2013309884917727,1.7226977134612071,2.695381297942551,1.2897879058706665,-0.2395494541654548,0.6405508072677315,1.2188786269272134,-0.972273834687096,0.8751321651935282,0.06448587631882158,3.28584552169339,-0.4705322735657369,-1.2013309884917727,0.0,0.0,0.0
358110.8022224,1887309,200.0,0.017753339999894993,0.03,vicon_frame_time,6,200.0,False,0.95,7,False,so3_window,2.643795684688049,1.1101303621716858,True,tracking,False,False,True,0,1.2999999999999998,False,x_w_outside_launch_gate,,False,x_w_outside_launch_gate,1.6895251228295378,2.6813753281868173,1.2775663588680646,-10.569151309756007,35.10067770606048,68.2878352875317,1.2766017268781362,2.7476670103890313,-0.6375972478308212,-1.0309735506132172,1.6895251228295378,2.6813753281868173,1.2775663588680646,-0.1844664894967134,0.6126223956521257,1.1918475648269968,-0.9395148303784514,0.864223795446599,0.011877876538530618,2.7476670103890313,-0.6375972478308212,-1.0309735506132172,0.0,0.0,0.0
358110.8089358,1887310,200.0,0.017705539996082112,0.005,vicon_frame_time,1,200.0,False,0.95,7,False,so3_window,2.875149175200025,0.4887726848764373,True,tracking,False,False,True,0,1.2999999999999998,False,x_w_outside_launch_gate,,False,x_w_outside_launch_gate,1.68386612768299,2.679185128765451,1.2757107269661314,-10.003917012700546,34.88143075993364,67.96703742862759,1.2746256205906705,2.7255847842321974,-0.6295305346542829,-1.0323627906998774,1.68386612768299,2.679185128765451,1.2757107269661314,-0.17460128996789992,0.6087958145672698,1.1862485859557719,-0.932785384597442,0.8686665680109331,-0.0005408952403855305,2.7255847842321974,-0.6295305346542829,-1.0323627906998774,0.0,0.0,0.0
358110.8147002,1887311,200.0,0.01720273999830653,0.005,vicon_frame_time,1,200.0,False,0.95,7,False,so3_window,2.3804686241411153,0.9583472858413504,True,tracking,False,False,True,0,1.2999999999999998,False,x_w_outside_launch_gate,,False,x_w_outside_launch_gate,1.6783259133019994,2.6770299896201504,1.2737233345139716,-9.553816115422931,34.58281046516091,67.73454163709138,1.2698775764292067,2.6102361530265443,-0.6769371840683069,-0.9993542598479546,1.6783259133019994,2.6770299896201504,1.2737233345139716,-0.16674554734422475,0.6035839072102096,1.1821907688964348,-0.9282480367661013,0.8665676261016063,-0.0022783217992757288,2.6102361530265443,-0.6769371840683069,-0.9993542598479546,0.0,0.0,0.0
358110.8207451,1887313,200.0,0.01699604749710694,0.01,vicon_frame_time,2,200.0,False,0.95,7,False,so3_window,2.4514497177337575,0.45972775402565635,True,tracking,False,False,True,0,1.2999999999999998,False,x_w_outside_launch_gate,,False,x_w_outside_launch_gate,1.6672229960437912,2.672751824628908,1.2702484751018979,-8.61682958415803,34.16613758196131,67.1675936252477,1.2575563390754267,2.4869056255987942,-0.6509252200520997,-0.9762300984800445,1.6672229960437912,2.672751824628908,1.2702484751018979,-0.15039204732681144,0.5963115934945988,1.1722956594021268,-0.9131814126656366,0.8641724203133072,-0.027453259927060325,2.4869056255987942,-0.6509252200520997,-0.9762300984800445,0.0,0.0,0.0
358110.8643526,1887314,200.0,0.016751747499531358,0.005,vicon_frame_time,1,200.0,False,0.95,7,False,so3_window,2.2355054599472224,0.4219087639926003,True,tracking,False,False,True,0,1.2999999999999998,False,x_w_outside_launch_gate,,False,x_w_outside_launch_gate,1.6616499820254855,2.6706951081565364,1.268606936001486,-8.177755271201066,33.92947170865328,66.94248858844071,1.251756065446513,2.401182915290172,-0.6628025797356953,-0.9409782366963448,1.6616499820254855,2.6706951081565364,1.268606936001486,-0.14272875490478043,0.5921809947782659,1.1683668353470216,-0.9038995977121591,0.865100010009333,-0.03821959340159842,2.401182915290172,-0.6628025797356953,-0.9409782366963448,0.0,0.0,0.0
358110.8706899,1887323,200.0,0.016693890000539283,0.045,vicon_frame_time,9,200.0,False,0.95,7,False,so3_window,2.186187704487236,0.2978746854057173,True,tracking,False,False,True,0,1.2999999999999998,False,x_w_outside_launch_gate,,False,x_w_outside_launch_gate,1.6104074873141148,2.651245892327474,1.2563305790786714,-4.410752624958972,32.00514549055207,64.73990746712344,1.2481488732939046,2.0816807640325528,-0.66318778170463,-0.8425491245336704,1.6104074873141148,2.651245892327474,1.2563305790786714,-0.07698215579651668,0.5585951663899493,1.1299245427377667,-0.8931022436151883,0.8573089975403919,-0.15895054290768734,2.0816807640325528,-0.66318778170463,-0.8425491245336704,0.0,0.0,0.0
358110.8766749,1887324,200.0,0.016921289996759185,0.005,vicon_frame_time,1,200.0,False,0.95,7,False,so3_window,1.5594884033624654,0.8027982393900187,True,tracking,False,False,True,0,1.2999999999999998,False,x_w_outside_launch_gate,,False,x_w_outside_launch_gate,1.6045302535512738,2.6492132061810167,1.25492187256086,-4.117580589808647,31.79593608518433,64.58843693734059,1.2540719313665012,1.9518561512454555,-0.6684703246344385,-0.7857773872551216,1.6045302535512738,2.6492132061810167,1.25492187256086,-0.07186533850837096,0.5549437734401428,1.1272808832733157,-0.8943503083802808,0.8644076968652696,-0.16010393043733537,1.9518561512454555,-0.6684703246344385,-0.7857773872551216,0.0,0.0,0.0
358110.8827473,1887325,200.0,0.017000384995672004,0.005,vicon_frame_time,1,200.0,False,0.95,7,False,so3_window,1.7950316842983252,0.4455182877952223,True,tracking,False,False,True,0,1.2999999999999998,False,x_w_outside_launch_gate,,False,x_w_outside_launch_gate,1.5984541426313377,2.6471972665447256,1.2539916905958925,-3.7453883373842625,31.625998047327514,64.4162296647604,1.2619904482701545,1.8957379464025572,-0.6498475837268771,-0.7466204008965655,1.5984541426313377,2.6471972665447256,1.2539916905958925,-0.0653693582531516,0.5519777951551625,1.124275299370912,-0.887590809228003,0.8782863582287752,-0.182799124309499,1.8957379464025572,-0.6498475837268771,-0.7466204008965655,0.0,0.0,0.0
358110.8886941,1887326,200.0,0.01701503749931408,0.005,vicon_frame_time,1,200.0,False,0.95,7,False,so3_window,1.3451023916205944,0.9084404973851421,True,tracking,False,False,True,0,1.2999999999999998,False,x_w_outside_launch_gate,,False,x_w_outside_launch_gate,1.5922279670573336,2.6450624349255007,1.2526630613009209,-3.495133455342435,31.42621858951931,64.29594060526556,1.2799359775363637,1.7619600983796417,-0.6537683157557845,-0.6890533228919613,1.5922279670573336,2.6450624349255007,1.2526630613009209,-0.06100158659233168,0.5484909858385603,1.1221758592285997,-0.8983526932647411,0.8922023857964819,-0.18754585539280397,1.7619600983796417,-0.6537683157557845,-0.6890533228919613,0.0,0.0,0.0
358110.895025,1887327,200.0,0.017144002499415875,0.005,vicon_frame_time,1,200.0,False,0.95,7,False,so3_window,1.797336185082139,0.33013275498548844,True,tracking,False,False,True,0,1.2999999999999998,False,x_w_outside_launch_gate,,False,x_w_outside_launch_gate,1.5862615382620104,2.643191498079238,1.2518885290941522,-3.1069413527565164,31.164041318859226,64.20372882552381,1.2746069766827666,1.7220054295551364,-0.6944449403341962,-0.6287565975343659,1.5862615382620104,2.643191498079238,1.2518885290941522,-0.05422635627196781,0.5439151292416495,1.1205664600629826,-0.8811311528309298,0.8976779356056608,-0.20592513310904656,1.7220054295551364,-0.6944449403341962,-0.6287565975343659,0.0,0.0,0.0
358110.9334028,1887330,200.0,0.017228802501202664,0.015,vicon_frame_time,3,200.0,False,0.95,7,False,so3_window,1.3034627194131736,0.5209266731082234,True,tracking,False,False,True,0,1.2999999999999998,False,x_w_outside_launch_gate,,False,x_w_outside_launch_gate,1.5678179221924582,2.637278034201193,1.2491058310770426,-2.312264888073592,30.542726727549542,63.9760548912068,1.2899989165858419,1.4592982763491213,-0.7011701697158943,-0.4828458781201028,1.5678179221924582,2.637278034201193,1.2491058310770426,-0.040356635475142344,0.5330711439326126,1.1165928002881813,-0.8747560646107827,0.9185187446117598,-0.23499435741340394,1.4592982763491213,-0.7011701697158943,-0.4828458781201028,0.0,0.0,0.0
358110.939028,1887336,200.0,0.01841808999825866,0.03,vicon_frame_time,6,200.0,False,0.95,7,False,so3_window,1.016882214322829,0.5594986745167673,True,tracking,False,False,True,0,1.2999999999999998,False,x_w_outside_launch_gate,,False,x_w_outside_launch_gate,1.5318482495801176,2.625053363705188,1.2449709561241644,-1.2225541872881305,29.46546257651441,63.51891103591346,1.2770579151138093,1.054976675458398,-0.6533801479286115,-0.3466019367955828,1.5318482495801176,2.625053363705188,1.2449709561241644,-0.02133759585222128,0.514269337583348,1.108614134858052,-0.8586184904059201,0.9000053752184491,-0.289208456075867,1.054976675458398,-0.6533801479286115,-0.3466019367955828,0.0,0.0,0.0
358110.9453275,1887338,200.0,0.018605914997860334,0.01,vicon_frame_time,2,200.0,False,0.95,7,False,so3_window,1.4322476049806738,0.0577886819117164,True,tracking,False,False,True,0,1.2999999999999998,False,x_w_outside_launch_gate,,False,x_w_outside_launch_gate,1.5202873208818062,2.62139895990876,1.2449119257155643,-0.702941626401983,29.05314107025118,63.227069069255556,1.2495024686301355,1.0848652347364887,-0.670770685288015,-0.3791379553540698,1.5202873208818062,2.62139895990876,1.2449119257155643,-0.012268645830038505,0.5070729697222722,1.1035205316443761,-0.816795379094639,0.8847072863493133,-0.3337585134238252,1.0848652347364887,-0.670770685288015,-0.3791379553540698,0.0,0.0,0.0
358110.9511472,1887339,200.0,0.018061714997710903,0.005,vicon_frame_time,1,200.0,False,0.95,7,False,so3_window,0.7182083957029625,0.6317744340038368,True,tracking,False,False,True,0,1.2999999999999998,False,x_w_outside_launch_gate,,False,x_w_outside_launch_gate,1.5146374423676034,2.6193997813182768,1.2447903045482327,-0.5956923770904581,28.92887913628957,63.144542288296655,1.2378739002182808,0.9897152502744683,-0.6307858614879878,-0.3587599583994976,1.5146374423676034,2.6193997813182768,1.2447903045482327,-0.010396793309260133,0.5049041898397464,1.1020801675955711,-0.8080009216899979,0.8714160520341885,-0.34655499945446017,0.9897152502744683,-0.6307858614879878,-0.3587599583994976,0.0,0.0,0.0
358110.9572526,1887340,200.0,0.018900734999164417,0.005,vicon_frame_time,1,200.0,False,0.95,7,False,so3_window,1.605897181264549,0.40760232548059344,True,tracking,False,False,True,0,1.2999999999999998,False,x_w_outside_launch_gate,,False,x_w_outside_launch_gate,1.5089315302517958,2.617681631504442,1.2449047307966081,-0.30594403020613364,28.758416180646893,62.940552340735316,1.2268596649688674,1.0505860574243715,-0.624004980555855,-0.40369944047159134,1.5089315302517958,2.617681631504442,1.2449047307966081,-0.005339730653918018,0.5019290500111007,1.0985198713696551,-0.7896707200354502,0.865543656176052,-0.363921654617594,1.0505860574243715,-0.624004980555855,-0.40369944047159134,0.0,0.0,0.0
358111.0016914,1887341,200.0,0.017972234997700145,0.005,vicon_frame_time,1,200.0,False,0.95,7,False,so3_window,0.3901828637019586,1.0339437069861601,True,tracking,False,False,True,0,1.2999999999999998,False,x_w_outside_launch_gate,,False,x_w_outside_launch_gate,1.5034039167407736,2.6157453791675445,1.2448489332667625,-0.31790621890630216,28.66595162594908,62.872879675417366,1.2143622993766507,0.887435567714225,-0.5736067717182144,-0.3712366145548363,1.5034039167407736,2.6157453791675445,1.2448489332667625,-0.005548510232480819,0.5003152390902335,1.0973387605462568,-0.7820249473351474,0.8523522630449497,-0.36960572990006424,0.887435567714225,-0.5736067717182144,-0.3712366145548363,0.0,0.0,0.0
358111.0076491,1887349,200.0,0.018230834998661596,0.04,vicon_frame_time,8,200.0,False,0.95,7,False,so3_window,1.009107936755555,0.22355984234412793,True,tracking,False,False,True,0,1.2999999999999998,False,x_w_outside_launch_gate,,False,x_w_outside_launch_gate,1.4581730090032465,2.6028265471150727,1.2490355036674734,0.8799336709244339,27.581581066219,61.689132113529624,1.1838938308357454,0.8086194556593267,-0.509797841996996,-0.4244911267949284,1.4581730090032465,2.6028265471150727,1.2490355036674734,0.015357739756791666,0.48138940251124973,1.0766784680788604,-0.6956955339532421,0.8338490844915272,-0.47149552598205224,0.8086194556593267,-0.509797841996996,-0.4244911267949284,0.0,0.0,0.0
358111.0136723,1887351,200.0,0.018037995000670784,0.01,vicon_frame_time,2,200.0,False,0.95,7,False,so3_window,0.5410081455022606,0.41625535023544835,True,tracking,False,False,True,0,1.2999999999999998,False,x_w_outside_launch_gate,,False,x_w_outside_launch_gate,1.447069650140259,2.5997230336508697,1.2508615890230594,1.0414447331993744,27.432572782349318,61.53273037991186,1.1762752058906498,0.6899020992968067,-0.4369930225862957,-0.36914926977312257,1.447069650140259,2.5997230336508697,1.2508615890230594,0.01817663957188298,0.4787887173449774,1.0739487428714032,-0.6708053716444315,0.8255593732393854,-0.5020908629149307,0.6899020992968067,-0.4369930225862957,-0.36914926977312257,0.0,0.0,0.0
358111.0193814,1887352,200.0,0.01761579499816697,0.005,vicon_frame_time,1,200.0,False,0.95,7,False,so3_window,0.48368026841839923,0.52203919725625,True,tracking,False,False,True,0,1.2999999999999998,False,x_w_outside_launch_gate,,False,x_w_outside_launch_gate,1.4413337642326,2.598118181139603,1.2518043854975507,1.034443998353492,27.29658963386995,61.50362884028111,1.1826098535605456,0.578622660939654,-0.4435323270457892,-0.3212227265017072,1.4413337642326,2.598118181139603,1.2518043854975507,0.01805445369876324,0.47641536367678405,1.073440825187447,-0.6674997711516817,0.8296290417715674,-0.5145150865622292,0.578622660939654,-0.4435323270457892,-0.3212227265017072,0.0,0.0,0.0
358111.0254344,1887354,200.0,0.01687926749827235,0.01,vicon_frame_time,2,200.0,False,0.95,7,False,so3_window,0.52234544499584,0.14824465501594436,True,tracking,False,False,True,0,1.2999999999999998,False,x_w_outside_launch_gate,,False,x_w_outside_launch_gate,1.429875819611095,2.5949490651678704,1.2538152418015134,1.1359070995004261,27.06541322870641,61.38270349825712,1.1913533830235963,0.4882113542013433,-0.4326963151510098,-0.2793987614574582,1.429875819611095,2.5949490651678704,1.2538152418015134,0.01982531888306127,0.4723805742537559,1.0713302798200282,-0.6607485521369929,0.8332757278204252,-0.5370156380553323,0.4882113542013433,-0.4326963151510098,-0.2793987614574582,0.0,0.0,0.0
358111.070147,1887355,200.0,0.017118467497031782,0.005,vicon_frame_time,1,200.0,False,0.95,7,False,so3_window,0.38421872387002914,0.38106924791019475,True,tracking,False,False,True,0,1.2999999999999998,False,x_w_outside_launch_gate,,False,x_w_outside_launch_gate,1.4243643716008778,2.5934533410936758,1.2547294885859566,1.1141238120357357,26.957069152369982,61.37213739424398,1.1835963252907613,0.3969574538574011,-0.42370725913221496,-0.23706832193207175,1.4243643716008778,2.5934533410936758,1.2547294885859566,0.019445128794894018,0.4704896133966532,1.0711458665158906,-0.652987367546444,0.8290312936739774,-0.5359243166491049,0.3969574538574011,-0.42370725913221496,-0.23706832193207175,0.0,0.0,0.0
358111.0761352,1887364,200.0,0.01854787499728417,0.045,vicon_frame_time,9,200.0,False,0.95,7,False,so3_window,0.38057700466641015,0.08012001534069797,True,tracking,False,False,True,0,1.2999999999999998,False,y_w_outside_launch_gate,,False,y_w_outside_launch_gate,1.374230559218554,2.5793802799402794,1.2637863015011366,1.2662197672940423,26.06973052113888,61.043862500939525,1.1754129719724062,0.20806899382729072,-0.37179672436963235,-0.14951524686802004,1.374230559218554,2.5793802799402794,1.2637863015011366,0.022099703993117448,0.45500263270153063,1.0654163887760948,-0.6442877027676466,0.8125408905959497,-0.5534133282212618,0.20806899382729072,-0.37179672436963235,-0.14951524686802004,0.0,0.0,0.0
358111.0824265,1887365,200.0,0.018026374998998736,0.005,vicon_frame_time,1,200.0,False,0.95,7,False,so3_window,0.5129080609470031,0.20629951132556365,True,tracking,False,False,True,0,1.2999999999999998,False,y_w_outside_launch_gate,,False,y_w_outside_launch_gate,1.3688443929675391,2.577760186681028,1.26478550511007,1.2601490837584082,25.922902597310195,61.042740619593744,1.168065452844218,0.17014340644866482,-0.39524486633290373,-0.123298250840147,1.3688443929675391,2.577760186681028,1.26478550511007,0.021993750577574023,0.45244000199685264,1.0653968082527943,-0.6436769688853526,0.8039928243777812,-0.5510466406791454,0.17014340644866482,-0.39524486633290373,-0.123298250840147,0.0,0.0,0.0
358111.0884163,1887366,200.0,0.01808532750105249,0.005,vicon_frame_time,1,200.0,False,0.95,7,False,so3_window,0.7674023681343998,0.34369225903483097,True,tracking,False,False,True,0,1.2999999999999998,False,y_w_outside_launch_gate,,False,y_w_outside_launch_gate,1.3633515349835519,2.5762351240350685,1.2658720391760017,1.327149975057578,25.728876736865296,60.98797375783542,1.1663816284543782,0.19464711480617305,-0.4428712769840633,-0.1288728208817141,1.3633515349835519,2.5762351240350685,1.2658720391760017,0.023163136732515355,0.44905361189807413,1.0644409461941269,-0.641681956702505,0.8020333934300354,-0.552659755601431,0.19464711480617305,-0.4428712769840633,-0.1288728208817141,0.0,0.0,0.0
358111.094503,1887367,200.0,0.01783671999782257,0.005,vicon_frame_time,1,200.0,False,0.95,7,False,so3_window,0.6652010615955086,0.1839046146890348,True,tracking,False,False,True,0,1.2999999999999998,False,y_w_outside_launch_gate,,False,y_w_outside_launch_gate,1.3579369089338336,2.574880040341332,1.267308232575221,1.3480605545037359,25.541267541918362,60.96940150429641,1.162648723359444,0.17904509987245165,-0.4784052728105075,-0.11458420464583344,1.3579369089338336,2.574880040341332,1.267308232575221,0.023528095192350662,0.44577921373923424,1.064116799220356,-0.6259886103902721,0.801543992517566,-0.5633982087742215,0.17904509987245165,-0.4784052728105075,-0.11458420464583344,0.0,0.0,0.0
358111.1387188,1887368,200.0,0.018122734998028203,0.005,vicon_frame_time,1,200.0,False,0.95,7,False,so3_window,1.0198155743426989,0.5113658411100058,True,tracking,False,False,True,0,1.2999999999999998,False,y_w_outside_launch_gate,,False,y_w_outside_launch_gate,1.3527812317286707,2.5734644069882404,1.2684898398007114,1.4506629945175502,25.279198425021278,60.923506916141015,1.1475726317622879,0.22035475282188385,-0.5516835430947401,-0.1158737163674607,1.3527812317286707,2.5734644069882404,1.2684898398007114,0.0253188455911717,0.4412052447815862,1.0633157875481976,-0.6172593787514745,0.7888215643176072,-0.5600663747991754,0.22035475282188385,-0.5516835430947401,-0.1158737163674607,0.0,0.0,0.0
358111.1451997,1887377,200.0,0.017732534999081576,0.045,vicon_frame_time,9,200.0,False,0.95,7,False,so3_window,0.6880909899046781,0.12050264421149728,True,tracking,False,False,True,0,1.2999999999999998,False,y_w_outside_launch_gate,,False,y_w_outside_launch_gate,1.3080578361522832,2.560638480124321,1.2788753970698608,1.9731358521630478,23.62400999313884,60.71358356761241,1.0685153541013641,0.23108820812427375,-0.6136403469825974,-0.07491175223710694,1.3080578361522832,2.560638480124321,1.2788753970698608,0.03443771720938926,0.4123167569043158,1.0596519339395618,-0.5863830779160354,0.7170292964661226,-0.5326808949956603,0.23108820812427375,-0.6136403469825974,-0.07491175223710694,0.0,0.0,0.0
358111.1513631,1887379,200.0,0.018120392498786067,0.01,vicon_frame_time,2,200.0,False,0.95,7,False,so3_window,0.621045797353319,0.22918380877043515,True,tracking,False,False,True,0,1.2999999999999998,False,y_w_outside_launch_gate,,False,y_w_outside_launch_gate,1.2984596000159088,2.55791042112361,1.281053490834591,2.056843625496061,23.28132308831102,60.80422027984609,1.0498747258227479,0.1872495032656386,-0.6074144782203634,-0.003509009227372753,1.2984596000159088,2.55791042112361,1.281053490834591,0.03589869346356345,0.40633574211160184,1.0612338429912223,-0.5782274376500947,0.7055503833691864,-0.519700516449224,0.1872495032656386,-0.6074144782203634,-0.003509009227372753,0.0,0.0,0.0
358111.1574422,1887380,200.0,0.01814159249650428,0.005,vicon_frame_time,1,200.0,False,0.95,7,False,so3_window,0.9688779804259984,0.5957766891845626,True,tracking,False,False,True,0,1.2999999999999998,False,y_w_outside_launch_gate,,False,y_w_outside_launch_gate,1.2937491130559229,2.5564870130748067,1.282041911485958,2.019350177813364,23.034297827155722,60.911259911454856,1.0395922354422258,0.10973510300124113,-0.6477668546618034,0.059409023460803914,1.2937491130559229,2.5564870130748067,1.282041911485958,0.03524430935357614,0.40202433796884307,1.063102036992917,-0.5777685740340592,0.6986702530324971,-0.5087193414623831,0.10973510300124113,-0.6477668546618034,0.059409023460803914,0.0,0.0,0.0
358111.1633995,1887381,200.0,0.0188558349958212,0.005,vicon_frame_time,1,200.0,False,0.95,7,False,so3_window,0.8376859274445867,0.5013877492346862,True,tracking,False,False,True,0,1.2999999999999998,False,y_w_outside_launch_gate,,False,y_w_outside_launch_gate,1.2889210873851624,2.555214230254304,1.2832742114814475,2.220716768698308,22.89994161703829,60.91797377785953,1.0370165095127082,0.20707650203802458,-0.6177831208953084,0.05599282306912507,1.2889210873851624,2.555214230254304,1.2832742114814475,0.038758819368034825,0.3996793797317926,1.0632192160672176,-0.570502630562786,0.6977608471152195,-0.5128935462217412,0.20707650203802458,-0.6177831208953084,0.05599282306912507,0.0,0.0,0.0
358111.2085815,1887382,200.0,0.018750434997246917,0.005,vicon_frame_time,1,200.0,False,0.95,7,False,so3_window,0.6785776654852033,0.5709038259839944,True,tracking,False,False,True,0,1.2999999999999998,False,y_w_outside_launch_gate,,False,y_w_outside_launch_gate,1.2842762234728804,2.5538317012818115,1.284161789873471,2.170632716255874,22.763045554256347,61.02861458787076,1.0254017989928734,0.11844572023185038,-0.5921296308482158,0.10899583091977286,1.2842762234728804,2.5538317012818115,1.284161789873471,0.03788468775017284,0.3972900927032308,1.065150262488987,-0.5701423535660386,0.6912814821466436,-0.49851425103916436,0.11844572023185038,-0.5921296308482158,0.10899583091977286,0.0,0.0,0.0
358111.2155803,1887390,200.0,0.017577834996091984,0.04,vicon_frame_time,8,200.0,False,0.95,7,False,so3_window,0.7830503313775035,0.4189733009402429,True,tracking,False,False,True,0,1.2999999999999998,False,y_w_outside_launch_gate,,False,y_w_outside_launch_gate,1.2452656968914648,2.5421007492850904,1.289760945745099,2.0760233890966147,21.357071497290146,62.104955236919345,1.0272962283581866,-0.09988509537840135,-0.5952323976588559,0.3355047523245767,1.2452656968914648,2.5421007492850904,1.289760945745099,0.03623344348814728,0.3727512162115483,1.0839359506879376,-0.6091611164842755,0.7095438605772104,-0.4252149866594243,-0.09988509537840135,-0.5952323976588559,0.3355047523245767,0.0,0.0,0.0
358111.2226977,1887393,200.0,0.016941842499302952,0.015,vicon_frame_time,3,200.0,False,0.95,7,False,so3_window,0.7532824177942908,0.07187125827609862,True,tracking,False,False,True,0,1.2999999999999998,False,y_w_outside_launch_gate,,False,y_w_outside_launch_gate,1.2308030503548437,2.5384242982895038,1.291227783210905,2.0029688067074756,20.85881106853885,62.4863441983956,1.0121386687296825,-0.1574413018445871,-0.5830870333847612,0.3747645078964503,1.2308030503548437,2.5384242982895038,1.291227783210905,0.034958400491787334,0.3640549311974395,1.09059244379646,-0.5956137861396695,0.7229737379868408,-0.3833769381165183,-0.1574413018445871,-0.5830870333847612,0.3747645078964503,0.0,0.0,0.0
358111.2294974,1887394,200.0,0.017478142497505546,0.005,vicon_frame_time,1,200.0,False,0.95,7,False,so3_window,0.9595820501023806,0.574843982511403,True,tracking,False,False,True,0,1.2999999999999998,False,y_w_outside_launch_gate,,False,y_w_outside_launch_gate,1.2259717305522178,2.537260370933943,1.2917922533627353,1.8495868818699066,20.76500085639051,62.6468208212829,1.009413286514536,-0.2536108336282633,-0.5375160592518726,0.40136006697167587,1.2259717305522178,2.537260370933943,1.2917922533627353,0.032281380890325284,0.3624176341234566,1.0933932892383247,-0.5885282252779882,0.7290888320028079,-0.37547195113882986,-0.2536108336282633,-0.5375160592518726,0.40136006697167587,0.0,0.0,0.0
358111.2360343,1887395,200.0,0.01721104249730452,0.005,vicon_frame_time,1,200.0,False,0.95,7,False,so3_window,0.6553136455074906,1.0534660712660842,True,tracking,False,False,True,0,1.2999999999999998,False,y_w_outside_launch_gate,,False,y_w_outside_launch_gate,1.2211805674494003,2.5363020138572527,1.2923449376900098,2.018602474653737,20.727005861475295,62.61278433363371,1.0032919607914645,-0.10599212638002037,-0.4706439888743414,0.31670175822193597,1.2211805674494003,2.5363020138572527,1.2923449376900098,0.0352312594716131,0.3617544963629076,1.092799240463032,-0.5765365950869108,0.7327736858488392,-0.3704632754294009,-0.10599212638002037,-0.4706439888743414,0.31670175822193597,0.0,0.0,0.0
358111.276994,1887396,200.0,0.017440862498001055,0.005,vicon_frame_time,1,200.0,False,0.95,7,False,so3_window,0.5237763296434093,0.1627385011490397,True,tracking,False,False,True,0,1.2999999999999998,False,y_w_outside_launch_gate,,False,y_w_outside_launch_gate,1.2163075117532318,2.5353247759127155,1.2929166547684074,2.0065537934736484,20.596334040477213,62.6814235911571,1.0024756424935226,-0.10942677829280191,-0.4668658421112902,0.30392855352686754,1.2163075117532318,2.5353247759127155,1.2929166547684074,0.03502097031449747,0.3594738428469144,1.0939972215029394,-0.5686034168981688,0.7405091782790993,-0.36509413165503074,-0.10942677829280191,-0.4668658421112902,0.30392855352686754,0.0,0.0,0.0
358111.2832676,1887405,200.0,0.017163519996867264,0.045,vicon_frame_time,9,200.0,False,0.95,7,False,so3_window,0.7133810885269419,0.2518774195770931,True,tracking,False,False,True,0,1.2999999999999998,False,x_w_outside_launch_gate,,False,x_w_outside_launch_gate,1.1730402895662952,2.5286022846350837,1.2979743914065842,1.0286827447644518,19.36501954336094,63.35843396244334,0.9815799024646124,-0.3510037781763449,-0.46955355150436673,0.2739730944636044,1.1730402895662952,2.5286022846350837,1.2979743914065842,0.017953900854592142,0.3379833507446972,1.1058132815520336,-0.5029395480367118,0.7836485635398039,-0.31055731323713476,-0.3510037781763449,-0.46955355150436673,0.2739730944636044,0.0,0.0,0.0
358111.289731,1887406,200.0,0.016826619996319507,0.005,vicon_frame_time,1,200.0,False,0.95,7,False,so3_window,0.7270495681043022,0.3611399627156973,True,tracking,False,False,True,0,1.2999999999999998,False,x_w_outside_launch_gate,,False,x_w_outside_launch_gate,1.1680202910222781,2.5278172248161797,1.298439351159718,0.8750519547300696,19.24816571724734,63.400941560628034,0.9901621739500571,-0.39005994008202133,-0.45887985984419205,0.2527752816262573,1.1680202910222781,2.5278172248161797,1.298439351159718,0.015272537736052083,0.33594386673546195,1.1065551790974713,-0.5081695800123246,0.7933905212332746,-0.3044934966280785,-0.39005994008202133,-0.45887985984419205,0.2527752816262573,0.0,0.0,0.0
358111.2957987,1887407,200.0,0.01698745499794625,0.005,vicon_frame_time,1,200.0,False,0.95,7,False,so3_window,0.9011167954411317,0.25793234413926625,True,tracking,False,False,True,0,1.2999999999999998,False,x_w_outside_launch_gate,,False,x_w_outside_launch_gate,1.163052054332447,2.5271012487611886,1.2988574666461872,0.6890974776200541,19.10462782338358,63.463110376806014,0.9939010714546824,-0.4451168109072662,-0.46543311800204795,0.2459438523836707,1.163052054332447,2.5271012487611886,1.2988574666461872,0.012027019851657883,0.3334386578861612,1.1076402296318442,-0.5092123610987066,0.8009533074158812,-0.2949845936360188,-0.4451168109072662,-0.46543311800204795,0.2459438523836707,0.0,0.0,0.0
358111.301796,1887408,200.0,0.01755792499675434,0.005,vicon_frame_time,1,200.0,False,0.95,7,False,so3_window,0.10944309123107271,0.6931956581586268,True,tracking,False,False,True,0,1.2999999999999998,False,x_w_outside_launch_gate,,False,x_w_outside_launch_gate,1.1579300969452424,2.5263823687058973,1.2995027083593889,0.6723651432775732,19.110330310737766,63.43116567936294,1.0046261523077253,-0.37457841812595827,-0.38474856146490455,0.18735160076574753,1.1579300969452424,2.5263823687058973,1.2995027083593889,0.011734985525837072,0.33353818506604505,1.107082689482909,-0.510181338169386,0.8112606468566921,-0.30140482900242516,-0.37457841812595827,-0.38474856146490455,0.18735160076574753,0.0,0.0,0.0
358111.3078861,1887409,200.0,0.0173921624990182,0.005,vicon_frame_time,1,200.0,False,0.95,7,False,so3_window,0.6117791396135182,0.3102818469301116,True,tracking,False,False,True,0,1.2999999999999998,False,x_w_outside_launch_gate,,False,x_w_outside_launch_gate,1.1530391847048858,2.525634018311691,1.2996836957449132,0.5147364545918389,19.075233430373615,63.46502542365601,1.0009826517739253,-0.4102984086650916,-0.3408464157475057,0.1749514712327038,1.1530391847048858,2.525634018311691,1.2996836957449132,0.008983845912669874,0.3329256289465121,1.1076736535047065,-0.5138647686350659,0.8110610234904295,-0.2830005033257832,-0.4102984086650916,-0.3408464157475057,0.1749514712327038,0.0,0.0,0.0
358111.3449116,1887410,200.0,0.017408662497328083,0.005,vicon_frame_time,1,200.0,False,0.95,7,False,so3_window,0.9202530464104535,0.19847850991593968,True,tracking,False,False,True,0,1.2999999999999998,False,x_w_outside_launch_gate,,False,x_w_outside_launch_gate,1.1479501471180336,2.524863183990614,1.299870015601854,0.35031313767348443,18.891479205215106,63.51906873484843,1.007168840993208,-0.4478021617042379,-0.3907173734485371,0.17633028033250248,1.1479501471180336,2.524863183990614,1.299870015601854,0.006114117665394492,0.3297185127030451,1.1086168872236941,-0.5215464389317328,0.8187470726401547,-0.26838706628376785,-0.4478021617042379,-0.3907173734485371,0.17633028033250248,0.0,0.0,0.0
358111.3507349,1887419,200.0,0.017874679996252543,0.045,vicon_frame_time,9,200.0,False,0.95,7,False,so3_window,0.441687175366594,1.1218587040851768,True,tracking,False,False,True,0,1.2999999999999998,False,x_w_outside_launch_gate,,False,x_w_outside_launch_gate,1.1017806414812932,2.5187515948978794,1.3015753073059855,0.5683849416934518,19.73899201927867,62.85890281363499,1.0325601268803866,-0.03319869898896488,0.09134656626182369,-0.10626257115630633,1.1017806414812932,2.5187515948978794,1.3015753073059855,0.009920188651306727,0.34451040176129677,1.097094818289058,-0.5399290301043006,0.8447520218890663,-0.24708516666972086,-0.03319869898896488,0.09134656626182369,-0.10626257115630633,0.0,0.0,0.0
358111.3573722,1887420,200.0,0.01783898000090152,0.005,vicon_frame_time,1,200.0,False,0.95,7,False,so3_window,0.4842731865466449,0.46392154718578654,True,tracking,False,False,True,0,1.2999999999999998,False,x_w_outside_launch_gate,,False,x_w_outside_launch_gate,1.0967579120828268,2.5178369973449373,1.3011323839487858,0.4523231915801486,19.81861076720545,62.8509355615874,1.0292250809444308,-0.093621815723843,0.12240317883709965,-0.09332568193256506,1.0967579120828268,2.5178369973449373,1.3011323839487858,0.007894528976202686,0.34590001105893453,1.0969557635084914,-0.556304736743921,0.8372084006373764,-0.2211592209779029,-0.093621815723843,0.12240317883709965,-0.09332568193256506,0.0,0.0,0.0
358111.3632982,1887421,200.0,0.017762432498439198,0.005,vicon_frame_time,1,200.0,False,0.95,7,False,so3_window,1.5040179336816208,1.7811879526923093,True,tracking,False,False,True,0,1.2999999999999998,False,x_w_outside_launch_gate,,False,x_w_outside_launch_gate,1.091264919270769,2.517110351168498,1.3013766428583622,0.6863452983270812,20.07686331727431,62.66513964930913,1.046901987654591,0.09501549608880565,0.25123673289255694,-0.18087011879063297,1.091264919270769,2.517110351168498,1.3013766428583622,0.011978985261390296,0.35040736835930764,1.093713013102489,-0.5624206677077126,0.8502433527928743,-0.23827086544912732,0.09501549608880565,0.25123673289255694,-0.18087011879063297,0.0,0.0,0.0
358111.3693542,1887422,200.0,0.018057824999829195,0.005,vicon_frame_time,1,200.0,False,0.95,7,False,so3_window,0.7559676578309168,0.5323815224562776,True,tracking,False,False,True,0,1.2999999999999998,False,x_w_outside_launch_gate,,False,x_w_outside_launch_gate,1.086030748425828,2.516373144947055,1.3010673807077844,0.746798237118585,20.240518145666684,62.555978352872266,1.049020371311326,0.1362375586645682,0.3038238040967231,-0.21152968938105948,1.086030748425828,2.516373144947055,1.3010673807077844,0.013034088085808637,0.35326368395154084,1.0918077890639202,-0.5707466552707808,0.8510693172122952,-0.22443932860166593,0.1362375586645682,0.3038238040967231,-0.21152968938105948,0.0,0.0,0.0
358111.3755761,1887423,200.0,0.01792679999846071,0.005,vicon_frame_time,1,200.0,False,0.95,7,False,so3_window,0.7824885005115726,0.4027375876334439,True,tracking,False,False,True,0,1.2999999999999998,False,x_w_outside_launch_gate,,False,x_w_outside_launch_gate,1.080711063113751,2.5155086197680547,1.3008848672224838,0.8683131819885582,20.377902588799476,62.46254823390489,1.0554134366300756,0.20309485784756479,0.3323884341692425,-0.2283732984368545,1.080711063113751,2.5155086197680547,1.3008848672224838,0.015154923964169065,0.355661494825227,1.0901771258674096,-0.5817602844063641,0.8519931732792516,-0.2226210376228717,0.20309485784756479,0.3323884341692425,-0.2283732984368545,0.0,0.0,0.0
358111.4135457,1887424,200.0,0.01769999999589557,0.005,vicon_frame_time,1,200.0,False,0.95,7,False,so3_window,0.40986401235331604,0.07962569990553184,True,tracking,False,False,True,0,1.2999999999999998,False,x_w_outside_launch_gate,,False,x_w_outside_launch_gate,1.0755047806382536,2.51458797284759,1.3002885372005268,0.8778658650542105,20.477170547448857,62.403813185778056,1.0562242275043818,0.18672882672344457,0.3342475550382655,-0.22320895907144253,1.0755047806382536,2.51458797284759,1.3002885372005268,0.015321649736064202,0.3573940475453923,1.089152005891279,-0.5964948286761302,0.8478245293543933,-0.20247741986419995,0.18672882672344457,0.3342475550382655,-0.22320895907144253,0.0,0.0,0.0
358111.4193103,1887431,200.0,0.017344599996360857,0.035,vicon_frame_time,7,200.0,False,0.95,7,False,so3_window,1.2781202791104636,0.6378318798349372,True,tracking,False,False,True,0,1.2999999999999998,False,x_w_outside_launch_gate,,False,x_w_outside_launch_gate,1.0384187370114932,2.5081813335370033,1.2965567952912749,2.179084188739263,22.08433377377034,61.28973362980615,1.0759872658515852,0.5988169433497182,0.6155645251838575,-0.41921353659688343,1.0384187370114932,2.5081813335370033,1.2965567952912749,0.03803219377164968,0.38544433746167694,1.0697076495104128,-0.6511597289825208,0.8340927022663747,-0.1950101732016995,0.5988169433497182,0.6155645251838575,-0.41921353659688343,0.0,0.0,0.0
358111.425348,1887434,200.0,0.01937332499944917,0.015,vicon_frame_time,3,200.0,False,0.95,7,False,so3_window,1.322763676154423,0.5379648303854803,True,tracking,False,False,True,0,1.2999999999999998,False,x_w_outside_launch_gate,,False,x_w_outside_launch_gate,1.0224979171249577,2.505086920517323,1.2940159744663993,2.896197026621063,22.62536279917759,60.814269374992584,1.0850499349795684,0.7759334542418784,0.6118642646301292,-0.4667958509894581,1.0224979171249577,2.505086920517323,1.2940159744663993,0.05054817390100741,0.39488707530388956,1.0614092327883746,-0.6841493539923017,0.8222781056200693,-0.18202126207933012,0.7759334542418784,0.6118642646301292,-0.4667958509894581,0.0,0.0,0.0
358111.4311551,1887435,200.0,0.019200524996975065,0.005,vicon_frame_time,1,200.0,False,0.95,7,False,so3_window,2.373877446493769,1.2034932331227963,True,tracking,False,False,True,0,1.2999999999999998,False,x_w_outside_launch_gate,,False,x_w_outside_launch_gate,1.016906520987138,2.5043329281130533,1.2937476747953578,3.3033344298759344,22.990813443207294,60.53840775800092,1.0941992238882325,0.9456939565724314,0.7141914022882583,-0.5482222238432066,1.016906520987138,2.5043329281130533,1.2937476747953578,0.0576540620958248,0.40126539229574165,1.0565945392919946,-0.6783002228298478,0.8324748468980865,-0.21015798473671346,0.9456939565724314,0.7141914022882583,-0.5482222238432066,0.0,0.0,0.0
358111.4370722,1887436,200.0,0.01902874499866672,0.005,vicon_frame_time,1,200.0,False,0.95,7,False,so3_window,1.4137278077349384,0.3265667815227882,True,tracking,False,False,True,0,1.2999999999999998,False,x_w_outside_launch_gate,,False,x_w_outside_launch_gate,1.0116356560665687,2.5034165067287044,1.2927844876657946,3.570138573063888,23.15173596161575,60.36389425634949,1.0921540139471266,0.9830864793353135,0.6830112483043612,-0.555704056634292,1.0116356560665687,2.5034165067287044,1.2927844876657946,0.06231067285241698,0.4040740200825703,1.0535487040989926,-0.6849379151232586,0.8268093851713404,-0.20011667396799931,0.9830864793353135,0.6830112483043612,-0.555704056634292,0.0,0.0,0.0
358111.4819963,1887445,200.0,0.01866224249882062,0.045,vicon_frame_time,9,200.0,False,0.95,7,False,so3_window,1.5782400623526556,0.33126456866315673,True,tracking,False,False,True,0,1.2999999999999998,False,x_w_outside_launch_gate,,False,x_w_outside_launch_gate,0.9635089097575373,2.49459736957001,1.2831935919052093,6.251523727933255,24.539992027907935,58.51239486271093,1.1060684664272546,1.2162897635211907,0.5467808817763314,-0.6530575721920869,0.9635089097575373,2.49459736957001,1.2831935919052093,0.1091096723189855,0.4283036593001537,1.0212339435813211,-0.7441897392611578,0.7928964915196809,-0.2021985117129431,1.2162897635211907,0.5467808817763314,-0.6530575721920869,0.0,0.0,0.0
358111.4880996,1887446,200.0,0.018829377498924972,0.005,vicon_frame_time,1,200.0,False,0.95,7,False,so3_window,1.6318158137165322,0.36844062465772787,True,tracking,False,False,True,0,1.2999999999999998,False,x_w_outside_launch_gate,,False,x_w_outside_launch_gate,0.9581700477803858,2.4936470100427184,1.28197796047193,6.5785289923031165,24.648737839508566,58.30454008845074,1.1071555208017447,1.2541481958209157,0.5062333977804447,-0.6605497576045826,0.9581700477803858,2.4936470100427184,1.28197796047193,0.11481699085359409,0.4302016317603381,1.0176061934044913,-0.7492245912885469,0.78998897615684,-0.20093102448591696,1.2541481958209157,0.5062333977804447,-0.6605497576045826,0.0,0.0,0.0
358111.494129,1887447,200.0,0.01852439249678121,0.005,vicon_frame_time,1,200.0,False,0.95,7,False,so3_window,1.7339074148414415,0.43493326398427284,True,tracking,False,False,True,0,1.2999999999999998,False,x_w_outside_launch_gate,,False,x_w_outside_launch_gate,0.952855913592344,2.492716483592664,1.2806577732511393,6.93552986966551,24.719612628265356,58.084179141175625,1.1077657854525311,1.3063590494146406,0.44909977448658067,-0.6709875373856471,0.952855913592344,2.492716483592664,1.2806577732511393,0.12104783159607635,0.43143863018079953,1.0137601693317269,-0.7546626011496407,0.7867454043698209,-0.1966241657281447,1.3063590494146406,0.44909977448658067,-0.6709875373856471,0.0,0.0,0.0
358111.5002417,1887449,200.0,0.018045267497654043,0.01,vicon_frame_time,2,200.0,False,0.95,7,False,so3_window,1.3891118981524337,0.5148197137741138,True,tracking,False,False,True,0,1.2999999999999998,False,x_w_outside_launch_gate,,False,x_w_outside_launch_gate,0.9423883266725497,2.4906760098935465,1.2772545716613053,7.505391917298799,24.752120608072946,57.71887413161156,1.110892161519874,1.2930311864447432,0.3111400107381721,-0.6445072616492848,0.9423883266725497,2.4906760098935465,1.2772545716613053,0.130993800609434,0.43200600146161383,1.0073843941408045,-0.7780510726448255,0.775812207861261,-0.1638088551207451,1.2930311864447432,0.3111400107381721,-0.6445072616492848,0.0,0.0,0.0
358111.5060042,1887450,200.0,0.01837556749523987,0.005,vicon_frame_time,1,200.0,False,0.95,7,False,so3_window,2.357606690217282,0.8157756841632529,True,tracking,False,False,True,0,1.2999999999999998,False,x_w_outside_launch_gate,,False,x_w_outside_launch_gate,0.9372088245125347,2.4896618311464125,1.2761266966441112,8.011775941026496,24.79045531736809,57.4377981468809,1.1037696825305123,1.4406503088590652,0.2613347834104051,-0.6872208124562315,0.9372088245125347,2.4896618311464125,1.2761266966441112,0.1398318691029794,0.43267506835660896,1.0024786927589693,-0.7758375945940152,0.7642334780202197,-0.17980748027042326,1.4406503088590652,0.2613347834104051,-0.6872208124562315,0.0,0.0,0.0
358111.5504506,1887451,200.0,0.018713937498072486,0.005,vicon_frame_time,1,200.0,False,0.95,7,False,so3_window,2.5349531649748456,0.9287140517775311,True,tracking,False,False,True,0,1.2999999999999998,False,x_w_outside_launch_gate,,False,x_w_outside_launch_gate,0.9315635806481604,2.488602811976941,1.2747364742629184,8.480245728876708,25.03913033394762,57.10127077249861,1.1211358244119773,1.5555686052267987,0.3354932232930471,-0.7691656449143865,0.9315635806481604,2.488602811976941,1.2747364742629184,0.14800820934708492,0.4370152661633733,0.9966051820529067,-0.7918359411087154,0.7696621338203201,-0.19380809815781938,1.5555686052267987,0.3354932232930471,-0.7691656449143865,0.0,0.0,0.0
358111.5565014,1887460,200.0,0.01859032999805661,0.045,vicon_frame_time,9,200.0,False,0.95,7,False,so3_window,1.6343852542485924,0.4605761333405371,True,tracking,False,False,True,0,1.2999999999999998,False,x_w_outside_launch_gate,,False,x_w_outside_launch_gate,0.8849138825768867,2.480896295246635,1.262010019384039,11.55191984768492,24.581416716346812,55.26373206502613,1.0914896410125465,1.5117272809902298,-0.08300180492573328,-0.6597307159561709,0.8849138825768867,2.480896295246635,1.262010019384039,0.20161903626858368,0.4290266565050249,0.964534081474671,-0.786148364364609,0.7300120342398257,-0.20100451614224796,1.5117272809902298,-0.08300180492573328,-0.6597307159561709,0.0,0.0,0.0
358111.5625169,1887461,200.0,0.019261829996190704,0.005,vicon_frame_time,1,200.0,False,0.95,7,False,so3_window,1.7059066066061424,0.4224659907497269,True,tracking,False,False,True,0,1.2999999999999998,False,x_w_outside_launch_gate,,False,x_w_outside_launch_gate,0.8798772741156826,2.480076326840402,1.2606184988198446,11.894698311671611,24.504938257667458,55.03765765848114,1.0840084049226595,1.5138256209988619,-0.13704536577521442,-0.6578809795385708,0.8798772741156826,2.480076326840402,1.2606184988198446,0.20760164907008027,0.42769185559421974,0.9605883387259686,-0.7831537410254652,0.7217537715410374,-0.20202953528401504,1.5138256209988619,-0.13704536577521442,-0.6578809795385708,0.0,0.0,0.0
358111.568601,1887462,200.0,0.018866802500123167,0.005,vicon_frame_time,1,200.0,False,0.95,7,False,so3_window,1.6673359356907924,0.5671005572341651,True,tracking,False,False,True,0,1.2999999999999998,False,x_w_outside_launch_gate,,False,x_w_outside_launch_gate,0.8749473963594152,2.4792368383195127,1.2591048547974102,12.224931304613513,24.37809297297221,54.8254660686189,1.0752385361343166,1.504720842140539,-0.20985576955089802,-0.6427202000971963,0.8749473963594152,2.4792368383195127,1.2591048547974102,0.21336530209563165,0.42547798773565804,0.9568848968378312,-0.7816731851245574,0.7117868463439824,-0.19617448003546595,1.504720842140539,-0.20985576955089802,-0.6427202000971963,0.0,0.0,0.0
358111.5746239,1887463,200.0,0.01788771499987362,0.005,vicon_frame_time,1,200.0,False,0.95,7,False,so3_window,2.007060324577097,0.5047706540136213,True,tracking,False,False,True,0,1.2999999999999998,False,x_w_outside_launch_gate,,False,x_w_outside_launch_gate,0.8699977338350475,2.4785477092190815,1.2578145893736699,12.63116743966063,24.211470143942115,54.585483896117864,1.0656003313938893,1.5477165448313912,-0.29693599405769217,-0.6390079989345678,0.8699977338350475,2.4785477092190815,1.2578145893736699,0.22045546019278017,0.42256987076009533,0.9526964177815991,-0.7727918807893789,0.7057576567020845,-0.20050662148458795,1.5477165448313912,-0.29693599405769217,-0.6390079989345678,0.0,0.0,0.0
358111.5803489,1887465,200.0,0.017979957500896912,0.01,vicon_frame_time,2,200.0,False,0.95,7,False,so3_window,1.616504991746834,0.09467606411681975,True,tracking,False,False,True,0,1.2999999999999998,False,x_w_outside_launch_gate,,False,x_w_outside_launch_gate,0.860261812092824,2.476968169870766,1.2553407141475834,13.27771169869926,24.046210839397112,54.15526822991864,1.0463028169618693,1.5144287668533671,-0.3377604256346838,-0.6283884844734473,0.860261812092824,2.476968169870766,1.2553407141475834,0.2317397862728714,0.419685551776229,0.9451877379127618,-0.7622939478866788,0.6849095713701224,-0.211083871584922,1.5144287668533671,-0.3377604256346838,-0.6283884844734473,0.0,0.0,0.0
358111.5862968,1887466,200.0,0.01862895749868991,0.005,vicon_frame_time,1,200.0,False,0.95,7,False,so3_window,2.0486890507305873,0.46323254837936295,True,tracking,False,False,True,0,1.2999999999999998,False,x_w_outside_launch_gate,,False,x_w_outside_launch_gate,0.8556017700736489,2.476278347580805,1.2538514738992552,13.682731422389798,23.856760215191883,53.90549121262075,1.0331559995319841,1.5566485709910758,-0.41960973526686735,-0.6271072459468431,0.8556017700736489,2.476278347580805,1.2538514738992552,0.23880871398678893,0.41637901461388926,0.9408283065651029,-0.7562442969386256,0.6747363044825568,-0.20059113173308316,1.5566485709910758,-0.41960973526686735,-0.6271072459468431,0.0,0.0,0.0
358111.592299,1887467,200.0,0.018445314996551776,0.005,vicon_frame_time,1,200.0,False,0.95,7,False,so3_window,1.6114964026905865,0.05594966945011467,True,tracking,False,False,True,0,1.2999999999999998,False,x_w_outside_launch_gate,,False,x_w_outside_launch_gate,0.8507643619137117,2.4756045597009084,1.2528918200725636,14.012726772971435,23.778915253866437,53.698265660282544,1.0242827464622037,1.5378749332590425,-0.42004437453615867,-0.6188356143935094,0.8507643619137117,2.4756045597009084,1.2528918200725636,0.2445682193707115,0.4150203637326726,0.9372115383825372,-0.7457952971683997,0.6675352051390468,-0.2175804892944773,1.5378749332590425,-0.42004437453615867,-0.6188356143935094,0.0,0.0,0.0
358111.5983714,1887468,200.0,0.018316514998059308,0.005,vicon_frame_time,1,200.0,False,0.95,7,False,so3_window,1.5968576278452298,0.09836819899054747,True,tracking,False,False,True,0,1.2999999999999998,False,x_w_outside_launch_gate,,False,x_w_outside_launch_gate,0.8462148593403471,2.4749129179532643,1.2516900233885062,14.328225139543456,23.6560569069882,53.49238244328936,1.0080452072864319,1.5132885806219376,-0.4461854702907872,-0.6045227146533759,0.8462148593403471,2.4749129179532643,1.2516900233885062,0.2500747046520573,0.4128760810660901,0.9336181983714082,-0.7361832747809139,0.6539207817118876,-0.21581690645384757,1.5132885806219376,-0.4461854702907872,-0.6045227146533759,0.0,0.0,0.0
358111.6040711,1887469,200.0,0.018271937496530777,0.005,vicon_frame_time,1,200.0,False,0.95,7,False,so3_window,2.1142152991607945,1.068896560407379,True,tracking,False,False,True,0,1.2999999999999998,False,x_w_outside_launch_gate,,False,x_w_outside_launch_gate,0.8413493607577589,2.473956040130507,1.250381013057231,14.690204773345428,23.81969030504765,53.15822930293531,1.0118274489133785,1.5499233478969443,-0.3242380523679089,-0.6999041992163251,0.8413493607577589,2.473956040130507,1.250381013057231,0.25639244108706505,0.415732022628454,0.9277861258663513,-0.748571292345017,0.6432179405133989,-0.2229495181720937,1.5499233478969443,-0.3242380523679089,-0.6999041992163251,0.0,0.0,0.0
358111.610289,1887470,200.0,0.0175329699966756,0.005,vicon_frame_time,1,200.0,False,0.95,7,False,so3_window,1.6809950592034626,0.057017200375454394,True,tracking,False,False,True,0,1.2999999999999998,False,x_w_outside_launch_gate,,False,x_w_outside_launch_gate,0.8369076524549723,2.4732086850542103,1.2493826056612654,15.027289377345536,23.696764659437434,52.94529926855721,0.991913019093213,1.5376174532371991,-0.36839905356481134,-0.6745016256898747,0.8369076524549723,2.4732086850542103,1.2493826056612654,0.2622756772846482,0.413586565377416,0.9240697956900688,-0.735132200499407,0.6256002672766003,-0.22824633801872665,1.5376174532371991,-0.36839905356481134,-0.6745016256898747,0.0,0.0,0.0
358111.616059,1887471,200.0,0.017859010000380166,0.005,vicon_frame_time,1,200.0,False,0.95,7,False,so3_window,1.7930692252501064,0.2299301973595428,True,tracking,False,False,True,0,1.2999999999999998,False,x_w_outside_launch_gate,,False,x_w_outside_launch_gate,0.8326507745594234,2.472442794618104,1.248480851408249,15.38239520271142,23.517665244445897,52.73266862250747,0.967704138720167,1.5374785679316372,-0.4372795778575923,-0.6441391721512217,0.8326507745594234,2.472442794618104,1.248480851408249,0.26847344313029486,0.410460690897418,0.9203586908258581,-0.7195392712271427,0.6038491060643159,-0.23255277758689394,1.5374785679316372,-0.4372795778575923,-0.6441391721512217,0.0,0.0,0.0
358111.6267318,1887472,200.0,0.025178764998572377,0.005,vicon_frame_time,1,200.0,False,0.95,7,False,so3_window,1.1328049497545705,0.8001088132433185,True,tracking,False,False,True,0,1.2999999999999998,False,x_w_outside_launch_gate,,False,x_w_outside_launch_gate,0.8284069851020806,2.4715004470797206,1.2477848071648823,15.618725755923798,23.328635852564677,52.67642150372114,0.9476305556751422,1.4317268509061298,-0.47839905880469064,-0.5363222822970974,0.8284069851020806,2.4715004470797206,1.2477848071648823,0.2725981894069105,0.407161505626048,0.9193769934082763,-0.7080969453258513,0.5807491518838548,-0.24358326842285463,1.4317268509061298,-0.47839905880469064,-0.5363222822970974,0.0,0.0,0.0
358111.6326206,1887475,200.0,0.017311714996541674,0.015,vicon_frame_time,3,200.0,False,0.95,7,False,so3_window,1.7236060685877286,0.1546052747813198,True,tracking,False,False,True,0,1.2999999999999998,False,x_w_outside_launch_gate,,False,x_w_outside_launch_gate,0.8161032796731251,2.4687807030849482,1.245334524844504,16.56554824091856,23.010231914354527,51.89340787837291,0.898719731993433,1.4430051044221561,-0.5219792783769543,-0.6021584798272293,0.8161032796731251,2.4687807030849482,1.245334524844504,0.28912335920198373,0.40160430855296436,0.9057108275579724,-0.687078252207995,0.5223545970223336,-0.250532047823807,1.4430051044221561,-0.5219792783769543,-0.6021584798272293,0.0,0.0,0.0
358111.6774989,1887476,200.0,0.0169863149962491,0.005,vicon_frame_time,1,200.0,False,0.95,7,False,so3_window,1.446550257122334,0.27802161670240405,True,tracking,False,False,True,0,1.2999999999999998,False,x_w_outside_launch_gate,,False,x_w_outside_launch_gate,0.8121800848325238,2.467669272743883,1.2447064916213344,16.82855909363039,22.870164495028796,51.690228960465,0.8817209502747487,1.4015883472932784,-0.5443115929381014,-0.5826520906802946,0.8121800848325238,2.467669272743883,1.2447064916213344,0.293713764550283,0.39915967091095883,0.90216468646984,-0.6821712899981671,0.4963822300829309,-0.25627884601257844,1.4015883472932784,-0.5443115929381014,-0.5826520906802946,0.0,0.0,0.0
358111.6836859,1887485,200.0,0.015580109999380018,0.045,vicon_frame_time,9,200.0,False,0.95,7,False,so3_window,1.5313201455614474,0.34276931355601625,True,tracking,False,False,True,0,1.2999999999999998,False,x_w_outside_launch_gate,,False,x_w_outside_launch_gate,0.7813191290918682,2.4558340886822903,1.2395567308759876,19.384434212985454,21.05025470099163,50.065637015185054,0.7567985236253113,1.2841510307555075,-0.7514364296604952,-0.417033026350699,0.7813191290918682,2.4558340886822903,1.2395567308759876,0.3383222006528319,0.3673962529157184,0.8738102080233254,-0.6463200233556308,0.3140534881625022,-0.2374549206565172,1.2841510307555075,-0.7514364296604952,-0.417033026350699,0.0,0.0,0.0
358111.6902402,1887487,200.0,0.014845757500729412,0.01,vicon_frame_time,2,200.0,False,0.95,7,False,so3_window,1.86872757731744,0.19311564034779377,True,tracking,False,False,True,0,1.2999999999999998,False,x_w_outside_launch_gate,,False,x_w_outside_launch_gate,0.7752983665138222,2.452768302392346,1.2382909560449133,20.13624539661164,20.779207676932796,49.57260501043468,0.7280703766507,1.3834671729919292,-0.7412241009684515,-0.4702240009535298,0.7752983665138222,2.452768302392346,1.2382909560449133,0.3514437811604245,0.36266558991815945,0.8652051762227231,-0.6412886205922496,0.26756575809363403,-0.2173567195900803,1.3834671729919292,-0.7412241009684515,-0.4702240009535298,0.0,0.0,0.0
358111.6960348,1887488,200.0,0.014977457499476038,0.005,vicon_frame_time,1,200.0,False,0.95,7,False,so3_window,2.525971817015963,1.3477792333002327,True,tracking,False,False,True,0,1.2999999999999998,False,x_w_outside_launch_gate,,False,x_w_outside_launch_gate,0.7722204617669086,2.4510224232714566,1.2372556077663817,20.606220070619184,20.941866383390746,49.1883027921808,0.7283985081019043,1.5059288844250278,-0.6016944044260563,-0.6206580750345342,0.7722204617669086,2.4510224232714566,1.2372556077663817,0.3596463866228432,0.3655045199028857,0.8584978371914751,-0.6549057526079313,0.24880770550889603,-0.19939299758396128,1.5059288844250278,-0.6016944044260563,-0.6206580750345342,0.0,0.0,0.0
358111.7020786,1887489,200.0,0.014519682499336852,0.005,vicon_frame_time,1,200.0,False,0.95,7,False,so3_window,1.8465612890475276,0.3592602766375459,True,tracking,False,False,True,0,1.2999999999999998,False,x_w_outside_launch_gate,,False,x_w_outside_launch_gate,0.7694135620915898,2.4495482366185435,1.2369658484707018,20.961445080368247,20.705788520111547,48.97713518587268,0.7071907485519484,1.5052752506848979,-0.6705680607651399,-0.57583259064512,0.7694135620915898,2.4495482366185435,1.2369658484707018,0.36584623262839333,0.36138418389759064,0.8548122671878433,-0.6378771500639113,0.22689055087100746,-0.2043334876843691,1.5052752506848979,-0.6705680607651399,-0.57583259064512,0.0,0.0,0.0
358111.7460337,1887490,200.0,0.014990317496264047,0.005,vicon_frame_time,1,200.0,False,0.95,7,False,so3_window,1.646374493862549,0.07893190209005843,True,tracking,False,False,True,0,1.2999999999999998,False,x_w_outside_launch_gate,,False,x_w_outside_launch_gate,0.7666687893369186,2.4479734050128763,1.2363467583750247,21.289706070275916,20.60915132528158,48.74830624057994,0.6929046126875087,1.4923343881534692,-0.6561449230058161,-0.5757939928100103,0.7666687893369186,2.4479734050128763,1.2363467583750247,0.371575467708138,0.3596975466679164,0.850818448668619,-0.6313221591709522,0.2087068191927847,-0.19491176784838715,1.4923343881534692,-0.6561449230058161,-0.5757939928100103,0.0,0.0,0.0
358111.7521547,1887499,200.0,0.014675052498256331,0.045,vicon_frame_time,9,200.0,False,0.95,7,False,so3_window,2.1991824578944024,0.4993858755476462,True,tracking,False,False,True,0,1.2999999999999998,False,x_w_outside_launch_gate,,False,x_w_outside_launch_gate,0.7466740040582716,2.432476462646329,1.2342189214712855,25.44722146910502,19.901145618754427,46.13310757390603,0.5759335211169301,1.808828991890442,-0.638357566395227,-0.7028350417238847,0.7466740040582716,2.432476462646329,1.2342189214712855,0.4441378001200711,0.34734051596610893,0.8051746213413935,-0.5499325552733862,0.02798148204828331,-0.1687917120566378,1.808828991890442,-0.638357566395227,-0.7028350417238847,0.0,0.0,0.0
358111.7586614,1887500,200.0,0.014489652498065038,0.005,vicon_frame_time,1,200.0,False,0.95,7,False,so3_window,1.6866789486861156,0.3167348544389837,True,tracking,False,False,True,0,1.2999999999999998,False,x_w_outside_launch_gate,,False,x_w_outside_launch_gate,0.744740141360432,2.4305311727729952,1.2344558264642256,25.759593905915757,19.709993312274257,45.906432323668085,0.5675795729321373,1.7337675338690985,-0.6858721400584195,-0.6495268401654458,0.744740141360432,2.4305311727729952,1.2344558264642256,0.44958972763489635,0.34400427884524865,0.8012183918919593,-0.5395742306614847,-0.0007044829241631412,-0.17608442554554296,1.7337675338690985,-0.6858721400584195,-0.6495268401654458,0.0,0.0,0.0
358111.764847,1887502,200.0,0.015158892500852719,0.01,vicon_frame_time,2,200.0,False,0.95,7,False,so3_window,2.165206218989224,0.4307947843514758,True,tracking,False,False,True,0,1.2999999999999998,False,x_w_outside_launch_gate,,False,x_w_outside_launch_gate,0.7413461356984095,2.426290255933628,1.2343674611058217,26.668968917813235,19.67925081454752,45.31565884580756,0.5544061628402849,1.7932853478250876,-0.6239712677557262,-0.7081117400957846,0.7413461356984095,2.426290255933628,1.2343674611058217,0.46546131572787,0.3434677210396302,0.7909074495698354,-0.5290090947787891,-0.05611304746517265,-0.15609899724465218,1.7932853478250876,-0.6239712677557262,-0.7081117400957846,0.0,0.0,0.0
358111.7707336,1887503,200.0,0.014977992498546857,0.005,vicon_frame_time,1,200.0,False,0.95,7,False,so3_window,2.956708751033419,1.0585800043804372,True,tracking,False,False,True,0,1.2999999999999998,False,x_w_outside_launch_gate,,False,x_w_outside_launch_gate,0.7398199191357686,2.4239768147833947,1.2342182151249301,27.29242692212062,19.844474602808717,44.9383190947849,0.5519700739175392,1.9313472519190371,-0.5280426592533967,-0.8178220286670645,0.7398199191357686,2.4239768147833947,1.2342182151249301,0.4763427106509468,0.34635142014740605,0.7843216285158343,-0.5268973846466947,-0.0860607671119443,-0.14015581656538717,1.9313472519190371,-0.5280426592533967,-0.8178220286670645,0.0,0.0,0.0
358111.8147567,1887504,200.0,0.015242425001033255,0.005,vicon_frame_time,1,200.0,False,0.95,7,False,so3_window,2.224543367780659,0.24768234449741308,True,tracking,False,False,True,0,1.2999999999999998,False,x_w_outside_launch_gate,,False,x_w_outside_launch_gate,0.7382536550420102,2.4215612015507255,1.2343582312269064,27.761129001186667,19.86548340393458,44.63778029256141,0.5552282448478327,1.9415206981161037,-0.5051999837203334,-0.8330042124895441,0.7382536550420102,2.4215612015507255,1.2343582312269064,0.48452310514159214,0.34671809289894906,0.7790762368870343,-0.5251258194076344,-0.11670371431411361,-0.1374828015918909,1.9415206981161037,-0.5051999837203334,-0.8330042124895441,0.0,0.0,0.0
358111.8208574,1887513,200.0,0.015316227495715916,0.045,vicon_frame_time,9,200.0,False,0.95,7,False,so3_window,2.092822730860407,0.0934480908809141,True,tracking,False,False,True,0,1.2999999999999998,False,x_w_outside_launch_gate,,False,x_w_outside_launch_gate,0.7264633341623745,2.3976237578159925,1.2342329219602155,31.593422489279906,19.60828235673987,41.926836015182744,0.58723488461565,1.874105592382343,-0.5533173438242313,-0.8180174830527571,0.7264633341623745,2.3976237578159925,1.2342329219602155,0.5514092444115573,0.34222908778582406,0.7317613334086781,-0.5198222001707828,-0.2690896639090062,-0.04712157357835646,1.874105592382343,-0.5533173438242313,-0.8180174830527571,0.0,0.0,0.0
358111.8317493,1887514,200.0,0.015453527497085938,0.005,vicon_frame_time,1,200.0,False,0.95,7,False,so3_window,2.0644987408227764,0.5055443377741395,True,tracking,False,False,True,0,1.2999999999999998,False,x_w_outside_launch_gate,,False,x_w_outside_launch_gate,0.7255770881822916,2.394999128749179,1.2342091078341826,32.00767745858176,19.45497571138725,41.64835861574185,0.5786591751567179,1.8569219775218906,-0.617364285267262,-0.7644476405440245,0.7255770881822916,2.394999128749179,1.2342091078341826,0.5586393575686226,0.3395533820592336,0.7269009858960431,-0.5051464897755191,-0.2806735393606292,-0.02993040533139937,1.8569219775218906,-0.617364285267262,-0.7644476405440245,0.0,0.0,0.0
358111.8379153,1887516,200.0,0.015458727500301516,0.01,vicon_frame_time,2,200.0,False,0.95,7,False,so3_window,2.0854082051731067,0.2599768715787606,True,tracking,False,False,True,0,1.2999999999999998,False,x_w_outside_launch_gate,,False,x_w_outside_launch_gate,0.7236627204768604,2.3892720436727677,1.2340050607139939,32.86751263471678,19.278870345326265,41.07404813130441,0.5875506359530023,1.849858210774379,-0.6615953962443024,-0.7255716037928229,0.7236627204768604,2.3892720436727677,1.2340050607139939,0.5736463124166442,0.3364797635910395,0.7168773770138861,-0.5014173412375502,-0.30625319140341406,0.002320015143783683,1.849858210774379,-0.6615953962443024,-0.7255716037928229,0.0,0.0,0.0
358111.8437881,1887517,200.0,0.015463904998761201,0.005,vicon_frame_time,1,200.0,False,0.95,7,False,so3_window,2.371415040544448,0.2326827136800593,True,tracking,False,False,True,0,1.2999999999999998,False,x_w_outside_launch_gate,,False,x_w_outside_launch_gate,0.7225984410117006,2.3862195468916267,1.2339864554247781,33.357039657770166,19.229024630387016,40.7400255417793,0.6004391953767818,1.8904251527455924,-0.6758394812803826,-0.7424667296138011,0.7225984410117006,2.3862195468916267,1.2339864554247781,0.5821901707464119,0.33560979174733907,0.7110475830506355,-0.506701440954717,-0.3219362585460205,0.011744041575213773,1.8904251527455924,-0.6758394812803826,-0.7424667296138011,0.0,0.0,0.0
358111.8831581,1887518,200.0,0.01587400499644114,0.005,vicon_frame_time,1,200.0,False,0.95,7,False,so3_window,2.214321264479898,0.1702563438714176,True,tracking,False,False,True,0,1.2999999999999998,False,x_w_outside_launch_gate,,False,x_w_outside_launch_gate,0.7217382615910664,2.3832334246454545,1.233609987350251,33.82670602159361,19.146844709210026,40.44841140352797,0.6049716762611076,1.9043550507249205,-0.6916772642477871,-0.725740687588667,0.7217382615910664,2.3832334246454545,1.233609987350251,0.5903873951810006,0.3341754815437712,0.7059579561927838,-0.5075624197420137,-0.32707895510384366,0.037289090522351326,1.9043550507249205,-0.6916772642477871,-0.725740687588667,0.0,0.0,0.0
358111.8889529,1887527,200.0,0.01588715999631769,0.045,vicon_frame_time,9,200.0,False,0.95,7,False,so3_window,1.9487913230751117,0.5552424377973724,True,tracking,False,False,True,0,1.2999999999999998,False,x_w_outside_launch_gate,,False,x_w_outside_launch_gate,0.7154779262460798,2.3557684300496007,1.231762142345015,37.29443473419415,17.25969492375802,38.23985926729612,0.6244649793058287,1.7081204203728135,-0.9450847002510316,-0.3969782451962133,0.7154779262460798,2.3557684300496007,1.231762142345015,0.6509106787818242,0.3012385043093291,0.6674114497135837,-0.47977085598419555,-0.3715838262732605,0.1473156345393957,1.7081204203728135,-0.9450847002510316,-0.3969782451962133,0.0,0.0,0.0
358111.8950023,1887528,200.0,0.015931059995899898,0.005,vicon_frame_time,1,200.0,False,0.95,7,False,so3_window,1.8917013869005368,0.4238997357172428,True,tracking,False,False,True,0,1.2999999999999998,False,x_w_outside_launch_gate,,False,x_w_outside_launch_gate,0.7152523878169275,2.352261209416311,1.2311295522742962,37.6383521158733,17.115613863177973,37.93530905983573,0.6418414699651429,1.6758718379928117,-0.9570673519786744,-0.41417661489927926,0.7152523878169275,2.352261209416311,1.2311295522742962,0.6569131694469634,0.29872381541244186,0.6620960458557681,-0.47925385320995045,-0.3837675188508794,0.18707941689419139,1.6758718379928117,-0.9570673519786744,-0.41417661489927926,0.0,0.0,0.0
358111.901057,1887529,200.0,0.015963672498105503,0.005,vicon_frame_time,1,200.0,False,0.95,7,False,so3_window,1.8561920459197565,0.6415347968156108,True,tracking,False,False,True,0,1.2999999999999998,False,x_w_outside_launch_gate,,False,x_w_outside_launch_gate,0.7147311125460076,2.3490551184890447,1.2308630815453732,37.97377676163804,16.850109098101914,37.70257780670783,0.6439880703079145,1.6312471078168005,-0.9989772471427404,-0.3527706497989421,0.7147311125460076,2.3490551184890447,1.2308630815453732,0.6627674339078937,0.2940898830821306,0.6580341192163939,-0.4761705648802241,-0.38707212847446604,0.19533917988669394,1.6312471078168005,-0.9989772471427404,-0.3527706497989421,0.0,0.0,0.0
358111.907054,1887530,200.0,0.015818572499188072,0.005,vicon_frame_time,1,200.0,False,0.95,7,False,so3_window,1.4378974777338478,0.9891084726550237,True,tracking,False,False,True,0,1.2999999999999998,False,x_w_outside_launch_gate,,False,x_w_outside_launch_gate,0.7143536615623529,2.345485096733622,1.2303880917237722,38.188007742839105,16.568837485057813,37.54401512595516,0.6613053344693336,1.510524390103353,-1.0157811195660302,-0.2625906154095178,0.7143536615623529,2.345485096733622,1.2303880917237722,0.6665064698896304,0.2891807673421156,0.6552666783664711,-0.48123490735748353,-0.3977396796039681,0.21803865851441157,1.510524390103353,-1.0157811195660302,-0.2625906154095178,0.0,0.0,0.0
358111.9515012,1887531,200.0,0.01596170750089817,0.005,vicon_frame_time,1,200.0,False,0.95,7,False,so3_window,1.9097964117461483,2.059853442390943,True,tracking,False,False,True,0,1.2999999999999998,False,x_w_outside_launch_gate,,False,x_w_outside_launch_gate,0.7138527460012654,2.342387366461634,1.2307797389271231,38.266552905447064,16.028529853920162,37.60753896729669,0.6521329061475883,1.2940841387973951,-1.0714698765982758,0.0035587086069829854,0.7138527460012654,2.342387366461634,1.2307797389271231,0.6678773415886536,0.27975062020511254,0.6563753785513953,-0.4680897595097248,-0.4093843262089393,0.19640208190617536,1.2940841387973951,-1.0714698765982758,0.0035587086069829854,0.0,0.0,0.0
358111.9579202,1887540,200.0,0.016871362497367245,0.045,vicon_frame_time,9,200.0,False,0.95,7,False,so3_window,1.7514055600795542,0.7684666983155862,True,tracking,False,False,True,0,1.2999999999999998,False,x_w_outside_launch_gate,,False,x_w_outside_launch_gate,0.7115513199481356,2.3109450158892755,1.2250494774302279,40.02093759355363,12.524454764823215,35.75455666751448,0.7050606702188472,1.0006990725872347,-1.3552106715451335,0.21457352967945487,0.7115513199481356,2.3109450158892755,1.2250494774302279,0.698497130742687,0.21859297266325717,0.6240347364390191,-0.46589182907954335,-0.39414943517214907,0.35313110177360973,1.0006990725872347,-1.3552106715451335,0.21457352967945487,0.0,0.0,0.0
358111.9644212,1887541,200.0,0.016677460001152465,0.005,vicon_frame_time,1,200.0,False,0.95,7,False,so3_window,1.3069832836548052,0.6635850497729474,True,tracking,False,False,True,0,1.2999999999999998,False,x_w_outside_launch_gate,,False,x_w_outside_launch_gate,0.7111029298320637,2.307068105426109,1.2244702249420716,40.122237355294665,12.173876422352665,35.68964627786083,0.7236394691355481,0.9009213905268091,-1.3091647690110717,0.28188180494649606,0.7111029298320637,2.307068105426109,1.2244702249420716,0.7002651451165538,0.2124742263009618,0.6229018364208105,-0.48133086775643397,-0.4026521851179279,0.36034135879104157,0.9009213905268091,-1.3091647690110717,0.28188180494649606,0.0,0.0,0.0
358111.9703241,1887543,200.0,0.01682018999778606,0.01,vicon_frame_time,2,200.0,False,0.95,7,False,so3_window,1.7210973609582492,0.4098263211854735,True,tracking,False,False,True,0,1.2999999999999998,False,x_w_outside_launch_gate,,False,x_w_outside_launch_gate,0.7113458405998596,2.300015916748282,1.2225633194168495,40.403115356920935,11.379360222548264,35.231640077639064,0.724348210771089,0.8275682987015621,-1.3846522597831101,0.28696830155623565,0.7113458405998596,2.300015916748282,1.2225633194168495,0.7051673910413543,0.1986073026539419,0.6149081202323923,-0.453184915842169,-0.39046336539861837,0.40846312291563014,0.8275682987015621,-1.3846522597831101,0.28696830155623565,0.0,0.0,0.0
358111.9761831,1887544,200.0,0.016300889998062618,0.005,vicon_frame_time,1,200.0,False,0.95,7,False,so3_window,3.0038832091664447,1.39537534806393,True,tracking,False,False,True,0,1.2999999999999998,False,x_w_outside_launch_gate,,False,x_w_outside_launch_gate,0.7115027680087476,2.297058647683374,1.221441550130747,40.791897601118244,10.683452215315876,34.973403246769834,0.702248332311742,0.9445741665883082,-1.5572563513679554,0.3906387285776896,0.7115027680087476,2.297058647683374,1.221441550130747,0.7119529212758899,0.1864614166367442,0.6104010372838085,-0.42762118801334337,-0.3606311255665542,0.42454449833825425,0.9445741665883082,-1.5572563513679554,0.3906387285776896,0.0,0.0,0.0
358112.0209271,1887548,200.0,0.016391239997644313,0.02,vicon_frame_time,4,200.0,False,0.95,7,False,so3_window,1.6771501074989914,0.7691187634855259,True,tracking,False,False,True,0,1.2999999999999998,False,x_w_outside_launch_gate,,False,x_w_outside_launch_gate,0.711343330842821,2.2830446625631646,1.218344557155235,40.653316616356584,8.789568275595608,34.65305979273075,0.7119776326925426,0.4603589405640859,-1.4978426307220563,0.6183177666474314,0.711343330842821,2.2830446625631646,1.218344557155235,0.7095342268111429,0.1534069062379837,0.6048099892736154,-0.4230140347631572,-0.3669403425719064,0.4396885953047719,0.4603589405640859,-1.4978426307220563,0.6183177666474314,0.0,0.0,0.0
358112.0272646,1887554,200.0,0.017301274999064906,0.03,vicon_frame_time,6,200.0,False,0.95,7,False,so3_window,1.6627550838960894,0.4073501847603332,True,tracking,False,False,True,0,1.2999999999999998,False,x_w_outside_launch_gate,,False,x_w_outside_launch_gate,0.7111604829550764,2.2630598458850777,1.214402701129891,40.5613374194661,6.003684927722708,34.009429868632566,0.6862636535681179,0.18842930848117556,-1.4828463786649777,0.7086237373543929,0.7111604829550764,2.2630598458850777,1.214402701129891,0.7079288869820637,0.10478406924111905,0.5935765279337408,-0.3942539918682289,-0.3575743356816182,0.433199938326955,0.18842930848117556,-1.4828463786649777,0.7086237373543929,0.0,0.0,0.0
358112.0339446,1887555,200.0,0.017233874998803064,0.005,vicon_frame_time,1,200.0,False,0.95,7,False,so3_window,1.7552411709498041,1.3572703473587164,True,tracking,False,False,True,0,1.2999999999999998,False,x_w_outside_launch_gate,,False,x_w_outside_launch_gate,0.7108402860413272,2.2596596360526537,1.2140990742341065,40.32470521343462,5.565190997296709,34.05730900494812,0.6849937538403144,0.016542857573975278,-1.4118732545048904,0.7770989115348557,0.7108402860413272,2.2596596360526537,1.2140990742341065,0.7037988758705569,0.09713090640517441,0.5944121765054584,-0.40369135420170016,-0.36455357173940595,0.4163537278265736,0.016542857573975278,-1.4118732545048904,0.7770989115348557,0.0,0.0,0.0
358112.0401981,1887557,200.0,0.016612882496360577,0.01,vicon_frame_time,2,200.0,False,0.95,7,False,so3_window,1.4838050431742227,0.5355582602726193,True,tracking,False,False,True,0,1.2999999999999998,False,x_w_outside_launch_gate,,False,x_w_outside_launch_gate,0.7111280229530434,2.2528856406111486,1.2121226387009711,40.41566950821188,4.845484939823435,33.6221799474645,0.6920203357520011,0.07909887947871756,-1.4222489189041863,0.6171812708566533,0.7111280229530434,2.2528856406111486,1.2121226387009711,0.7053865023161747,0.08456966605571825,0.5868177417812697,-0.38587263284032514,-0.3509904750735829,0.45475283696400237,0.07909887947871756,-1.4222489189041863,0.6171812708566533,0.0,0.0,0.0
358112.0461509,1887558,200.0,0.01717558249913494,0.005,vicon_frame_time,1,200.0,False,0.95,7,False,so3_window,2.2362316828435986,0.985224963803224,True,tracking,False,False,True,0,1.2999999999999998,False,x_w_outside_launch_gate,,False,x_w_outside_launch_gate,0.7111448801641891,2.249543893769006,1.2111466519971648,40.14674941139484,4.264568304667863,33.56787642881538,0.6927154614613116,-0.08803290357834213,-1.4633967181390506,0.7088036194375581,0.7111448801641891,2.249543893769006,1.2111466519971648,0.7006929612019355,0.07443075809264688,0.5858699665854243,-0.38325576302710607,-0.3438120733214784,0.46342527865067407,-0.08803290357834213,-1.4633967181390506,0.7088036194375581,0.0,0.0,0.0
358112.0898331,1887559,200.0,0.01664998499737926,0.005,vicon_frame_time,1,200.0,False,0.95,7,False,so3_window,2.035694328784404,0.8851019039660292,True,tracking,False,False,True,0,1.2999999999999998,False,x_w_outside_launch_gate,,False,x_w_outside_launch_gate,0.7115319759469463,2.246205021859334,1.2094942969548497,40.38863352152885,3.747202039509182,33.465555119678434,0.7013555468338896,0.0715265610281597,-1.4875476348705332,0.7399088052328391,0.7115319759469463,2.246205021859334,1.2094942969548497,0.7049146353320306,0.06540101332688186,0.5840841228460336,-0.3684982555664161,-0.3213922682832705,0.5028077650622619,0.0715265610281597,-1.4875476348705332,0.7399088052328391,0.0,0.0,0.0
358112.0960745,1887568,200.0,0.016957715001053607,0.045,vicon_frame_time,9,200.0,False,0.95,7,False,so3_window,1.6506195404230213,0.673792626888093,True,tracking,False,False,True,0,1.2999999999999998,False,x_w_outside_launch_gate,,False,x_w_outside_launch_gate,0.7114883832828269,2.2175119092899482,1.2069189033757135,38.536519828444064,-0.07065623597183429,33.07384531180335,0.6452772577528362,-0.4557235337664012,-1.321076727065816,0.796348889603088,0.7114883832828269,2.2175119092899482,1.2069189033757135,0.6725891532664292,-0.0012331839547745638,0.5772474969862591,-0.3490626343563389,-0.3756401253273077,0.3917046245748416,-0.4557235337664012,-1.321076727065816,0.796348889603088,0.0,0.0,0.0
358112.1025612,1887569,200.0,0.016203014998763997,0.005,vicon_frame_time,1,200.0,False,0.95,7,False,so3_window,2.3334407472907417,0.6372744615410387,True,tracking,False,False,True,0,1.2999999999999998,False,x_w_outside_launch_gate,,False,x_w_outside_launch_gate,0.7116895558795489,2.214513309676298,1.2066368698994965,38.17563607398249,-0.6333501047068382,33.07259141279968,0.6357972792312904,-0.5897321529745342,-1.3580593311090103,0.8661990151499219,0.7116895558795489,2.214513309676298,1.2066368698994965,0.666290543534116,-0.011054044644985161,0.5772256123201576,-0.3360088567335646,-0.37587171158779487,0.3873715076029414,-0.5897321529745342,-1.3580593311090103,0.8661990151499219,0.0,0.0,0.0
358112.1084184,1887571,200.0,0.016494767498308437,0.01,vicon_frame_time,2,200.0,False,0.95,7,False,so3_window,1.451313817962447,0.943133690053852,True,tracking,False,False,True,0,1.2999999999999998,False,x_w_outside_launch_gate,,False,x_w_outside_launch_gate,0.7122183781228286,2.2077244845337827,1.2047385661074763,38.275602290100984,-1.4338350870295293,32.86905559529235,0.6614139585352397,-0.3651913562619211,-1.3459859707009543,0.7830109324959875,0.7122183781228286,2.2077244845337827,1.2047385661074763,0.668035283146144,-0.025025143199284727,0.5736732421589164,-0.32757805646895344,-0.3631161011917855,0.4453175704152665,-0.3651913562619211,-1.3459859707009543,0.7830109324959875,0.0,0.0,0.0
358112.1142999,1887572,200.0,0.016207467500727733,0.005,vicon_frame_time,1,200.0,False,0.95,7,False,so3_window,1.8558609093427467,0.44834145508103335,True,tracking,False,False,True,0,1.2999999999999998,False,x_w_outside_launch_gate,,False,x_w_outside_launch_gate,0.7121801190585275,2.204571885435411,1.205053318516753,37.97463402097447,-1.8721095990475551,32.88651382282295,0.6508892886175807,-0.4791337127762182,-1.3159677717797325,0.8179159450821192,0.7121801190585275,2.204571885435411,1.205053318516753,0.6627823959058579,-0.032674476461570734,0.5739779457108876,-0.33208991790248643,-0.3820459775014721,0.40916258814750495,-0.4791337127762182,-1.3159677717797325,0.8179159450821192,0.0,0.0,0.0
358112.1578303,1887576,200.0,0.016690019998078866,0.02,vicon_frame_time,4,200.0,False,0.95,7,False,so3_window,1.6937199219873178,0.27919327199403193,True,tracking,False,False,True,0,1.2999999999999998,False,x_w_outside_launch_gate,,False,x_w_outside_launch_gate,0.7131846320699649,2.1917177339449228,1.2035812532887749,37.44370965562628,-3.703667016407866,32.550183853135394,0.6494236582184598,-0.47838263760743993,-1.3767602202705018,0.7835710408310578,0.7131846320699649,2.1917177339449228,1.2035812532887749,0.6535160176514707,-0.0646411838338321,0.568107880366707,-0.3082508875754591,-0.3899078500763236,0.4179764905011377,-0.47838263760743993,-1.3767602202705018,0.7835710408310578,0.0,0.0,0.0
358112.1642496,1887582,200.0,0.01725073499924493,0.03,vicon_frame_time,6,200.0,False,0.95,7,False,so3_window,1.6255122047688242,0.36771110610565827,True,tracking,False,False,True,0,1.2999999999999998,False,x_w_outside_launch_gate,,False,x_w_outside_launch_gate,0.7144211869833765,2.1729386912726527,1.2045319451785936,36.098929383858504,-6.010988231760731,31.834691452005625,0.6313127538092317,-0.6764171372344068,-1.345705121518612,0.6012110926137054,0.7144211869833765,2.1729386912726527,1.2045319451785936,0.6300451741932589,-0.10491153594285674,0.5556201821939926,-0.29692413272956086,-0.4361764712337748,0.3466149714987017,-0.6764171372344068,-1.345705121518612,0.6012110926137054,0.0,0.0,0.0
358112.1703196,1887583,200.0,0.01710133499668901,0.005,vicon_frame_time,1,200.0,False,0.95,7,False,so3_window,1.5537211719643698,0.49064626960373375,True,tracking,False,False,True,0,1.2999999999999998,False,x_w_outside_launch_gate,,False,x_w_outside_launch_gate,0.7146755175476271,2.1698436233770093,1.2049065254887033,35.82310524129711,-6.330185371377347,31.71930534953526,0.6294055424169906,-0.7313665857443253,-1.3109213809887321,0.5560369645153712,0.7146755175476271,2.1698436233770093,1.2049065254887033,0.6252311347490722,-0.11048257699211472,0.5536063147948411,-0.2941308862920771,-0.44555651897350057,0.333343286949775,-0.7313665857443253,-1.3109213809887321,0.5560369645153712,0.0,0.0,0.0
358112.1761715,1887584,200.0,0.017505399995298637,0.005,vicon_frame_time,1,200.0,False,0.95,7,False,so3_window,1.6183602000504187,0.4723762142296612,True,tracking,False,False,True,0,1.2999999999999998,False,x_w_outside_launch_gate,,False,x_w_outside_launch_gate,0.7153362550205862,2.166805156244295,1.2048605835003736,35.707212331500855,-6.735503349417434,31.539075889811166,0.6264661560670622,-0.6888231150073544,-1.3446574025631157,0.5166538453805047,0.7153362550205862,2.166805156244295,1.2048605835003736,0.6232084218934109,-0.11755671022644032,0.5504607173135652,-0.2724123528306205,-0.44842346744329425,0.3422977484133648,-0.6888231150073544,-1.3446574025631157,0.5166538453805047,0.0,0.0,0.0
358112.1821836,1887585,200.0,0.017036599998119333,0.005,vicon_frame_time,1,200.0,False,0.95,7,False,so3_window,2.5324625902653017,2.3029950412098064,True,tracking,False,False,True,0,1.2999999999999998,False,x_w_outside_launch_gate,,False,x_w_outside_launch_gate,0.7169633117054524,2.163405068852475,1.2052820134183329,35.23782915539481,-6.672921413077659,31.04150296537151,0.6479409094234991,-0.8808968725924821,-1.257731492616663,0.17526454103783612,0.7169633117054524,2.163405068852475,1.2052820134183329,0.6150161400168921,-0.11646444938503775,0.5417764315133162,-0.22613132458162527,-0.498693721858525,0.346405279876625,-0.8808968725924821,-1.257731492616663,0.17526454103783612,0.0,0.0,0.0
358112.2263049,1887586,200.0,0.017634184997852,0.005,vicon_frame_time,1,200.0,False,0.5,7,True,so3_window_spike_downweighted,3.4296639708749095,3.133710577679544,True,tracking,False,False,False,0,1.2999999999999998,False,x_w_outside_launch_gate,,False,x_w_outside_launch_gate,0.7161946630371276,2.161205899399032,1.2068007537715075,35.3931399135847,-7.446769666981494,31.607875810901383,0.6022687947056042,-0.8668068088312646,-1.2373202248765218,0.24105321471255953,0.7161946630371276,2.161205899399032,1.2068007537715075,0.6177268241110743,-0.12997064932646873,0.5516615024617018,-0.2689278220993782,-0.4699894792746311,0.2636577648167934,-0.8668068088312646,-1.2373202248765218,0.24105321471255953,0.0,0.0,0.0
358112.2326033,1887595,200.0,0.0174943599986758,0.045,vicon_frame_time,9,200.0,False,0.95,7,False,so3_window,1.4888503973984486,0.4995229678063184,True,tracking,False,False,True,0,1.2999999999999998,False,x_w_outside_launch_gate,,False,x_w_outside_launch_gate,0.7225531629521678,2.134413967620246,1.2127820753823964,33.30206387523525,-9.67387726977299,29.573612258625126,0.6231135524149767,-0.9081164226379402,-1.1809363284799135,-0.026328714799571107,0.7225531629521678,2.134413967620246,1.2127820753823964,0.5812306623323171,-0.1688410097913784,0.5161569056211652,-0.19722783614996509,-0.5405157272516466,0.23919537713851816,-0.9081164226379402,-1.1809363284799135,-0.026328714799571107,0.0,0.0,0.0
358112.2550609,1887596,200.0,0.01755725999741423,0.005,vicon_frame_time,1,200.0,False,0.95,7,False,so3_window,1.7177412121429316,1.0117423460995068,True,tracking,False,False,True,0,1.2999999999999998,False,x_w_outside_launch_gate,,False,x_w_outside_launch_gate,0.7235214691776277,2.1324771095843045,1.2148086742390132,33.15699133662457,-9.908195758219918,29.18985049244417,0.5990393299548592,-0.8791289100639011,-1.2187102627750586,-0.13127845092914683,0.7235214691776277,2.1324771095843045,1.2148086742390132,0.5786986688793343,-0.1729306389130736,0.509458999258039,-0.1705548305849181,-0.5501810096141783,0.1644993168886731,-0.8791289100639011,-1.2187102627750586,-0.13127845092914683,0.0,0.0,0.0
358112.2953899,1887597,200.0,0.017921559995596335,0.005,vicon_frame_time,1,200.0,False,0.95,7,False,so3_window,1.5516368512148027,0.38265564558681314,True,tracking,False,False,True,0,1.2999999999999998,False,x_w_outside_launch_gate,,False,x_w_outside_launch_gate,0.7244171979655745,2.129895647295259,1.2159193610928543,32.92910742583311,-10.084609182743009,28.888669909830885,0.5965648405687602,-0.895601027283138,-1.1957157007142247,-0.19808940529545854,0.7244171979655745,2.129895647295259,1.2159193610928543,0.5747213443237023,-0.17600963401572,0.5042024064483623,-0.15972352234909076,-0.5538115898890942,0.15385294379940742,-0.895601027283138,-1.1957157007142247,-0.19808940529545854,0.0,0.0,0.0
358112.3016216,1887609,200.0,0.018716964998792447,0.06,vicon_frame_time,12,200.0,False,0.95,7,False,so3_window,1.721280159626723,0.22704305033425173,True,tracking,False,False,True,0,1.2999999999999998,False,x_w_outside_launch_gate,,False,x_w_outside_launch_gate,0.7336021704494282,2.1071081759982326,1.2417454477382222,29.758575043437695,-12.327361779578602,24.9971835478235,0.59104883910764,-1.0712112317790512,-1.1522822476231886,-0.4913885891762144,0.7336021704494282,2.1071081759982326,1.2417454477382222,0.5193851152098024,-0.21515305113815408,0.4362831566348775,-0.11395177922104041,-0.5617511592052958,-0.14418514956247913,-1.0712112317790512,-1.1522822476231886,-0.4913885891762144,0.0,0.0,0.0
358112.3076172,1887610,200.0,0.018729464999386165,0.005,vicon_frame_time,1,200.0,False,0.95,7,False,so3_window,1.9244648866514955,0.4559359516542738,True,tracking,False,False,True,0,1.2999999999999998,False,x_w_outside_launch_gate,,False,x_w_outside_launch_gate,0.7347403616966033,2.1056395899495146,1.243815736068374,29.572590332996498,-12.499079760999164,24.54576343071139,0.5813783923323417,-1.057330494667279,-1.1739876765677941,-0.5829184371394243,0.7347403616966033,2.1056395899495146,1.243815736068374,0.5161390696542352,-0.21815009529882134,0.4284043892815328,-0.08854102838715076,-0.5530842207631107,-0.15575354283593842,-1.057330494667279,-1.1739876765677941,-0.5829184371394243,0.0,0.0,0.0
358112.3134087,1887611,200.0,0.017696082497698096,0.005,vicon_frame_time,1,200.0,False,0.95,7,False,so3_window,1.87341838082223,0.32674836095429066,True,tracking,False,False,True,0,1.2999999999999998,False,x_w_outside_launch_gate,,False,x_w_outside_launch_gate,0.7357703992712237,2.1039391002723997,1.2457231835159608,29.27255493884464,-12.70560871506776,24.21166172179187,0.5742680310381945,-1.0980722837843344,-1.1761640044645325,-0.5919646230784116,0.7357703992712237,2.1039391002723997,1.2457231835159608,0.5109024641537663,-0.22175470554801846,0.4225732144243475,-0.07637267203299691,-0.5476969439750121,-0.1548516838767259,-1.0980722837843344,-1.1761640044645325,-0.5919646230784116,0.0,0.0,0.0
358112.3195573,1887613,200.0,0.01747784999707928,0.01,vicon_frame_time,2,200.0,False,0.95,7,False,so3_window,1.917995321430036,0.2732934141085528,True,tracking,False,False,True,0,1.2999999999999998,False,x_w_outside_launch_gate,,False,x_w_outside_launch_gate,0.7379704251550536,2.1013285416214735,1.249852492836093,28.860419317829713,-13.209336214905692,23.413794160258135,0.5568615784065357,-1.0783594707703616,-1.2507091353262734,-0.6414759728971777,0.7379704251550536,2.1013285416214735,1.249852492836093,0.5037093406023043,-0.23054640895302958,0.4086477984807253,-0.044571559190486415,-0.5247560097447216,-0.18094011123447717,-1.0783594707703616,-1.2507091353262734,-0.6414759728971777,0.0,0.0,0.0
358112.363562,1887614,200.0,0.01738335000146744,0.005,vicon_frame_time,1,200.0,False,0.95,7,False,so3_window,1.9579091289078847,0.5656021181232377,True,tracking,False,False,True,0,1.2999999999999998,False,x_w_outside_launch_gate,,False,x_w_outside_launch_gate,0.7390327708821172,2.099850577131206,1.2521301706049797,28.505193706200625,-13.33321947556762,23.071398965816442,0.5623466473121425,-1.1510255603560742,-1.1985373997501643,-0.670060200100722,0.7390327708821172,2.099850577131206,1.2521301706049797,0.49750948409196605,-0.23270857973968662,0.4026718749947116,-0.039800696375541955,-0.5255293451944285,-0.19613404510880875,-1.1510255603560742,-1.1985373997501643,-0.670060200100722,0.0,0.0,0.0
358112.3700924,1887623,200.0,0.01771728249753088,0.045,vicon_frame_time,9,200.0,False,0.95,7,False,so3_window,1.6480435550760089,0.1104624942108805,True,tracking,False,False,True,0,1.2999999999999998,False,x_w_outside_launch_gate,,False,x_w_outside_launch_gate,0.7511308824329475,2.0898225867912013,1.2697073352741877,26.430629262155215,-15.332339783160116,20.41943030002713,0.5267847788338123,-1.0892239986711079,-1.1643256629608467,-0.5737585639078278,0.7511308824329475,2.0898225867912013,1.2697073352741877,0.46130150399856795,-0.26759981125065746,0.356386290116967,0.05400696926524859,-0.46515947623578807,-0.24127186356850294,-1.0892239986711079,-1.1643256629608467,-0.5737585639078278,0.0,0.0,0.0
358112.376061,1887624,200.0,0.017337782496385817,0.005,vicon_frame_time,1,200.0,False,0.95,7,False,so3_window,2.1574596481622232,1.530318846002813,True,tracking,False,False,True,0,1.2999999999999998,False,x_w_outside_launch_gate,,False,x_w_outside_launch_gate,0.7527877020493272,2.088551697556277,1.272206734891218,25.93808781465436,-15.174429634007321,20.186706144114055,0.5543031974977525,-1.2298619320404882,-0.9454598702039763,-0.6358924788117636,0.7527877020493272,2.088551697556277,1.272206734891218,0.45270503403713924,-0.26484375922562586,0.3523244873473592,0.06266830857572107,-0.48285842285025815,-0.2649008519032203,-1.2298619320404882,-0.9454598702039763,-0.6358924788117636,0.0,0.0,0.0
358112.3820019,1887625,200.0,0.017564900000221234,0.005,vicon_frame_time,1,200.0,False,0.95,7,False,so3_window,1.6087951065962818,0.6855750191254212,True,tracking,False,False,True,0,1.2999999999999998,False,x_w_outside_launch_gate,,False,x_w_outside_launch_gate,0.7545393826026068,2.087517922474213,1.2741864777968221,25.57271159695446,-15.331426514713925,20.03082190669855,0.5562531548807127,-1.261312104446537,-0.9081644193782274,-0.5690218970343012,0.7545393826026068,2.087517922474213,1.2741864777968221,0.44632801602979244,-0.26758387170931686,0.3496037941524981,0.08053230587764401,-0.4802007744568285,-0.26895972976607085,-1.261312104446537,-0.9081644193782274,-0.5690218970343012,0.0,0.0,0.0
358112.3877181,1887626,200.0,0.01773910499626572,0.005,vicon_frame_time,1,200.0,False,0.95,7,False,so3_window,1.5021581503797343,0.6591395003104168,True,tracking,False,False,True,0,1.2999999999999998,False,x_w_outside_launch_gate,,False,x_w_outside_launch_gate,0.7558924733103103,2.0871024709832455,1.2765279725947123,25.482276699332232,-15.520016971433014,19.67801649062406,0.5502885743032345,-1.1582967041957535,-0.9410782052438322,-0.6054492035140734,0.7558924733103103,2.0871024709832455,1.2765279725947123,0.44474962930758055,-0.2708753961169048,0.3434461780231297,0.08366869116132518,-0.45548405302091544,-0.29723953736284325,-1.1582967041957535,-0.9410782052438322,-0.6054492035140734,0.0,0.0,0.0
358112.4319276,1887627,200.0,0.01724867500094478,0.005,vicon_frame_time,1,200.0,False,0.95,7,False,so3_window,1.4979293952506687,0.16700477300765046,True,tracking,False,False,True,0,1.2999999999999998,False,x_w_outside_launch_gate,,False,x_w_outside_launch_gate,0.7576804676243598,2.086409865303404,1.2784009094920683,25.25651485414553,-15.676532252904725,19.403508038320894,0.5454456562544002,-1.139531564205351,-0.9324121452740759,-0.604514608230757,0.7576804676243598,2.086409865303404,1.2784009094920683,0.4408093417836949,-0.27360710310827185,0.33865510170588564,0.10493086982953137,-0.4446485322712945,-0.2979734203458335,-1.139531564205351,-0.9324121452740759,-0.604514608230757,0.0,0.0,0.0
358112.4379001,1887636,200.0,0.01645690499894686,0.045,vicon_frame_time,9,200.0,False,0.95,7,False,so3_window,1.462910786849619,0.20900970587370496,True,tracking,False,False,True,0,1.2999999999999998,False,x_w_outside_launch_gate,,False,x_w_outside_launch_gate,0.7739538122981671,2.0834278549700396,1.2986787753461293,23.487183687490045,-16.435184839154836,16.61248640696573,0.5764013045751853,-1.03603634560888,-0.7744438858458029,-0.7534914035520404,0.7739538122981671,2.0834278549700396,1.2986787753461293,0.4099286873674042,-0.28684808861710653,0.28994258474435464,0.17887050086153453,-0.3689883288854674,-0.4050819929148042,-1.03603634560888,-0.7744438858458029,-0.7534914035520404,0.0,0.0,0.0
358112.4458846,1887637,200.0,0.016399604999193847,0.005,vicon_frame_time,1,200.0,False,0.95,7,False,so3_window,1.7058290932654119,1.1455585038582723,True,tracking,False,False,True,0,1.2999999999999998,False,x_w_outside_launch_gate,,False,x_w_outside_launch_gate,0.7763068987035955,2.0830012348863964,1.3003352924368836,23.02121388634065,-16.615029001922377,16.66191686417948,0.5736161679245134,-1.1262780764423705,-0.7306125800406409,-0.5612618945375725,0.7763068987035955,2.0830012348863964,1.3003352924368836,0.40179598012248396,-0.2899869613978927,0.29080530897350076,0.20748838355985505,-0.36727394668008967,-0.38870802266245125,-1.1262780764423705,-0.7306125800406409,-0.5612618945375725,0.0,0.0,0.0
358112.4515387,1887639,200.0,0.016845924994922847,0.01,vicon_frame_time,2,200.0,False,0.95,7,False,so3_window,1.9460937760241375,1.0014724132685882,True,tracking,False,False,True,0,1.2999999999999998,False,x_w_outside_launch_gate,,False,x_w_outside_launch_gate,0.7798376224059855,2.0831830083791507,1.3049542352899586,22.984760243009045,-16.626937534976328,15.55792531473516,0.5742967096114308,-0.9747142709399116,-0.7335823820051877,-0.8961277538728866,0.7798376224059855,2.0831830083791507,1.3049542352899586,0.40115974402199983,-0.2901948045087668,0.2715370215215036,0.20588300573673596,-0.3301617917389055,-0.42240039050062295,-0.9747142709399116,-0.7335823820051877,-0.8961277538728866,0.0,0.0,0.0
358112.4575702,1887640,200.0,0.01645752499876837,0.005,vicon_frame_time,1,200.0,False,0.95,7,False,so3_window,1.550213854648316,0.6019566000377976,True,tracking,False,False,True,0,1.2999999999999998,False,x_w_outside_launch_gate,,False,x_w_outside_launch_gate,0.7816780023498247,2.0828206138567325,1.3072024720704125,22.604965791840087,-16.68620992911002,15.419154746232829,0.5766558986881267,-1.0563619282459435,-0.6730724261248144,-0.8047141483607269,0.7816780023498247,2.0828206138567325,1.3072024720704125,0.39453108036829665,-0.2912293029419395,0.2691150181962736,0.20270226670534092,-0.3335313635166902,-0.4245004665663224,-1.0563619282459435,-0.6730724261248144,-0.8047141483607269,0.0,0.0,0.0
358112.5007921,1887641,200.0,0.01635093749985248,0.005,vicon_frame_time,1,200.0,False,0.95,7,False,so3_window,1.8027186675189557,0.458145540887519,True,tracking,False,False,True,0,1.2999999999999998,False,x_w_outside_launch_gate,,False,x_w_outside_launch_gate,0.7837770176584775,2.0830378424038853,1.3093434980247558,22.397296836094316,-16.723603851116664,15.003716206261231,0.580563994598668,-1.0705913295119103,-0.6695848510352856,-0.8761423704007636,0.7837770176584775,2.0830378424038853,1.3093434980247558,0.3909065733363546,-0.2918819500011893,0.2618642478340911,0.2194788584077127,-0.3151330321792399,-0.4354018311467323,-1.0705913295119103,-0.6695848510352856,-0.8761423704007636,0.0,0.0,0.0
358112.5073937,1887650,200.0,0.016234452498902298,0.045,vicon_frame_time,9,200.0,False,0.95,7,False,so3_window,1.4348451286669497,0.3155411805339723,True,tracking,False,False,True,0,1.2999999999999998,False,x_w_outside_launch_gate,,False,x_w_outside_launch_gate,0.8006630151176646,2.0842007264475817,1.3271066122974164,21.018247487464333,-16.890059356665237,11.950498958115105,0.5486277608426977,-0.9406228428848711,-0.5417247254353643,-0.9791153535687389,0.8006630151176646,2.0842007264475817,1.3271066122974164,0.3668376216552782,-0.29478714663108363,0.20857555407526052,0.23985232752686225,-0.22989309312575967,-0.4365918536577268,-0.9406228428848711,-0.5417247254353643,-0.9791153535687389,0.0,0.0,0.0
358112.5133493,1887651,200.0,0.016791052498883997,0.005,vicon_frame_time,1,200.0,False,0.95,7,False,so3_window,1.3998082133482155,0.10815712170453659,True,tracking,False,False,True,0,1.2999999999999998,False,x_w_outside_launch_gate,,False,x_w_outside_launch_gate,0.8025565224165971,2.084600792651964,1.3291571604979195,20.859892559342097,-16.918903033767954,11.626375381859921,0.5514836042357331,-0.9308099429198745,-0.5315866744139176,-0.9784374871328652,0.8025565224165971,2.084600792651964,1.3291571604979195,0.3640738067727862,-0.29529056376490814,0.20291853048626862,0.24236745994865078,-0.21593015128794188,-0.44583219922257783,-0.9308099429198745,-0.5315866744139176,-0.9784374871328652,0.0,0.0,0.0
358112.5193624,1887653,200.0,0.01656163249945569,0.01,vicon_frame_time,2,200.0,False,0.95,7,False,so3_window,1.569805112697824,0.3367604584689818,True,tracking,False,False,True,0,1.2999999999999998,False,x_w_outside_launch_gate,,False,x_w_outside_launch_gate,0.8061780364074171,2.085129610060558,1.3332113542361153,20.554931312629698,-16.788621287906473,10.874065428646741,0.5492661039460454,-0.9255140270521426,-0.4427125055588702,-1.0606387179793952,0.8061780364074171,2.085129610060558,1.3332113542361153,0.3587512289266681,-0.2930167183443788,0.18978824480717416,0.23962923753404014,-0.20085624828311083,-0.45158371204966624,-0.9255140270521426,-0.4427125055588702,-1.0606387179793952,0.0,0.0,0.0
358112.5251566,1887654,200.0,0.01676903249981881,0.005,vicon_frame_time,1,200.0,False,0.95,7,False,so3_window,1.4163183501895527,0.12677769496635255,True,tracking,False,False,True,0,1.2999999999999998,False,x_w_outside_launch_gate,,False,x_w_outside_launch_gate,0.8078553308182039,2.085390719788916,1.3348807901048976,20.40765865329764,-16.84921916106671,10.541067144427107,0.5328892559112542,-0.9129961830278793,-0.46684099745342367,-1.045250460422324,0.8078553308182039,2.085390719788916,1.3348807901048976,0.35618083612315576,-0.29407435075073085,0.18397632834404964,0.2367629427124423,-0.18829562066062216,-0.4387015241184216,-0.9129961830278793,-0.46684099745342367,-1.045250460422324,0.0,0.0,0.0
358112.5697156,1887657,200.0,0.015820532498978617,0.015,vicon_frame_time,3,200.0,False,0.95,7,False,so3_window,1.4255947651484162,0.11157369565165967,True,tracking,False,False,True,0,1.2999999999999998,False,x_w_outside_launch_gate,,False,x_w_outside_launch_gate,0.8128981921997922,2.086107436325216,1.3399584193636425,20.039005076371133,-16.904808444407987,9.47608782282893,0.5045305717892027,-0.8636290283544649,-0.4683330715365081,-1.0631549718723188,0.8128981921997922,2.086107436325216,1.3399584193636425,0.349746617406534,-0.29504456677386015,0.1653889327165059,0.23120958274974748,-0.1650821628404674,-0.4169425694583618,-0.8636290283544649,-0.4683330715365081,-1.0631549718723188,0.0,0.0,0.0
358112.5762009,1887664,200.0,0.01670335249718005,0.035,vicon_frame_time,7,200.0,False,0.95,7,False,so3_window,1.3333306860248708,0.12693078694943483,True,tracking,False,False,True,0,1.2999999999999998,False,x_w_outside_launch_gate,,False,x_w_outside_launch_gate,0.8230176372765912,2.087347393217933,1.3499222014703458,19.10307614824144,-17.244008786084795,7.2541300364859005,0.424015017306744,-0.8191493929020655,-0.49679072292369847,-0.9875346300766118,0.8230176372765912,2.087347393217933,1.3499222014703458,0.33341157604600946,-0.3009647295600102,0.12660845350449534,0.19981942504917413,-0.12322765223968246,-0.35309471533591635,-0.8191493929020655,-0.49679072292369847,-0.9875346300766118,0.0,0.0,0.0
358112.5826876,1887665,200.0,0.016532952498428812,0.005,vicon_frame_time,1,200.0,False,0.95,7,False,so3_window,1.1707651406676716,0.227140973567246,True,tracking,False,False,True,0,1.2999999999999998,False,x_w_outside_launch_gate,,False,x_w_outside_launch_gate,0.8243620050560856,2.0874377284181636,1.3511653237740455,18.98377532665376,-17.299595140770123,6.979027323938724,0.41117471476943906,-0.7995490071895635,-0.4944276027408788,-0.9568595528947043,0.8243620050560856,2.0874377284181636,1.3511653237740455,0.33132938390897015,-0.30193489446845057,0.12180700538937961,0.1957935595772668,-0.12029594142708305,-0.3409668819254513,-0.7995490071895635,-0.4944276027408788,-0.9568595528947043,0.0,0.0,0.0
358112.5883815,1887666,200.0,0.016693654998193606,0.005,vicon_frame_time,1,200.0,False,0.95,7,False,so3_window,1.0411455099283868,0.4565999438406662,True,tracking,False,False,True,0,1.2999999999999998,False,x_w_outside_launch_gate,,False,x_w_outside_launch_gate,0.8257874294315846,2.087695466367138,1.3522057984944744,18.97091937515641,-17.32196092822616,6.685679542673852,0.3982757289998609,-0.7245481913818314,-0.47731161622757745,-0.9472279269338475,0.8257874294315846,2.087695466367138,1.3522057984944744,0.3311050052268647,-0.3023252510993597,0.11668712075288745,0.19975451024850327,-0.10920138175700561,-0.3267977205674972,-0.7245481913818314,-0.47731161622757745,-0.9472279269338475,0.0,0.0,0.0
358112.5943646,1887668,200.0,0.016598449997843802,0.01,vicon_frame_time,2,200.0,False,0.95,7,False,so3_window,1.0832341372037955,0.27855808710068003,True,tracking,False,False,True,0,1.2999999999999998,False,x_w_outside_launch_gate,,False,x_w_outside_launch_gate,0.8284979645771418,2.0880126932309477,1.3543960285155545,18.781851510359175,-17.465271218198556,6.165905545467203,0.3789751116510751,-0.6879902117150077,-0.4889965856100098,-0.8852961630992301,0.8284979645771418,2.0880126932309477,1.3543960285155545,0.3278051484764375,-0.30482648751136576,0.10761535313537962,0.1971649015441631,-0.10006326179063815,-0.30779129372001984,-0.6879902117150077,-0.4889965856100098,-0.8852961630992301,0.0,0.0,0.0
358112.6377542,1887669,200.0,0.01669374999590926,0.005,vicon_frame_time,1,200.0,False,0.95,7,False,so3_window,1.1151084847585901,0.5467009244386396,True,tracking,False,False,True,0,1.2999999999999998,False,x_w_outside_launch_gate,,False,x_w_outside_launch_gate,0.8295995757312844,2.0878741991351295,1.35524400117611,18.66891570220965,-17.644931771843375,5.958765239328458,0.3557958279233315,-0.6753762615114335,-0.543374945826087,-0.8130037630469853,0.8295995757312844,2.0878741991351295,1.35524400117611,0.3258340467808276,-0.3079621557084238,0.1040000727796695,0.18691922464083063,-0.10352192289118324,-0.2844909244742818,-0.6753762615114335,-0.543374945826087,-0.8130037630469853,0.0,0.0,0.0
358112.6440277,1887677,200.0,0.016516049996141903,0.04,vicon_frame_time,8,200.0,False,0.95,7,False,so3_window,0.9330335157066887,0.2522995563359379,True,tracking,False,False,True,0,1.2999999999999998,False,x_w_outside_launch_gate,,False,x_w_outside_launch_gate,0.8383741143917365,2.0874005783598433,1.3621337141958139,17.73844088759096,-18.147971446720668,4.364389986371006,0.2891725278063217,-0.6392434923154492,-0.46019093803110245,-0.6488768615617377,0.8383741143917365,2.0874005783598433,1.3621337141958139,0.30959419765884766,-0.31674185430319435,0.0761729751032445,0.15749271385108857,-0.09695386635202873,-0.22229877129914594,-0.6392434923154492,-0.46019093803110245,-0.6488768615617377,0.0,0.0,0.0
358112.6501787,1887678,200.0,0.016762394998034072,0.005,vicon_frame_time,1,200.0,False,0.95,7,False,so3_window,0.7657351390678517,0.3908512116656493,True,tracking,False,False,True,0,1.2999999999999998,False,x_w_outside_launch_gate,,False,x_w_outside_launch_gate,0.839352548333351,2.08738496983238,1.3627498198320043,17.724475487669466,-18.223320083733608,4.1631557044319765,0.27604383368735347,-0.5773630667501195,-0.45912038815588735,-0.6333212365786473,0.839352548333351,2.08738496983238,1.3627498198320043,0.30935045544885975,-0.3180569361059602,0.07266077431552187,0.15489518221776827,-0.09054508037788153,-0.2097838627299502,-0.5773630667501195,-0.45912038815588735,-0.6333212365786473,0.0,0.0,0.0
358112.6557846,1887680,200.0,0.01646999499799924,0.01,vicon_frame_time,2,200.0,False,0.95,7,False,so3_window,0.8642744242727082,0.3562034033401849,True,tracking,False,False,True,0,1.2999999999999998,False,x_w_outside_launch_gate,,False,x_w_outside_launch_gate,0.841454506207358,2.0869626971820456,1.3642416469368839,17.49792184243131,-18.16979510660519,3.791150849872211,0.2695217515545175,-0.5835260659513911,-0.3519922282403254,-0.6282356485913089,0.841454506207358,2.0869626971820456,1.3642416469368839,0.30539634840705876,-0.3171227490230146,0.06616806477005133,0.15321185718617591,-0.09905066478069312,-0.19838615673751195,-0.5835260659513911,-0.3519922282403254,-0.6282356485913089,0.0,0.0,0.0
358112.6619768,1887681,200.0,0.016575500000533136,0.005,vicon_frame_time,1,200.0,False,0.95,7,False,so3_window,0.818866023415465,0.2589713920656636,True,tracking,False,False,True,0,1.2999999999999998,False,x_w_outside_launch_gate,,False,x_w_outside_launch_gate,0.8425951125690605,2.08668667382528,1.3648095490630425,17.396480709382125,-18.163576275999585,3.6089963206186937,0.26645221401845726,-0.578328092671514,-0.32006370293426983,-0.620672552132999,0.8425951125690605,2.08668667382528,1.3648095490630425,0.30362586663839686,-0.3170142099533231,0.06298886848715712,0.15873470967202158,-0.10280775981769634,-0.18769826536743386,-0.578328092671514,-0.32006370293426983,-0.620672552132999,0.0,0.0,0.0
358112.7067908,1887690,200.0,0.017238039999890757,0.045,vicon_frame_time,9,200.0,False,0.95,7,False,so3_window,0.741048186989955,0.33139557678835885,True,tracking,False,False,True,0,1.2999999999999998,False,x_w_outside_launch_gate,,False,x_w_outside_launch_gate,0.8508625572276838,2.0833263717628214,1.3701617217036648,16.327822749365314,-18.062204113968953,2.3260818391203295,0.23430228994639657,-0.5721660793451294,-0.171908205964011,-0.5154095829884402,0.8508625572276838,2.0833263717628214,1.3701617217036648,0.2849742666584576,-0.3152449319560233,0.04059778676349479,0.137388284452029,-0.1229879586643803,-0.1445544340137041,-0.5721660793451294,-0.171908205964011,-0.5154095829884402,0.0,0.0,0.0
358112.7131293,1887691,200.0,0.017415239999488845,0.005,vicon_frame_time,1,200.0,False,0.95,7,False,so3_window,0.7267568749418601,0.18300017425062634,True,tracking,False,False,True,0,1.2999999999999998,False,x_w_outside_launch_gate,,False,x_w_outside_launch_gate,0.851811908360653,2.082833905872149,1.3704496298535338,16.206886313422608,-18.027399019602083,2.193502611500309,0.22964755260215897,-0.57105523894528,-0.1443608202961421,-0.505581299914736,0.851811908360653,2.082833905872149,1.3704496298535338,0.28286352766563017,-0.3146374684628541,0.03828384272177443,0.14240778250425606,-0.12461347649678103,-0.1301134250328077,-0.57105523894528,-0.1443608202961421,-0.505581299914736,0.0,0.0,0.0
358112.7189995,1887693,200.0,0.017494150000432366,0.01,vicon_frame_time,2,200.0,False,0.95,7,False,so3_window,0.7714731133880697,0.1616868444689743,True,tracking,False,False,True,0,1.2999999999999998,False,x_w_outside_launch_gate,,False,x_w_outside_launch_gate,0.8533456774485688,2.0818817152318636,1.371556762979144,15.955398341456942,-17.92155212145435,1.9148007764589734,0.22191853578983053,-0.5763831923895916,-0.0869641066939873,-0.5026693699330065,0.8533456774485688,2.0818817152318636,1.371556762979144,0.2784742345256661,-0.3127900915871531,0.033419578068953015,0.12952397230800436,-0.1290415739570158,-0.12577618739393256,-0.5763831923895916,-0.0869641066939873,-0.5026693699330065,0.0,0.0,0.0
358112.7250507,1887694,200.0,0.016999349998089112,0.005,vicon_frame_time,1,200.0,False,0.95,7,False,so3_window,0.7523901499901722,0.2410673493030994,True,tracking,False,False,True,0,1.2999999999999998,False,x_w_outside_launch_gate,,False,x_w_outside_launch_gate,0.8540283420854999,2.081335322532811,1.3719205769405938,15.818299728514013,-17.9719230398353,1.7930010683239117,0.21375482521004918,-0.5819146345300795,-0.11911021644415055,-0.4757056500248555,0.8540283420854999,2.081335322532811,1.3719205769405938,0.2760814123298947,-0.313669229960154,0.031293772134028064,0.12390836624517026,-0.13084089343364746,-0.11497174731435689,-0.5819146345300795,-0.11911021644415055,-0.4757056500248555,0.0,0.0,0.0
358112.7307864,1887695,200.0,0.017061019997593088,0.005,vicon_frame_time,1,200.0,False,0.95,7,False,so3_window,0.9048408200331741,0.4119224191280405,True,tracking,False,False,True,0,1.2999999999999998,False,x_w_outside_launch_gate,,False,x_w_outside_launch_gate,0.8547802208557265,2.0808641592925365,1.372528881230588,15.682891015209385,-17.843046355810223,1.6502927087081998,0.21378760770490246,-0.5892351325623163,-0.04853831199452542,-0.49281068746737505,0.8547802208557265,2.0808641592925365,1.372528881230588,0.27371808444683987,-0.31141990749486403,0.02880304138861378,0.11974078109361033,-0.13195834181215885,-0.11812824631502326,-0.5892351325623163,-0.04853831199452542,-0.49281068746737505,0.0,0.0,0.0
358112.7754077,1887696,200.0,0.01685402000137831,0.005,vicon_frame_time,1,200.0,False,0.95,7,False,so3_window,0.8098538845058145,0.18931122354686086,True,tracking,False,False,True,0,1.2999999999999998,False,x_w_outside_launch_gate,,False,x_w_outside_launch_gate,0.8556360024336458,2.0803581684264483,1.3728763251347027,15.572816643955775,-17.753387313410357,1.4973810112147463,0.21248450090940862,-0.5822597352245514,-0.013031695737560287,-0.5062992650256394,0.8556360024336458,2.0803581684264483,1.3728763251347027,0.2717969242464018,-0.30985506200080115,0.02613422880253946,0.12444407383478188,-0.13174031038017392,-0.11094064284588977,-0.5822597352245514,-0.013031695737560287,-0.5062992650256394,0.0,0.0,0.0
358112.7814099,1887705,200.0,0.01786442999710438,0.045,vicon_frame_time,9,200.0,False,0.95,7,False,so3_window,0.7608896922175811,0.1292534157053414,True,tracking,False,False,True,0,1.2999999999999998,False,x_w_outside_launch_gate,,False,x_w_outside_launch_gate,0.8607834524764093,2.0745119699235914,1.3763737242754095,14.241911349474416,-17.093860457033138,0.5537777930405371,0.19120097868240724,-0.6114893268024469,0.10145087771423171,-0.43706281525306845,0.8607834524764093,2.0745119699235914,1.3763737242754095,0.24856824482547735,-0.298344146851691,0.009665245812985113,0.08968956776194784,-0.15061666162655374,-0.07634275947499886,-0.6114893268024469,0.10145087771423171,-0.43706281525306845,0.0,0.0,0.0
358112.7873534,1887706,200.0,0.017823829997184147,0.005,vicon_frame_time,1,200.0,False,0.95,7,False,so3_window,0.8209278325891715,0.0918917608265404,True,tracking,False,False,True,0,1.2999999999999998,False,x_w_outside_launch_gate,,False,x_w_outside_launch_gate,0.8612450940642922,2.0736494761349835,1.3767594220368022,14.101332383085255,-16.990822794213514,0.4317999216411238,0.19432060837768114,-0.6121579160260094,0.12605310515333518,-0.4446784173616759,0.8612450940642922,2.0736494761349835,1.3767594220368022,0.24611467900293604,-0.2965458003819288,0.0075363303424911265,0.0844505162496072,-0.15955590883031373,-0.0719063356233619,-0.6121579160260094,0.12605310515333518,-0.4446784173616759,0.0,0.0,0.0
358112.7935402,1887707,200.0,0.017913219996518855,0.005,vicon_frame_time,1,200.0,False,0.95,7,False,so3_window,0.7809120882185802,0.1150847093155608,True,tracking,False,False,True,0,1.2999999999999998,False,x_w_outside_launch_gate,,False,x_w_outside_launch_gate,0.8617507901753401,2.072733612546147,1.3771154321305465,13.945357535961461,-16.902795792015137,0.33570693533235274,0.19952216313296733,-0.6171695708930837,0.14177233451167598,-0.43485773438374825,0.8617507901753401,2.072733612546147,1.3771154321305465,0.24339240437033105,-0.2950094393629068,0.00585919134332924,0.08265994711467375,-0.1686313868047465,-0.06737864727467995,-0.6171695708930837,0.14177233451167598,-0.43485773438374825,0.0,0.0,0.0
358112.7994574,1887709,200.0,0.017707200000976024,0.01,vicon_frame_time,2,200.0,False,0.95,7,False,so3_window,0.936478932392439,0.2004104683562685,True,tracking,False,False,True,0,1.2999999999999998,False,x_w_outside_launch_gate,,False,x_w_outside_launch_gate,0.8626572747797963,2.0708929059279484,1.3780941806624674,13.555540229526224,-16.649225014044994,0.15786926382750588,0.2096883814634538,-0.6624381081127552,0.20621109223726747,-0.4227080724401132,0.8626572747797963,2.0708929059279484,1.3780941806624674,0.23658880889178047,-0.2905837944004843,0.002755338441489563,0.0735919139944859,-0.1833617237550553,-0.07022767102051655,-0.6624381081127552,0.20621109223726747,-0.4227080724401132,0.0,0.0,0.0
358112.8438681,1887710,200.0,0.017963099999568237,0.005,vicon_frame_time,1,200.0,False,0.95,7,False,so3_window,0.7952477416166449,0.1134775448629298,True,tracking,False,False,True,0,1.2999999999999998,False,x_w_outside_launch_gate,,False,x_w_outside_launch_gate,0.8631538944242969,2.070126526666156,1.378532212172299,13.380182474527807,-16.5537399140955,0.08736779155557498,0.20809185277866343,-0.6657697184628004,0.21671199076196054,-0.40341914448629745,0.8631538944242969,2.070126526666156,1.378532212172299,0.23352823869815253,-0.2889172650197698,0.0015248556228408816,0.07309122259910152,-0.18127912959280276,-0.07139866627536784,-0.6657697184628004,0.21671199076196054,-0.40341914448629745,0.0,0.0,0.0
358112.849882,1887718,200.0,0.018031299998645715,0.04,vicon_frame_time,8,200.0,False,0.95,7,False,so3_window,0.8490067847768431,0.07230607714742092,True,tracking,False,False,True,0,1.2999999999999998,False,x_w_outside_launch_gate,,False,x_w_outside_launch_gate,0.8658577710454289,2.062535652471549,1.3812697502647802,12.146437533599231,-15.673642523852232,-0.8377639522103715,0.21148331081962982,-0.6557453116535598,0.2635704532561396,-0.4421707547728029,0.8658577710454289,2.062535652471549,1.3812697502647802,0.21199532734912596,-0.2735566678218153,-0.01462173932059141,0.05300910101253176,-0.19913162129327364,-0.047558630827512334,-0.6557453116535598,0.2635704532561396,-0.4421707547728029,0.0,0.0,0.0
358112.8557688,1887720,200.0,0.016250444999069517,0.01,vicon_frame_time,2,200.0,False,0.95,7,False,so3_window,0.8640099239777055,0.17092352603423022,True,tracking,False,False,True,0,1.2999999999999998,False,x_w_outside_launch_gate,,False,x_w_outside_launch_gate,0.8663383012602446,2.0608776059400205,1.38165293230048,11.887968419970546,-15.446214564208821,-1.1308440100186046,0.1972875533280495,-0.6357683883385609,0.27010957353721493,-0.4784535519309199,0.8663383012602446,2.0608776059400205,1.38165293230048,0.20748419030159404,-0.269587301114945,-0.019736951301280392,0.048338158579776934,-0.1879447548482108,-0.035532664526182894,-0.6357683883385609,0.27010957353721493,-0.4784535519309199,0.0,0.0,0.0
358112.8620658,1887721,200.0,0.01600064499963199,0.005,vicon_frame_time,1,200.0,False,0.95,7,False,so3_window,0.7768451499010011,0.176667174293099,True,tracking,False,False,True,0,1.2999999999999998,False,x_w_outside_launch_gate,,False,x_w_outside_launch_gate,0.8663735488941833,2.060100947615937,1.382058840701344,11.76535030789641,-15.380985443149697,-1.2751733497318531,0.1907736912248471,-0.6234599884031529,0.24564310948970375,-0.4857182632205816,0.8663735488941833,2.060100947615937,1.382058840701344,0.20534410052332097,-0.26844883818428134,-0.022255973486505987,0.03546000120514425,-0.18342566724899445,-0.038629188088097885,-0.6234599884031529,0.24564310948970375,-0.4857182632205816,0.0,0.0,0.0
358112.8679027,1887722,200.0,0.01626589749864199,0.005,vicon_frame_time,1,200.0,False,0.95,7,False,so3_window,0.8832840675728207,0.07554055925572352,True,tracking,False,False,True,0,1.2999999999999998,False,x_w_outside_launch_gate,,False,x_w_outside_launch_gate,0.8665721578056829,2.0593910216406632,1.382357352806901,11.614468584123546,-15.279980449363155,-1.4159875650281832,0.18369360846492247,-0.6289887572342017,0.24623805167108365,-0.49404036536890417,0.8665721578056829,2.0593910216406632,1.382357352806901,0.2027107176623999,-0.26668596848174975,-0.024713645177039112,0.033767630813135004,-0.1762595869622594,-0.03918733091224457,-0.6289887572342017,0.24623805167108365,-0.49404036536890417,0.0,0.0,0.0
358112.8738486,1887723,200.0,0.016049514999120086,0.005,vicon_frame_time,1,200.0,False,0.95,7,False,so3_window,0.754524753939298,0.2872396201487644,True,tracking,False,False,True,0,1.2999999999999998,False,x_w_outside_launch_gate,,False,x_w_outside_launch_gate,0.8665525355148573,2.058585988503039,1.3825400710999645,11.470417459164002,-15.259338483209099,-1.5423229420557953,0.17810374019778932,-0.6273195830450495,0.20277505199372003,-0.48357308127883547,0.8665525355148573,2.058585988503039,1.3825400710999645,0.20019655124065405,-0.26632569820827623,-0.02691861346791935,0.02450718196948737,-0.17357645399979948,-0.03148896507050635,-0.6273195830450495,0.20277505199372003,-0.48357308127883547,0.0,0.0,0.0
358112.9126324,1887724,200.0,0.01652731499934621,0.005,vicon_frame_time,1,200.0,False,0.95,7,False,so3_window,0.9025205999722031,0.1246348167646738,True,tracking,False,False,True,0,1.2999999999999998,False,x_w_outside_launch_gate,,False,x_w_outside_launch_gate,0.8664924468321273,2.057849666845284,1.3829402189796334,11.29754658130311,-15.187471368538908,-1.6809435979309837,0.17433434989886382,-0.6445156007317939,0.19460722300804867,-0.487515875148113,0.8664924468321273,2.057849666845284,1.3829402189796334,0.19717938524116851,-0.2650713804333731,-0.029338000324215407,0.01311292661654338,-0.1702935486718313,-0.03493742965593271,-0.6445156007317939,0.19460722300804867,-0.487515875148113,0.0,0.0,0.0
358112.9187451,1887732,200.0,0.01801317249761833,0.04,vicon_frame_time,8,200.0,False,0.95,7,False,so3_window,0.8276629389801853,0.11974038924105143,True,tracking,False,False,True,0,1.2999999999999998,False,x_w_outside_launch_gate,,False,x_w_outside_launch_gate,0.8659812534003954,2.0520683258910988,1.3850537609909717,10.123908508495495,-14.891201795612554,-2.8682784172394475,0.156556161270257,-0.645810263507959,0.09030090772164444,-0.5057906485353038,0.8659812534003954,2.0520683258910988,1.3850537609909717,0.17669553664391469,-0.25990050091233075,-0.05006090224472004,-0.014158918102736683,-0.15381263783955976,-0.02551527210662562,-0.645810263507959,0.09030090772164444,-0.5057906485353038,0.0,0.0,0.0
358112.9252842,1887734,200.0,0.017725314997843803,0.01,vicon_frame_time,2,200.0,False,0.95,7,False,so3_window,0.71492943118751,0.2598234366332379,True,tracking,False,False,True,0,1.2999999999999998,False,x_w_outside_launch_gate,,False,x_w_outside_launch_gate,0.865665436155441,2.050848719817957,1.3857096353509126,9.996645028819875,-14.784862761512711,-3.2116537703328127,0.14993676051155963,-0.5657418198489155,0.08770638159783119,-0.5345448517193019,0.865665436155441,2.050848719817957,1.3857096353509126,0.17447436990603027,-0.258044534643898,-0.05605393272639736,-0.024039022813289825,-0.145019137486873,-0.029539927174018897,-0.5657418198489155,0.08770638159783119,-0.5345448517193019,0.0,0.0,0.0
358112.9310625,1887735,200.0,0.017980415001258358,0.005,vicon_frame_time,1,200.0,False,0.95,7,False,so3_window,0.7175602893171054,0.10383022870485478,True,tracking,False,False,True,0,1.2999999999999998,False,x_w_outside_launch_gate,,False,x_w_outside_launch_gate,0.8654507526680986,2.05028968652992,1.3862172863419724,9.880524699087427,-14.726822573074788,-3.3441873246282623,0.14973463038726464,-0.5586458907022632,0.09347975985895951,-0.5247244943190785,0.8654507526680986,2.05028968652992,1.3862172863419724,0.17244768782369757,-0.2570315422571783,-0.05836707961822363,-0.031961177722910586,-0.14115226324099028,-0.03840548447450526,-0.5586458907022632,0.09347975985895951,-0.5247244943190785,0.0,0.0,0.0
358112.937026,1887736,200.0,0.017505782497995656,0.005,vicon_frame_time,1,200.0,False,0.95,7,False,so3_window,0.6343971531632233,0.22224212569363083,True,tracking,False,False,True,0,1.2999999999999998,False,x_w_outside_launch_gate,,False,x_w_outside_launch_gate,0.8653411228872687,2.0496424150842882,1.3864033252552455,9.801547339473029,-14.690040259386278,-3.484888410809223,0.14632323187123625,-0.5322675931853995,0.08545156641800959,-0.5189367669804062,0.8653411228872687,2.0496424150842882,1.3864033252552455,0.17106927286389473,-0.2563895697768124,-0.06082277683321369,-0.029692581033341575,-0.1395998053349586,-0.03226039626637697,-0.5322675931853995,0.08545156641800959,-0.5189367669804062,0.0,0.0,0.0
358112.9812598,1887745,200.0,0.017811039995327835,0.045,vicon_frame_time,9,200.0,False,0.95,7,False,so3_window,0.5002140913816598,0.24005149129724612,True,tracking,False,False,True,0,1.2999999999999998,False,x_w_outside_launch_gate,,False,x_w_outside_launch_gate,0.8624683654265777,2.044427973027544,1.390275857909462,8.990990040941012,-14.266609282687144,-4.213971587196213,0.1559078847561673,-0.4333657215708718,0.10686595487498424,-0.36977798020695984,0.8624683654265777,2.044427973027544,1.390275857909462,0.15692237922844043,-0.24899930507847712,-0.07354767878206525,-0.06976238750217707,-0.13069843568627032,-0.04856332698961522,-0.4333657215708718,0.10686595487498424,-0.36977798020695984,0.0,0.0,0.0
358112.9873387,1887746,200.0,0.016934725001187808,0.005,vicon_frame_time,1,200.0,False,0.95,7,False,so3_window,0.5627589012714665,0.39780987789332495,True,tracking,False,False,True,0,1.2999999999999998,False,x_w_outside_launch_gate,,False,x_w_outside_launch_gate,0.8620220101298037,2.0437441738827964,1.3909710082194104,8.866787870449626,-14.17557903005714,-4.240113963657922,0.16845731577880071,-0.437132462790722,0.13908568685615533,-0.33093056293104284,0.8620220101298037,2.0437441738827964,1.3909710082194104,0.1547546424152424,-0.24741052745116132,-0.07400394932561793,-0.07870251418924612,-0.13695531448087925,-0.05854078351998338,-0.437132462790722,0.13908568685615533,-0.33093056293104284,0.0,0.0,0.0
358112.9933747,1887747,200.0,0.0166371249979374,0.005,vicon_frame_time,1,200.0,False,0.95,7,False,so3_window,0.21517261628848175,0.4532196462497708,True,tracking,False,False,True,0,1.2999999999999998,False,x_w_outside_launch_gate,,False,x_w_outside_launch_gate,0.8616015128877739,2.0432299181615794,1.391534542557364,8.823629973419,-14.142707780808824,-4.260671425727393,0.1692643032841,-0.39230883147350226,0.1330176065400773,-0.29017278016730574,0.8616015128877739,2.0432299181615794,1.391534542557364,0.15400139501382126,-0.24683681592253448,-0.07436274472458404,-0.08368920034071387,-0.13349422740465328,-0.06185315967853512,-0.39230883147350226,0.1330176065400773,-0.29017278016730574,0.0,0.0,0.0
358112.9994261,1887748,200.0,0.016858684997626012,0.005,vicon_frame_time,1,200.0,False,0.95,7,False,so3_window,0.20129106030244734,0.4104049596049756,True,tracking,False,False,True,0,1.2999999999999998,False,x_w_outside_launch_gate,,False,x_w_outside_launch_gate,0.8609629134870387,2.0428761068317853,1.3923065832223682,8.822628250688034,-14.090428310942427,-4.284742526391684,0.17563812100473905,-0.33091952698504773,0.1388201836232299,-0.2598948541536187,0.8609629134870387,2.0428761068317853,1.3923065832223682,0.15398391165397385,-0.2459243670421687,-0.0747828646857549,-0.09966097336516665,-0.12554037119472564,-0.07180567622600181,-0.33091952698504773,0.1388201836232299,-0.2598948541536187,0.0,0.0,0.0
358113.0051302,1887750,200.0,0.01690291499678428,0.01,vicon_frame_time,2,200.0,False,0.95,7,False,so3_window,0.3432681917223061,0.20314187705550674,True,tracking,False,False,True,0,1.2999999999999998,False,x_w_outside_launch_gate,,False,x_w_outside_launch_gate,0.8600126036115947,2.041654662195577,1.3933952996935954,8.670092122811015,-13.963078847062986,-4.271520542189863,0.18087404287716907,-0.31009289431888803,0.1637889839702406,-0.18634374675041182,0.8600126036115947,2.041654662195577,1.3933952996935954,0.15132165399427677,-0.24370169959682286,-0.07455209752778647,-0.10340578396295015,-0.13123387108955994,-0.06928444492516658,-0.31009289431888803,0.1637889839702406,-0.18634374675041182,0.0,0.0,0.0
358113.0497978,1887751,200.0,0.01659821499767863,0.005,vicon_frame_time,1,200.0,False,0.95,7,False,so3_window,0.20244749867017975,0.1851776648120345,True,tracking,False,False,True,0,1.2999999999999998,False,x_w_outside_launch_gate,,False,x_w_outside_launch_gate,0.859371981369959,2.0410989727530087,1.3941372342493308,8.639780582333856,-13.913201592652078,-4.267447770322834,0.19026793319248095,-0.27547297284098293,0.16552393827613543,-0.1573782852903121,0.859371981369959,2.0410989727530087,1.3941372342493308,0.1507926178115988,-0.24283117728549763,-0.0744810142490242,-0.11407895126790348,-0.13234126074107155,-0.0753237677258474,-0.27547297284098293,0.16552393827613543,-0.1573782852903121,0.0,0.0,0.0
358113.0562843,1887759,200.0,0.016759314998374655,0.04,vicon_frame_time,8,200.0,False,0.95,7,False,so3_window,0.1889538014071318,0.174577530556518,True,tracking,False,False,True,0,1.2999999999999998,False,x_w_outside_launch_gate,,False,x_w_outside_launch_gate,0.8537324264371771,2.0370382543984284,1.3999185627599369,8.428857615922627,-13.56047929028272,-4.071965598570376,0.22082748765192006,-0.143158467655385,0.1648560914729536,-0.01676128433439522,0.8537324264371771,2.0370382543984284,1.3999185627599369,0.14711131757964946,-0.23667501176393735,-0.07106920672299477,-0.15693834682345736,-0.12685394740194567,-0.0896839485500249,-0.143158467655385,0.1648560914729536,-0.01676128433439522,0.0,0.0,0.0
358113.0622032,1887761,200.0,0.016527132499361066,0.01,vicon_frame_time,2,200.0,False,0.95,7,False,so3_window,0.16435883846618013,0.13833554713818172,True,tracking,False,False,True,0,1.2999999999999998,False,x_w_outside_launch_gate,,False,x_w_outside_launch_gate,0.852284655089806,2.0360210378608037,1.4013920982037094,8.394558620175232,-13.496742518363003,-4.00316620110457,0.22453052895286763,-0.11015410297656397,0.15367551289087003,0.01760400043799977,0.852284655089806,2.0360210378608037,1.4013920982037094,0.1465126871737299,-0.23556259523934564,-0.0698684307138282,-0.16128436710427907,-0.12665170324393588,-0.09143663065225378,-0.11015410297656397,0.15367551289087003,0.01760400043799977,0.0,0.0,0.0
358113.0682976,1887762,200.0,0.016545232495302223,0.005,vicon_frame_time,1,200.0,False,0.95,7,False,so3_window,0.10778342606252128,0.12369580975488353,True,tracking,False,False,True,0,1.2999999999999998,False,x_w_outside_launch_gate,,False,x_w_outside_launch_gate,0.8512822131578068,2.0355048735447836,1.402316675419334,8.380092773634834,-13.477441766198483,-3.980221135056825,0.2390801155610509,-0.09709706651661466,0.14106441058023775,0.02587444247524316,0.8512822131578068,2.0355048735447836,1.402316675419334,0.1462602105225117,-0.23522573356596332,-0.0694679637642075,-0.17669958233464478,-0.12852222119578424,-0.09704946119556486,-0.09709706651661466,0.14106441058023775,0.02587444247524316,0.0,0.0,0.0
358113.0742584,1887763,200.0,0.016891679999310495,0.005,vicon_frame_time,1,200.0,False,0.95,7,False,so3_window,0.08160032949205168,0.19744111377217308,True,tracking,False,False,True,0,1.2999999999999998,False,x_w_outside_launch_gate,,False,x_w_outside_launch_gate,0.8504400366507459,2.035123385396676,1.40307492900919,8.373538494878261,-13.489255316409983,-3.9595542068893064,0.23875149746004914,-0.0819232175416694,0.11245619655946987,0.034131061687038236,0.8504400366507459,2.035123385396676,1.40307492900919,0.146145816778116,-0.23543191891350368,-0.06910725782141114,-0.1805155443158208,-0.12274225061660776,-0.09669930565080931,-0.0819232175416694,0.11245619655946987,0.034131061687038236,0.0,0.0,0.0
358113.0807404,1887764,200.0,0.016882902500240188,0.005,vicon_frame_time,1,200.0,False,0.95,7,False,so3_window,0.11093215698173557,0.14144816443021427,True,tracking,False,False,True,0,1.2999999999999998,False,x_w_outside_launch_gate,,False,x_w_outside_launch_gate,0.8495042375399722,2.034576823560113,1.4038917911102717,8.389525515308602,-13.482640366428074,-3.9363657954307345,0.2459511850556896,-0.05582121989638204,0.09943243065748147,0.040860281595952286,0.8495042375399722,2.034576823560113,1.4038917911102717,0.14642484292220903,-0.23531646625646463,-0.06870254369315187,-0.18761629522622747,-0.1260379802042498,-0.09698731227287548,-0.05582121989638204,0.09943243065748147,0.040860281595952286,0.0,0.0,0.0
358113.1184288,1887765,200.0,0.016936702498808326,0.005,vicon_frame_time,1,200.0,False,0.95,7,False,so3_window,0.07112297823475876,0.060044364637982024,True,tracking,False,False,True,0,1.2999999999999998,False,x_w_outside_launch_gate,,False,x_w_outside_launch_gate,0.8485415382925217,2.0341312402425356,1.4047593039504103,8.37594059654625,-13.479973869225871,-3.917917410093182,0.25201733108653945,-0.0519187655153473,0.08591604814887731,0.044149823856420585,0.8485415382925217,2.0341312402425356,1.4047593039504103,0.14618774136119006,-0.23526992710079098,-0.06838055862733494,-0.19512937268766758,-0.12447016035166339,-0.09972182441437262,-0.0519187655153473,0.08591604814887731,0.044149823856420585,0.0,0.0,0.0
358113.1242194,1887774,200.0,0.01692975999910677,0.045,vicon_frame_time,9,200.0,False,0.95,7,False,so3_window,0.05866843664970981,0.09410293080169167,True,tracking,False,False,True,0,1.2999999999999998,False,x_w_outside_launch_gate,,False,x_w_outside_launch_gate,0.83846425618658,2.0308064113385385,1.412444632707963,8.420727086015084,-13.584107028975286,-3.8276919102472147,0.2867428186733781,0.00013751788848392205,0.004683321012346683,0.04106369307572193,0.83846425618658,2.0308064113385385,1.412444632707963,0.14696941306283096,-0.2370873935989235,-0.06680582658576517,-0.24657152893995224,-0.10656311575280417,-0.10034055779206412,0.00013751788848392205,0.004683321012346683,0.04106369307572193,0.0,0.0,0.0
358113.1303978,1887775,200.0,0.016614059999915203,0.005,vicon_frame_time,1,200.0,False,0.95,7,False,so3_window,0.13146896143956358,0.15812066469279523,True,tracking,False,False,True,0,1.2999999999999998,False,x_w_outside_launch_gate,,False,x_w_outside_launch_gate,0.8370382080117444,2.030506260007018,1.4135969936012307,8.413118493886987,-13.620667352625283,-3.8311142074627664,0.3052382577169164,-0.004780375915369068,-0.01742233609656862,0.03541855586281013,0.8370382080117444,2.030506260007018,1.4135969936012307,0.14683661807875437,-0.23772549162221068,-0.06686555694015839,-0.264486062893598,-0.10535473616301143,-0.11008131574942512,-0.004780375915369068,-0.01742233609656862,0.03541855586281013,0.0,0.0,0.0
358113.1363422,1887776,200.0,0.01674665499950868,0.005,vicon_frame_time,1,200.0,False,0.95,7,False,so3_window,0.3388086176941553,0.3594413425974862,True,tracking,False,False,True,0,1.2999999999999998,False,x_w_outside_launch_gate,,False,x_w_outside_launch_gate,0.8357470181591315,2.0303262741938504,1.4144967050687944,8.49995662932555,-13.660857315958408,-3.877751687304967,0.3072869110112221,0.04013999528799382,-0.04152461879672839,0.0068720407357257506,0.8357470181591315,2.0303262741938504,1.4144967050687944,0.14835222945845006,-0.23842693880862953,-0.06767953451823727,-0.2702785567003465,-0.09769021140933831,-0.10877210148560652,0.04013999528799382,-0.04152461879672839,0.0068720407357257506,0.0,0.0,0.0
358113.1424196,1887777,200.0,0.016564949997713695,0.005,vicon_frame_time,1,200.0,False,0.95,7,False,so3_window,0.2684954575865444,0.2743015297591975,True,tracking,False,False,True,0,1.2999999999999998,False,x_w_outside_launch_gate,,False,x_w_outside_launch_gate,0.834440412676289,2.029787244913884,1.4155081522690003,8.424988815163736,-13.637737191693455,-3.8687022408913907,0.31593275199708953,-0.00892437132218353,-0.02054570826273084,0.008807723592343242,0.834440412676289,2.029787244913884,1.4155081522690003,0.14704379426830316,-0.23802341651673586,-0.06752159188283757,-0.27552204850535117,-0.10782969764353646,-0.11078745812578655,-0.00892437132218353,-0.02054570826273084,0.008807723592343242,0.0,0.0,0.0
358113.1482743,1887778,200.0,0.01574297999672831,0.005,vicon_frame_time,1,200.0,False,0.95,7,False,so3_window,0.12732880100039218,0.1362328822065205,True,tracking,False,False,True,0,1.2999999999999998,False,x_w_outside_launch_gate,,False,x_w_outside_launch_gate,0.8330976349833925,2.02966232614305,1.4166330469612436,8.448760790430677,-13.631436185256874,-3.901822611483662,0.3229097000185375,0.0018513119930803328,-0.016242541476734547,-0.011721996512128718,0.8330976349833925,2.02966232614305,1.4166330469612436,0.14745869350641394,-0.23791344320822816,-0.06809965139915342,-0.2835240638646894,-0.09859955648308202,-0.11900801249097873,0.0018513119930803328,-0.016242541476734547,-0.011721996512128718,0.0,0.0,0.0
358113.1870155,1887779,200.0,0.015389179998462853,0.005,vicon_frame_time,1,200.0,False,0.95,7,False,so3_window,0.08970210838068421,0.09406571782788611,True,tracking,False,False,True,0,1.2999999999999998,False,x_w_outside_launch_gate,,False,x_w_outside_launch_gate,0.8318231420724187,2.0292722572278974,1.4175731817400725,8.461073569466002,-13.628901213528978,-3.9273242391683625,0.3235652666533036,0.005209978439574199,-0.014196555785240537,-0.024247451084768397,0.8318231420724187,2.0292722572278974,1.4175731817400725,0.1476735920406509,-0.23786919960513142,-0.06854473876686917,-0.28409878937592603,-0.10179622614321703,-0.11670427585378233,0.005209978439574199,-0.014196555785240537,-0.024247451084768397,0.0,0.0,0.0
358113.192874,1887787,200.0,0.015095080000035298,0.04,vicon_frame_time,8,200.0,False,0.95,7,False,so3_window,0.13943155722944434,0.09492284380271279,True,tracking,False,False,True,0,1.2999999999999998,False,x_w_outside_launch_gate,,False,x_w_outside_launch_gate,0.8205242682531559,2.026864497579205,1.4260557114099355,8.511065447335492,-13.399059066300978,-4.15562699530276,0.3536240817373303,0.0008737849157950048,0.050171220351068066,-0.08033742398323881,0.8205242682531559,2.026864497579205,1.4260557114099355,0.14854611490872838,-0.23385769737614925,-0.0725293735527921,-0.3141770521169529,-0.10095945999632133,-0.12708248716846357,0.0008737849157950048,0.050171220351068066,-0.08033742398323881,0.0,0.0,0.0
358113.1993473,1887789,200.0,0.016428369997951976,0.01,vicon_frame_time,2,200.0,False,0.95,7,False,so3_window,0.26391463740902205,0.21351371772177993,True,tracking,False,False,True,0,1.2999999999999998,False,x_w_outside_launch_gate,,False,x_w_outside_launch_gate,0.8173751487705605,2.0262395361408414,1.4282107901402974,8.51761186556307,-13.264873892612846,-4.226554259024733,0.36658702189935866,-0.004457845512913221,0.09865038928485634,-0.10210565773961197,0.8173751487705605,2.0262395361408414,1.4282107901402974,0.1486603714610122,-0.23151572428793088,-0.07376728783417086,-0.32832470340150327,-0.1028912766566378,-0.12650027252667473,-0.004457845512913221,0.09865038928485634,-0.10210565773961197,0.0,0.0,0.0
358113.2054696,1887790,200.0,0.016321969999039156,0.005,vicon_frame_time,1,200.0,False,0.95,7,False,so3_window,0.2768652437124351,0.18201270990461968,True,tracking,False,False,True,0,1.2999999999999998,False,x_w_outside_launch_gate,,False,x_w_outside_launch_gate,0.8157318385831833,2.0259308482706615,1.429507362506651,8.507660847453339,-13.187797450937882,-4.240290567264286,0.3790853016507994,-0.011332883450681959,0.12540554725249,-0.09941943986785136,0.8157318385831833,2.0259308482706615,1.429507362506651,0.1484866934310718,-0.2301704866049814,-0.07400703164001987,-0.3382764013606091,-0.10486229137288564,-0.135198528313816,-0.011332883450681959,0.12540554725249,-0.09941943986785136,0.0,0.0,0.0
358113.2113096,1887791,200.0,0.0162219624994508,0.005,vicon_frame_time,1,200.0,False,0.95,7,False,so3_window,0.1644744184448744,0.09306563811388292,True,tracking,False,False,True,0,1.2999999999999998,False,x_w_outside_launch_gate,,False,x_w_outside_launch_gate,0.8142035051623258,2.0256854833009683,1.4306432341440136,8.498248974819093,-13.141795294310993,-4.242614819164348,0.38013420449523333,-0.015227817759607791,0.1307789830256181,-0.08810838871569175,0.8142035051623258,2.0256854833009683,1.4306432341440136,0.14832242526482586,-0.22936759750882407,-0.07404759748832168,-0.3396661213267067,-0.1023245621521788,-0.13659657181078785,-0.015227817759607791,0.1307789830256181,-0.08810838871569175,0.0,0.0,0.0
358113.2555346,1887792,200.0,0.015990167497477326,0.005,vicon_frame_time,1,200.0,False,0.95,7,False,so3_window,0.36945618768586963,0.18639044097058047,True,tracking,False,False,True,0,1.2999999999999998,False,x_w_outside_launch_gate,,False,x_w_outside_launch_gate,0.8126677309800008,2.0253001285429413,1.4316216772972654,8.493240531740087,-13.039365849748526,-4.267687579421013,0.37813935451116815,-0.018907577176125085,0.1658222253803282,-0.09627954403913817,0.8126677309800008,2.0253001285429413,1.4316216772972654,0.14823501144269846,-0.22757986645022,-0.07448519970736367,-0.3388305887663703,-0.10569421425938541,-0.1304298149138029,-0.018907577176125085,0.1658222253803282,-0.09627954403913817,0.0,0.0,0.0
358113.2616313,1887800,200.0,0.016994567494805036,0.04,vicon_frame_time,8,200.0,False,0.95,7,False,so3_window,0.37050315553792906,0.1341659269738835,True,tracking,False,False,True,0,1.2999999999999998,False,x_w_outside_launch_gate,,False,x_w_outside_launch_gate,0.8000606563846624,2.022362656634738,1.4396010538132484,8.360978270626694,-12.223777070023399,-4.436708314619542,0.37980388694999395,-0.05458810058154448,0.2799235988254834,-0.11385763391539057,0.8000606563846624,2.022362656634738,1.4396010538132484,0.1459265995101373,-0.21334515690169376,-0.07743516804071948,-0.3428151545938869,-0.11427995598802855,-0.11691387420861343,-0.05458810058154448,0.2799235988254834,-0.11385763391539057,0.0,0.0,0.0
358113.2681827,1887802,200.0,0.017133762496429727,0.01,vicon_frame_time,2,200.0,False,0.95,7,False,so3_window,0.2531653126146286,0.10727739686359386,True,tracking,False,False,True,0,1.2999999999999998,False,x_w_outside_launch_gate,,False,x_w_outside_launch_gate,0.7963104423534579,2.021736561751241,1.4416715177003396,8.287828532842708,-12.105090746511001,-4.464197134361268,0.40047335269634265,-0.07923852010659693,0.25570059923076693,-0.10275742193918751,0.7963104423534579,2.021736561751241,1.4416715177003396,0.14464989573883624,-0.21127368977931527,-0.07791493845269981,-0.3668829232817132,-0.11212802146826056,-0.11490488947702418,-0.07923852010659693,0.25570059923076693,-0.10275742193918751,0.0,0.0,0.0
358113.2741038,1887803,200.0,0.01744536249714368,0.005,vicon_frame_time,1,200.0,False,0.95,7,False,so3_window,0.16850572315640375,0.12137414489442833,True,tracking,False,False,True,0,1.2999999999999998,False,x_w_outside_launch_gate,,False,x_w_outside_launch_gate,0.7944040745470096,2.021441785486543,1.4426494304585078,8.25815842449641,-12.069613419957802,-4.473148569912735,0.4073860686737062,-0.08438421634271637,0.23277515239287497,-0.09363992154395877,0.7944040745470096,2.021441785486543,1.4426494304585078,0.14413205465876988,-0.21065449362115674,-0.07807117047585299,-0.37597097468939383,-0.11029372192048661,-0.11155505387677961,-0.08438421634271637,0.23277515239287497,-0.09363992154395877,0.0,0.0,0.0
358113.2801202,1887805,200.0,0.017506739996626657,0.01,vicon_frame_time,2,200.0,False,0.95,7,False,so3_window,0.3758289077994593,0.1245450678017902,True,tracking,False,False,True,0,1.2999999999999998,False,x_w_outside_launch_gate,,False,x_w_outside_launch_gate,0.7906451336333591,2.0206327958193677,1.4442372947311495,8.157503942792589,-11.88048860042353,-4.48235439131972,0.40996689169551,-0.11242223467556214,0.25994213356715085,-0.08446651025813737,0.7906451336333591,2.0206327958193677,1.4442372947311495,0.14237530254614983,-0.20735364282304358,-0.07823184236975544,-0.38252333941119826,-0.11422882155708797,-0.09327659630294305,-0.11242223467556214,0.25994213356715085,-0.08446651025813737,0.0,0.0,0.0
358113.2859563,1887806,200.0,0.017518639996289657,0.005,vicon_frame_time,1,200.0,False,0.95,7,False,so3_window,0.21418745161842734,0.07843509923748965,True,tracking,False,False,True,0,1.2999999999999998,False,x_w_outside_launch_gate,,False,x_w_outside_launch_gate,0.7886948509806695,2.0203939358037677,1.445119078459795,8.116878847296638,-11.84008530153575,-4.49749874794876,0.4143279239190111,-0.11913103449983999,0.23866604210456524,-0.08225146898686701,0.7886948509806695,2.0203939358037677,1.445119078459795,0.14166626087080836,-0.20664847222878446,-0.07849616125602843,-0.38923894925768054,-0.10903740545192728,-0.09094785941475832,-0.11913103449983999,0.23866604210456524,-0.08225146898686701,0.0,0.0,0.0
358113.2920274,1887807,200.0,0.017457434997222424,0.005,vicon_frame_time,1,200.0,False,0.95,7,False,so3_window,0.3689647753277022,0.11022705600377818,True,tracking,False,False,True,0,1.2999999999999998,False,x_w_outside_launch_gate,,False,x_w_outside_launch_gate,0.7867383335317282,2.019924158242086,1.4459376494649678,8.047300111672932,-11.761926171252782,-4.503885924446964,0.41851684073045664,-0.1405160476272245,0.24339670590413257,-0.07853683060102486,0.7867383335317282,2.019924158242086,1.4459376494649678,0.14045188284480004,-0.20528433806485147,-0.07860763851582808,-0.39329996725739785,-0.11473984507955994,-0.08547660312302272,-0.1405160476272245,0.24339670590413257,-0.07853683060102486,0.0,0.0,0.0
358113.2980552,1887808,200.0,0.018008634999741605,0.005,vicon_frame_time,1,200.0,False,0.95,7,False,so3_window,0.2024380119004766,0.0889657073109416,True,tracking,False,False,True,0,1.2999999999999998,False,x_w_outside_launch_gate,,False,x_w_outside_launch_gate,0.7849406251232987,2.019486697620236,1.4465904316790463,8.001386746226036,-11.726319601697316,-4.503189272249592,0.4122918267386787,-0.143725670154703,0.22339731058497414,-0.06794564619079549,0.7849406251232987,2.019486697620236,1.4465904316790463,0.13965054344708028,-0.20466288619076822,-0.0785954796412427,-0.3882428473144726,-0.11636199037454403,-0.07557730546098004,-0.143725670154703,0.22339731058497414,-0.06794564619079549,0.0,0.0,0.0
358113.3038344,1887809,200.0,0.017209607498717663,0.005,vicon_frame_time,1,200.0,False,0.95,7,False,so3_window,0.43643096571841045,0.18092893818944847,True,tracking,False,False,True,0,1.2999999999999998,False,x_w_outside_launch_gate,,False,x_w_outside_launch_gate,0.7829673892726392,2.01909292762266,1.4472500794802254,7.943450891364717,-11.622387620246649,-4.531604300342506,0.4143959458504263,-0.15682276136067982,0.24380074451148212,-0.08104102240985755,0.7829673892726392,2.01909292762266,1.4472500794802254,0.1386393720247927,-0.20284893091633238,-0.07909141543851073,-0.39198298803081005,-0.11637356139907298,-0.06730922105479631,-0.15682276136067982,0.24380074451148212,-0.08104102240985755,0.0,0.0,0.0
358113.309667,1887811,200.0,0.01641865499756813,0.01,vicon_frame_time,2,200.0,False,0.95,7,False,so3_window,0.3551989165900188,0.0820326545060483,True,tracking,False,False,True,0,1.2999999999999998,False,x_w_outside_launch_gate,,False,x_w_outside_launch_gate,0.7788800637377711,2.0184478739868745,1.4489026175877162,7.806677246137262,-11.48443138582903,-4.5707647458781775,0.4266071249967584,-0.18514417264104865,0.23951398958662695,-0.0864576843979708,0.7788800637377711,2.0184478739868745,1.4489026175877162,0.136252221585619,-0.20044114040209182,-0.0797748941496561,-0.40570859940180165,-0.11283835478955334,-0.06827647587430952,-0.18514417264104865,0.23951398958662695,-0.0864576843979708,0.0,0.0,0.0
358113.3159871,1887812,200.0,0.01652525499800385,0.005,vicon_frame_time,1,200.0,False,0.95,7,False,so3_window,0.28402923394477964,0.13407797318891046,True,tracking,False,False,True,0,1.2999999999999998,False,x_w_outside_launch_gate,,False,x_w_outside_launch_gate,0.7766703633376015,2.0182458717123817,1.44982746708597,7.7421408081340255,-11.451582361255564,-4.597194775819694,0.4383556807035328,-0.1948901701725499,0.21649059150376482,-0.08956426714761354,0.7766703633376015,2.0182458717123817,1.44982746708597,0.13512584825495333,-0.19986781676721632,-0.08023618519353626,-0.41887839254834197,-0.10735910369766566,-0.0719070087989246,-0.1948901701725499,0.21649059150376482,-0.08956426714761354,0.0,0.0,0.0
358113.3220628,1887813,200.0,0.016245577499493964,0.005,vicon_frame_time,1,200.0,False,0.95,7,False,so3_window,0.4020747408431599,0.0639970582555234,True,tracking,False,False,True,0,1.2999999999999998,False,x_w_outside_launch_gate,,False,x_w_outside_launch_gate,0.7747306940185221,2.0178807644940178,1.4503835854574423,7.671450936370605,-11.372794310115287,-4.630734744900811,0.43157059273967546,-0.20739564619679637,0.22326713488592165,-0.09973848135321668,0.7747306940185221,2.0178807644940178,1.4503835854574423,0.13389207724486907,-0.1984927058635888,-0.08082156808501884,-0.413487354862756,-0.10760504410890522,-0.06084848698691421,-0.20739564619679637,0.22326713488592165,-0.09973848135321668,0.0,0.0,0.0
358113.3280759,1887814,200.0,0.016704777499971686,0.005,vicon_frame_time,1,200.0,False,0.95,7,False,so3_window,0.35553090158352657,0.12088437081669011,True,tracking,False,False,True,0,1.2999999999999998,False,x_w_outside_launch_gate,,False,x_w_outside_launch_gate,0.772504912496327,2.0175547211970812,1.4511022696960911,7.593459833546437,-11.331029768682008,-4.668134000609868,0.4404767554462397,-0.22248649865480194,0.20730426459729157,-0.10748626645113514,0.772504912496327,2.0175547211970812,1.4511022696960911,0.1325308757133259,-0.1977637771049925,-0.08147430823493718,-0.42330333801400866,-0.10776282300892762,-0.05675588156121761,-0.22248649865480194,0.20730426459729157,-0.10748626645113514,0.0,0.0,0.0
358113.3341201,1887815,200.0,0.01653611999783663,0.005,vicon_frame_time,1,200.0,False,0.95,7,False,so3_window,0.43982942365809985,0.3844591540154103,True,tracking,False,False,True,0,1.2999999999999998,False,x_w_outside_launch_gate,,False,x_w_outside_launch_gate,0.7705455135098576,2.0174922618126456,1.451702396047612,7.624410419364218,-11.2766699037398,-4.783746743290679,0.4330599129477567,-0.1805811178493985,0.19536652520539338,-0.1591370308555496,0.7705455135098576,2.0174922618126456,1.451702396047612,0.13307106534126723,-0.1968150184808115,-0.0834921312519783,-0.419124425672704,-0.0956732656525057,-0.05217499637019343,-0.1805811178493985,0.19536652520539338,-0.1591370308555496,0.0,0.0,0.0
358113.340083,1887817,200.0,0.015738052498883486,0.01,vicon_frame_time,2,200.0,False,0.95,7,False,so3_window,0.5066639049020173,0.2271090009027794,True,tracking,False,False,True,0,1.2999999999999998,False,x_w_outside_launch_gate,,False,x_w_outside_launch_gate,0.7658477779612376,2.0168247367970236,1.4532860497900548,7.361615978185521,-11.189865326247169,-4.834028456505576,0.4595699445904409,-0.2680445129057766,0.17865995449329908,-0.1431250384319599,0.7658477779612376,2.0168247367970236,1.4532860497900548,0.12848443708676038,-0.19529999279776256,-0.08436971270112181,-0.4448152326019722,-0.10288402977097437,-0.05252446319763332,-0.2680445129057766,0.17865995449329908,-0.1431250384319599,0.0,0.0,0.0
358113.3462652,1887818,200.0,0.015859552496359834,0.005,vicon_frame_time,1,200.0,False,0.95,7,False,so3_window,0.4603068791741336,0.17303460272703514,True,tracking,False,False,True,0,1.2999999999999998,False,x_w_outside_launch_gate,,False,x_w_outside_launch_gate,0.7637182506459772,2.0165929630597232,1.453708847734283,7.267923735969373,-11.163866738491146,-4.906778753880599,0.45372491823867966,-0.2860832657543602,0.15859810261115878,-0.16238125662042288,0.7637182506459772,2.0165929630597232,1.453708847734283,0.1268491989765126,-0.19484623184055128,-0.08563944492212094,-0.4411398055212822,-0.09864632394314579,-0.039126412918204165,-0.2860832657543602,0.15859810261115878,-0.16238125662042288,0.0,0.0,0.0
358113.3520202,1887819,200.0,0.015279094997222936,0.005,vicon_frame_time,1,200.0,False,0.95,7,False,so3_window,0.4391196904532145,0.15300489901233255,True,tracking,False,False,True,0,1.2999999999999998,False,x_w_outside_launch_gate,,False,x_w_outside_launch_gate,0.7613361881782148,2.016487910229067,1.4545489498622584,7.184906298090104,-11.14122183541939,-4.983879424907032,0.46491608977587695,-0.29537672673866305,0.13969802062127198,-0.1806344722800568,0.7613361881782148,2.016487910229067,1.4545489498622584,0.1254002713489495,-0.19445100372315416,-0.0869851054870292,-0.4532960354928177,-0.09292168476433424,-0.04511358154196045,-0.29537672673866305,0.13969802062127198,-0.1806344722800568,0.0,0.0,0.0
358113.3579339,1887820,200.0,0.015582495000981661,0.005,vicon_frame_time,1,200.0,False,0.95,7,False,so3_window,0.5435807495412821,0.09474613437376328,True,tracking,False,False,True,0,1.2999999999999998,False,x_w_outside_launch_gate,,False,x_w_outside_launch_gate,0.758875652778011,2.0163582728289,1.455213689151088,7.085834471093843,-11.082819746899528,-5.071503108249344,0.4747924518264496,-0.31361050079180386,0.14391563246667669,-0.2043845175563841,0.758875652778011,2.0163582728289,1.455213689151088,0.12367114177189853,-0.19343169498844137,-0.08851442726407743,-0.4644946712687653,-0.08906431244755642,-0.0417147566520186,-0.31361050079180386,0.14391563246667669,-0.2043845175563841,0.0,0.0,0.0
358113.3639049,1887821,200.0,0.01567291250031586,0.005,vicon_frame_time,1,200.0,False,0.95,7,False,so3_window,0.4048021348328194,0.21455499863079452,True,tracking,False,False,True,0,1.2999999999999998,False,x_w_outside_launch_gate,,False,x_w_outside_launch_gate,0.7563763448069039,2.016344348454343,1.4557664689174474,7.0475715876608165,-11.07474079296667,-5.173572459015245,0.482416674440244,-0.2950123459254905,0.11742367296282263,-0.2287319953342114,0.7563763448069039,2.016344348454343,1.4557664689174474,0.12300332847468542,-0.19329069064219606,-0.09029587350031543,-0.47438675091710847,-0.08077669850641897,-0.03403209236436608,-0.2950123459254905,0.11742367296282263,-0.2287319953342114,0.0,0.0,0.0
358113.36994,1887822,200.0,0.01542282749690028,0.005,vicon_frame_time,1,200.0,False,0.95,7,False,so3_window,0.5823140208417482,0.15661204807335405,True,tracking,False,False,True,0,1.2999999999999998,False,x_w_outside_launch_gate,,False,x_w_outside_launch_gate,0.7538299296572082,2.0161684119806664,1.4567428047410549,6.908865695442116,-11.051197191660327,-5.240465458659075,0.49634931845557845,-0.334008850382888,0.10680801457777984,-0.23018481599261523,0.7538299296572082,2.0161684119806664,1.4567428047410549,0.12058245396355272,-0.19287977728162353,-0.09146337659063564,-0.48711399054625043,-0.08372678772775616,-0.04552396250565115,-0.334008850382888,0.10680801457777984,-0.23018481599261523,0.0,0.0,0.0
358113.3757612,1887824,200.0,0.015313884999255687,0.01,vicon_frame_time,2,200.0,False,0.95,7,False,so3_window,0.4930498991466926,0.05821128652052547,True,tracking,False,False,True,0,1.2999999999999998,False,x_w_outside_launch_gate,,False,x_w_outside_launch_gate,0.7487043148174992,2.016084566920591,1.4579507195142805,6.736428010373174,-10.996793665493657,-5.4270305586211025,0.5078379352632886,-0.3426657929888473,0.09184540422317845,-0.2593536872893946,0.7487043148174992,2.016084566920591,1.4579507195142805,0.11757284860458261,-0.19193025662532026,-0.09471955185428538,-0.5011704548561491,-0.07480176042583239,-0.03364877871419947,-0.3426657929888473,0.09184540422317845,-0.2593536872893946,0.0,0.0,0.0
358113.3817362,1887825,200.0,0.015088585000836327,0.005,vicon_frame_time,1,200.0,False,0.95,7,False,so3_window,0.6889434738325767,0.3072979906295459,True,tracking,False,False,True,0,1.2999999999999998,False,x_w_outside_launch_gate,,False,x_w_outside_launch_gate,0.7461934923937905,2.015996780490028,1.4584911339445152,6.570577602884486,-10.921640087327019,-5.477924939572697,0.5090239211547304,-0.3876737113489119,0.11659899229597216,-0.25006695030258186,0.7461934923937905,2.015996780490028,1.4584911339445152,0.11467821292813074,-0.19061857924165748,-0.09560782637265497,-0.5029635208216767,-0.07323425624285129,-0.027745139086987752,-0.3876737113489119,0.11659899229597216,-0.25006695030258186,0.0,0.0,0.0
358113.3877262,1887826,200.0,0.01520117249848092,0.005,vicon_frame_time,1,200.0,False,0.95,7,False,so3_window,0.4725495426606499,0.17839821293024405,True,tracking,False,False,True,0,1.2999999999999998,False,x_w_outside_launch_gate,,False,x_w_outside_launch_gate,0.7434005921140314,2.016106635867136,1.4593559374061305,6.5304303262587,-10.906399049229993,-5.598932358610221,0.5255314877148353,-0.35974598175713995,0.0980881610780277,-0.2780765593449383,0.7434005921140314,2.016106635867136,1.4593559374061305,0.11397751076530183,-0.1903525729454425,-0.09771980425420024,-0.5201194490657765,-0.06658167418320787,-0.03501405355342935,-0.35974598175713995,0.0980881610780277,-0.2780765593449383,0.0,0.0,0.0
358113.3934421,1887827,200.0,0.014751069999199342,0.005,vicon_frame_time,1,200.0,False,0.95,7,False,so3_window,0.5425700929233281,0.23394116566661036,True,tracking,False,False,True,0,1.2999999999999998,False,x_w_outside_launch_gate,,False,x_w_outside_launch_gate,0.740686488609791,2.016148364965263,1.4601921872183392,6.453927390075197,-10.814132593286235,-5.684527996205847,0.5348688944599129,-0.3536782012675249,0.12954614106355714,-0.28639215969627646,0.740686488609791,2.016148364965263,1.4601921872183392,0.11264228264145659,-0.18874221950007763,-0.09921372995558775,-0.5294685492950713,-0.06401113646188841,-0.04062467202328768,-0.3536782012675249,0.12954614106355714,-0.28639215969627646,0.0,0.0,0.0
358113.3994474,1887829,200.0,0.014192697499310215,0.01,vicon_frame_time,2,200.0,False,0.95,7,False,so3_window,0.5244011123885417,0.034032979571096036,True,tracking,False,False,True,0,1.2999999999999998,False,x_w_outside_launch_gate,,False,x_w_outside_launch_gate,0.7350126655238398,2.016254331659896,1.4618323725033024,6.263532098117709,-10.759928162826423,-5.87771116299737,0.5568541168621223,-0.3660425446079636,0.10815086114889255,-0.3021730936706783,0.7350126655238398,2.016254331659896,1.4618323725033024,0.10931925791650254,-0.18779617371938562,-0.1025854122755292,-0.551720092122748,-0.060785038906160896,-0.04468362630245194,-0.3660425446079636,0.10815086114889255,-0.3021730936706783,0.0,0.0,0.0
358113.4054016,1887830,200.0,0.014448297499256059,0.005,vicon_frame_time,1,200.0,False,0.95,7,False,so3_window,0.6283827401672051,0.18667532541654092,True,tracking,False,False,True,0,1.2999999999999998,False,x_w_outside_launch_gate,,False,x_w_outside_launch_gate,0.7323216003687407,2.0162722693574398,1.4624276688545366,6.173360605660612,-10.688215508814057,-6.000268251596989,0.5554255346211343,-0.37076290732565353,0.12401330490034786,-0.3259745097566259,0.7323216003687407,2.0162722693574398,1.4624276688545366,0.10774546848168898,-0.1865445517915263,-0.10472443699325096,-0.5508466770339672,-0.06022621628913774,-0.03792447470042386,-0.37076290732565353,0.12401330490034786,-0.3259745097566259,0.0,0.0,0.0
358113.4112946,1887831,200.0,0.01521999749757274,0.005,vicon_frame_time,1,200.0,False,0.95,7,False,so3_window,0.5886464836158452,0.045300377283161754,True,tracking,False,False,True,0,1.2999999999999998,False,x_w_outside_launch_gate,,False,x_w_outside_launch_gate,0.729410759511965,2.0163149914551983,1.4631601805091312,6.064064840083387,-10.618874848391997,-6.090027613248685,0.5653883078119563,-0.382209170762574,0.13798588807719084,-0.3269727643524855,0.729410759511965,2.0163149914551983,1.4631601805091312,0.10583789751387851,-0.18533432896165403,-0.10629103338856138,-0.5609623944255044,-0.06013116651785222,-0.037005046467671235,-0.382209170762574,0.13798588807719084,-0.3269727643524855,0.0,0.0,0.0
358113.4173408,1887832,200.0,0.015321357498768885,0.005,vicon_frame_time,1,200.0,False,0.95,7,False,so3_window,0.550640760897727,0.11600389369881567,True,tracking,False,False,True,0,1.2999999999999998,False,x_w_outside_launch_gate,,False,x_w_outside_launch_gate,0.7264877739178544,2.016470574771714,1.4640985404578124,5.993411511827465,-10.561003967648828,-6.206317057888092,0.5761184041807941,-0.37204505570747326,0.14148555906082902,-0.34214839162504357,0.7264877739178544,2.016470574771714,1.4640985404578124,0.10460476430832033,-0.18432429155165675,-0.10832066708283472,-0.5715228549267755,-0.056559657833165924,-0.04555268420157017,-0.37204505570747326,0.14148555906082902,-0.34214839162504357,0.0,0.0,0.0
358113.42313,1887833,200.0,0.015339452499362603,0.005,vicon_frame_time,1,200.0,False,0.95,7,False,so3_window,0.5392616924477367,0.0,True,tracking,False,False,True,0,1.2999999999999998,False,x_w_outside_launch_gate,,False,x_w_outside_launch_gate,0.7234292606885848,2.0166041600739226,1.4650909064403141,5.908055870257934,-10.503671721673348,-6.307064001417619,0.5909957630885495,-0.3704091048717895,0.1451054658975991,-0.34589599041518354,0.7234292606885848,2.0166041600739226,1.4650909064403141,0.10311502732777988,-0.18332365509182136,-0.11007903295874577,-0.5859372154490013,-0.05563688097198508,-0.053461285208987436,-0.3704091048717895,0.1451054658975991,-0.34589599041518354,0.0,0.0,0.0
358113.4290939,1887834,200.0,0.01561583249736417,0.005,vicon_frame_time,1,200.0,False,0.95,7,False,so3_window,0.6021414976387222,0.11884410724762089,True,tracking,False,False,True,0,1.2999999999999998,False,x_w_outside_launch_gate,,False,x_w_outside_launch_gate,0.7206544217246798,2.016783098371127,1.4657399669130187,5.783656304005915,-10.425407663929029,-6.377563887840662,0.5863441571531064,-0.3884972511648799,0.16210937566320383,-0.3330068885637011,0.7206544217246798,2.016783098371127,1.4657399669130187,0.10094384530862932,-0.181957689598212,-0.1113094880991099,-0.5822470146535119,-0.05015823852724033,-0.04766587524114291,-0.3884972511648799,0.16210937566320383,-0.3330068885637011,0.0,0.0,0.0
358113.4349473,1887836,200.0,0.015588327500067847,0.01,vicon_frame_time,2,200.0,False,0.95,7,False,so3_window,0.6063371333763256,0.10797357711198789,True,tracking,False,False,True,0,1.2999999999999998,False,x_w_outside_launch_gate,,False,x_w_outside_launch_gate,0.7147683232037845,2.0168622311629143,1.4673359519026963,5.6188553391612555,-10.232390322615148,-6.587073477925974,0.5956320078260634,-0.3780366838435032,0.20281200156083826,-0.3503164865629388,0.7147683232037845,2.0168622311629143,1.4673359519026963,0.09806752586162659,-0.1785889014788391,-0.11496612026060227,-0.5908960717456627,-0.05712457506319971,-0.04853971638051777,-0.3780366838435032,0.20281200156083826,-0.3503164865629388,0.0,0.0,0.0
358113.4411119,1887837,200.0,0.01545212749979781,0.005,vicon_frame_time,1,200.0,False,0.95,7,False,so3_window,0.4911881659801049,0.12229834479077582,True,tracking,False,False,True,0,1.2999999999999998,False,x_w_outside_launch_gate,,False,x_w_outside_launch_gate,0.7117329285907896,2.0172158622073537,1.4682343761781056,5.539013496408229,-10.19859222461088,-6.684646179118322,0.6043970820631052,-0.3715477723381561,0.18314781343393427,-0.34944295286287014,0.7117329285907896,2.0172158622073537,1.4682343761781056,0.0966740228247267,-0.17799901338775292,-0.11666908515647334,-0.600235824519361,-0.0467236196647213,-0.05319484124786189,-0.3715477723381561,0.18314781343393427,-0.34944295286287014,0.0,0.0,0.0
358113.4468897,1887838,200.0,0.015261599997069034,0.005,vicon_frame_time,1,200.0,False,0.95,7,False,so3_window,0.5567078847996038,0.0659765890570672,True,tracking,False,False,True,0,1.2999999999999998,False,x_w_outside_launch_gate,,False,x_w_outside_launch_gate,0.7088214482216477,2.017225746464364,1.4688353852558187,5.448857411842419,-10.113123746526274,-6.77001733739332,0.6018812693311321,-0.37083136899863745,0.19743832915317389,-0.3446269588536239,0.7088214482216477,2.017225746464364,1.4688353852558187,0.09510050230834688,-0.17650730703850792,-0.11815909295461324,-0.5979768445393144,-0.05211692731233579,-0.04436870128795817,-0.37083136899863745,0.19743832915317389,-0.3446269588536239,0.0,0.0,0.0
358113.4529466,1887839,200.0,0.015341662495894404,0.005,vicon_frame_time,1,200.0,False,0.95,7,False,so3_window,0.6851334785671679,0.2624969923557686,True,tracking,False,False,True,0,1.2999999999999998,False,x_w_outside_launch_gate,,False,x_w_outside_launch_gate,0.7058529202295749,2.017341272143033,1.4697347938884027,5.363468113904309,-9.960308146304282,-6.8451463625268225,0.6060121799325706,-0.36632082921128756,0.24898835674040276,-0.33841299060241326,0.7058529202295749,2.017341272143033,1.4697347938884027,0.09361017791336046,-0.1738401716662228,-0.11947034180700644,-0.601478053150486,-0.05332241154713531,-0.05129945644668624,-0.36632082921128756,0.24898835674040276,-0.33841299060241326,0.0,0.0,0.0
358113.4588469,1887840,200.0,0.015638202498382853,0.005,vicon_frame_time,1,200.0,False,0.95,7,False,so3_window,0.44321691129203933,0.20962361858075615,True,tracking,False,False,True,0,1.2999999999999998,False,x_w_outside_launch_gate,,False,x_w_outside_launch_gate,0.7027394785237275,2.0175677596105404,1.4705929415486996,5.272540790521773,-9.939691014539859,-6.91704771709654,0.6151647701885888,-0.36539452051778926,0.21561302901725504,-0.3241458706152472,0.7027394785237275,2.0175677596105404,1.4705929415486996,0.09202319674030957,-0.1734803348346161,-0.12072525718089189,-0.6108377979978488,-0.049889784406824664,-0.05306494539862637,-0.36539452051778926,0.21561302901725504,-0.3241458706152472,0.0,0.0,0.0
358113.464673,1887841,200.0,0.015529532497101817,0.005,vicon_frame_time,1,200.0,False,0.95,7,False,so3_window,0.3628615271735083,0.3120571520193103,True,tracking,False,False,True,0,1.2999999999999998,False,x_w_outside_launch_gate,,False,x_w_outside_launch_gate,0.6996441596429124,2.017749096770079,1.471475215554433,5.202744571385954,-9.946676454747138,-6.982655359197738,0.6217221933491902,-0.35169129689867445,0.17219656599067545,-0.3071884898725059,0.6996441596429124,2.017749096770079,1.471475215554433,0.09080502291094605,-0.1736022537659343,-0.12187032655002783,-0.6172973241532399,-0.04930977023856234,-0.055236273002420205,-0.35169129689867445,0.17219656599067545,-0.3071884898725059,0.0,0.0,0.0
358113.4705735,1887843,200.0,0.015621437499143277,0.01,vicon_frame_time,2,200.0,False,0.95,7,False,so3_window,0.5502266153767972,0.10114508534326865,True,tracking,False,False,True,0,1.2999999999999998,False,x_w_outside_launch_gate,,False,x_w_outside_launch_gate,0.6934742867488164,2.0180953450930046,1.473014811379745,5.041891598633126,-9.728408169709228,-7.118351754242165,0.6276475140598837,-0.3426580834285567,0.22742774001711824,-0.29511227968266357,0.6934742867488164,2.0180953450930046,1.473014811379745,0.08799760892478847,-0.1697927535393413,-0.12423867542664002,-0.623563742030257,-0.0489330528070878,-0.0521077525302506,-0.3426580834285567,0.22742774001711824,-0.29511227968266357,0.0,0.0,0.0
358113.4765331,1887844,200.0,0.015484937500226871,0.005,vicon_frame_time,1,200.0,False,0.95,7,False,so3_window,0.3839496979811816,0.16649001362019744,True,tracking,False,False,True,0,1.2999999999999998,False,x_w_outside_launch_gate,,False,x_w_outside_launch_gate,0.6904248263906885,2.0180842329807454,1.4734627210341766,4.942810065358277,-9.703376780202554,-7.14561283556972,0.6243168733890403,-0.34586839938611025,0.2026690472611861,-0.26276578335851425,0.6904248263906885,2.0180842329807454,1.4734627210341766,0.08626830994121804,-0.1693558733761007,-0.12471447105345979,-0.6208083377884295,-0.05525387750983538,-0.03627085814758632,-0.34586839938611025,0.2026690472611861,-0.26276578335851425,0.0,0.0,0.0
358113.4824417,1887845,200.0,0.015306265001220452,0.005,vicon_frame_time,1,200.0,False,0.95,7,False,so3_window,0.2907550906827609,0.14454472245604907,True,tracking,False,False,True,0,1.2999999999999998,False,x_w_outside_launch_gate,,False,x_w_outside_launch_gate,0.6872452437606587,2.0183223630798404,1.474295562409571,4.883291121978966,-9.68847557074169,-7.192807775210272,0.6319526197794437,-0.3274738180346191,0.17520901993972993,-0.24667847071809065,0.6872452437606587,2.0183223630798404,1.474295562409571,0.08522950841194099,-0.1690957982084793,-0.12553817814046742,-0.6285486574121778,-0.051589043681964014,-0.040364210427448324,-0.3274738180346191,0.17520901993972993,-0.24667847071809065,0.0,0.0,0.0
358113.4884844,1887846,200.0,0.015469757498533679,0.005,vicon_frame_time,1,200.0,False,0.95,7,False,so3_window,0.507704916408204,0.30078015255711127,True,tracking,False,False,True,0,1.2999999999999998,False,x_w_outside_launch_gate,,False,x_w_outside_launch_gate,0.6839736490221897,2.018577423089197,1.4751375493131402,4.8150194118912,-9.576328578708615,-7.245002386371686,0.6420304271851156,-0.31769422350261867,0.2084892772699192,-0.24091076193045236,0.6839736490221897,2.018577423089197,1.4751375493131402,0.08403794228494244,-0.16713846395129428,-0.12644914595703227,-0.6386375370925182,-0.0487300536425145,-0.04439084950642458,-0.31769422350261867,0.2084892772699192,-0.24091076193045236,0.0,0.0,0.0
358113.4944741,1887847,200.0,0.015588597501170393,0.005,vicon_frame_time,1,200.0,False,0.95,7,False,so3_window,0.44563832127277675,0.2979205126545017,True,tracking,False,False,True,0,1.2999999999999998,False,x_w_outside_launch_gate,,False,x_w_outside_launch_gate,0.6809078688705839,2.018639240130443,1.4755422861793253,4.760243810470601,-9.469443135377366,-7.280165339300984,0.6361006078718284,-0.29999595935215945,0.2340248248874321,-0.22605297439394817,0.6809078688705839,2.018639240130443,1.4755422861793253,0.08308192769039291,-0.16527296104271016,-0.1270628552603723,-0.6332452477919703,-0.05235475556667427,-0.02972236621383717,-0.29999595935215945,0.2340248248874321,-0.22605297439394817,0.0,0.0,0.0
358113.5004701,1887849,200.0,0.01553984249921741,0.01,vicon_frame_time,2,200.0,False,0.95,7,False,so3_window,0.2551626327032629,0.13939279782571215,True,tracking,False,False,True,0,1.2999999999999998,False,x_w_outside_launch_gate,,False,x_w_outside_launch_gate,0.6743783082923769,2.019154719862857,1.4769439159346835,4.628954892777962,-9.479791275427749,-7.3256125781760435,0.6493409325430506,-0.2828703595619914,0.15745036290699083,-0.18173854026373304,0.6743783082923769,2.019154719862857,1.4769439159346835,0.08079050380527653,-0.16545357015804685,-0.12785605921468246,-0.6470944102621741,-0.0455450038207733,-0.0289503628698074,-0.2828703595619914,0.15745036290699083,-0.18173854026373304,0.0,0.0,0.0
358113.5063086,1887850,200.0,0.015646642501176027,0.005,vicon_frame_time,1,200.0,False,0.95,7,False,so3_window,0.25613371454639544,0.1392915766589714,True,tracking,False,False,True,0,1.2999999999999998,False,x_w_outside_launch_gate,,False,x_w_outside_launch_gate,0.6711647268091894,2.0193751329633907,1.4774420476592847,4.557316926254639,-9.473615953823353,-7.332610130447618,0.6496873775433786,-0.2780726390160158,0.13446715471654563,-0.15573785707718568,0.6711647268091894,2.0193751329633907,1.4774420476592847,0.07954018542001107,-0.1653457904636806,-0.12797818954140183,-0.6478919146634637,-0.04381187855508362,-0.020255240072095143,-0.2780726390160158,0.13446715471654563,-0.15573785707718568,0.0,0.0,0.0
358113.5120324,1887851,200.0,0.01517498999646712,0.005,vicon_frame_time,1,200.0,False,0.95,7,False,so3_window,0.2592170343375039,0.16453415247128175,True,tracking,False,False,True,0,1.2999999999999998,False,x_w_outside_launch_gate,,False,x_w_outside_launch_gate,0.6678498794474446,2.0198400769252696,1.4783688790024971,4.485448575986968,-9.453122618431353,-7.312476948898411,0.6590648483108976,-0.2716123979172258,0.12485174606785632,-0.11920210205598852,0.6678498794474446,2.0198400769252696,1.4783688790024971,0.07828584607986366,-0.16498811428637472,-0.1276267992344664,-0.6574249011087938,-0.03342459789514058,-0.03227646103133648,-0.2716123979172258,0.12485174606785632,-0.11920210205598852,0.0,0.0,0.0
358113.5180202,1887852,200.0,0.015675457497456743,0.005,vicon_frame_time,1,200.0,False,0.95,7,False,so3_window,0.3690706560108376,0.26913609076188577,True,tracking,False,False,True,0,1.2999999999999998,False,x_w_outside_launch_gate,,False,x_w_outside_launch_gate,0.6644910745923314,2.019887834565893,1.4789120142825904,4.468902923731993,-9.36495361831046,-7.365797218777783,0.6634069102820982,-0.24103942043644475,0.15279356683892548,-0.13384966698524797,0.6644910745923314,2.019887834565893,1.4789120142825904,0.07799706997112432,-0.16344927493607386,-0.1285574135019134,-0.6615378514585052,-0.04347220056066736,-0.024219155148719237,-0.24103942043644475,0.15279356683892548,-0.13384966698524797,0.0,0.0,0.0
358113.5237009,1887853,200.0,0.015658902501177564,0.005,vicon_frame_time,1,200.0,False,0.95,7,False,so3_window,0.30552838679914407,0.30096649404722386,True,tracking,False,False,True,0,1.2999999999999998,False,x_w_outside_launch_gate,,False,x_w_outside_launch_gate,0.6612532551333445,2.0199935974880923,1.4793611386204182,4.399818037525303,-9.419659433715498,-7.349757272767353,0.6610299168547785,-0.2395352030477151,0.0963059447821084,-0.09990010982088943,0.6612532551333445,2.0199935974880923,1.4793611386204182,0.07679131124345195,-0.16440407153488001,-0.12827746363218928,-0.659214868154774,-0.047028266350551184,-0.013588625566293616,-0.2395352030477151,0.0963059447821084,-0.09990010982088943,0.0,0.0,0.0
358113.5298366,1887855,200.0,0.015181584997229082,0.01,vicon_frame_time,2,200.0,False,0.95,7,False,so3_window,0.2272773655132362,0.06921189854793597,True,tracking,False,False,True,0,1.2999999999999998,False,x_w_outside_launch_gate,,False,x_w_outside_launch_gate,0.6546024922096918,2.020401223640512,1.4805558589876646,4.285172529118814,-9.355179682592809,-7.333463320092861,0.6673060527274024,-0.22647405541214513,0.1016495239203563,-0.06453401660591665,0.6546024922096918,2.020401223640512,1.4805558589876646,0.07479036964913588,-0.16327868757692254,-0.12799308050985525,-0.6656118681038432,-0.04616144127291992,-0.011284076636817353,-0.22647405541214513,0.1016495239203563,-0.06453401660591665,0.0,0.0,0.0
358113.536193,1887856,200.0,0.015563784997105402,0.005,vicon_frame_time,1,200.0,False,0.95,7,False,so3_window,0.25019013971700366,0.15512419424567392,True,tracking,False,False,True,0,1.2999999999999998,False,x_w_outside_launch_gate,,False,x_w_outside_launch_gate,0.6514203041157716,2.0205586850978605,1.4810248139171207,4.243500190787418,-9.296621807484723,-7.330855790530376,0.6620554254504808,-0.21272590674860126,0.11879330492152147,-0.05481829988022656,0.6514203041157716,2.0205586850978605,1.4810248139171207,0.07406305013824799,-0.16225665985331483,-0.1279475705336468,-0.6603677905781773,-0.04682237646001894,-0.006279538036351798,-0.21272590674860126,0.11879330492152147,-0.05481829988022656,0.0,0.0,0.0
358113.5422381,1887857,200.0,0.015623682499143789,0.005,vicon_frame_time,1,200.0,False,0.95,7,False,so3_window,0.3454245382689907,0.2571312097208344,True,tracking,False,False,True,0,1.2999999999999998,False,x_w_outside_launch_gate,,False,x_w_outside_launch_gate,0.6482587228155303,2.0208813269596093,1.4815927866382,4.161431720137888,-9.323177380517082,-7.267297092117672,0.6583055138008344,-0.2190354492852774,0.08625909498860072,-0.0081558699114034,0.6482587228155303,2.0208813269596093,1.4815927866382,0.07263068511333737,-0.1627201420374833,-0.12683826197806303,-0.6570858955770775,-0.039521626069862245,-0.006505106228533314,-0.2190354492852774,0.08625909498860072,-0.0081558699114034,0.0,0.0,0.0
358113.5479816,1887858,200.0,0.015538579997104379,0.005,vicon_frame_time,1,200.0,False,0.95,7,False,so3_window,0.18837772147355675,0.19795484518236403,True,tracking,False,False,True,0,1.2999999999999998,False,x_w_outside_launch_gate,,False,x_w_outside_launch_gate,0.6449732503706529,2.0209206453555,1.4820123586252565,4.1541115910238435,-9.27578327660826,-7.290892598132487,0.6589245469595131,-0.18900511740562012,0.09840114384625562,-0.02230755457665525,0.6449732503706529,2.0209206453555,1.4820123586252565,0.07250292475862619,-0.16189295887824207,-0.12725008124669568,-0.6572193085338861,-0.04736913105678695,0.0007102809057622922,-0.18900511740562012,0.09840114384625562,-0.02230755457665525,0.0,0.0,0.0
358113.5539099,1887859,200.0,0.015564794996768404,0.005,vicon_frame_time,1,200.0,False,0.95,7,False,so3_window,0.30671740446483475,0.09957066281804038,True,tracking,False,False,True,0,1.2999999999999998,False,x_w_outside_launch_gate,,False,x_w_outside_launch_gate,0.6417431818784278,2.0210722172717976,1.4825591744219238,4.100327661339472,-9.208094982972034,-7.2643383874051315,0.6582504459629667,-0.18631325520006642,0.12237679733723138,-0.006214554416930432,0.6417431818784278,2.0210722172717976,1.4825591744219238,0.0715642181009728,-0.1607115752892332,-0.12678662283923492,-0.656485472505498,-0.04817009080790063,-0.00034110296985050137,-0.18631325520006642,0.12237679733723138,-0.006214554416930432,0.0,0.0,0.0
358113.5596375,1887860,200.0,0.015495632496929476,0.005,vicon_frame_time,1,200.0,False,0.95,7,False,so3_window,0.3766451744843105,0.5426851812124592,True,tracking,False,False,True,0,1.2999999999999998,False,x_w_outside_launch_gate,,False,x_w_outside_launch_gate,0.6385255368114664,2.021729811215627,1.4832095627780764,4.124612518767237,-9.312250538426278,-7.253422604204961,0.6594851244575758,-0.14010867704424934,0.04198727715288483,0.005418939241455308,0.6385255368114664,2.021729811215627,1.4832095627780764,0.07198806882146469,-0.16252943266615327,-0.12659610648195807,-0.6589227736228587,-0.026751463688130535,-0.005076117859731444,-0.14010867704424934,0.04198727715288483,0.005418939241455308,0.0,0.0,0.0
358113.5655384,1887862,200.0,0.015527592501333003,0.01,vicon_frame_time,2,200.0,False,0.95,7,False,so3_window,0.1760006170031236,0.04776252348639577,True,tracking,False,False,True,0,1.2999999999999998,False,x_w_outside_launch_gate,,False,x_w_outside_launch_gate,0.6320134899323753,2.0220992153683164,1.4840640438177004,4.065379947803946,-9.231635522578225,-7.227982642999502,0.6586190324089208,-0.12710600043417655,0.07205737365737697,0.013787500719824009,0.6320134899323753,2.0220992153683164,1.4840640438177004,0.07095426543373407,-0.16112243521305736,-0.12615209539734318,-0.6577520556972788,-0.03333028751919723,0.005509538197943545,-0.12710600043417655,0.07205737365737697,0.013787500719824009,0.0,0.0,0.0
358113.5712542,1887863,200.0,0.015504592497184659,0.005,vicon_frame_time,1,200.0,False,0.95,7,False,so3_window,0.40231987761163746,0.21780868020386634,True,tracking,False,False,True,0,1.2999999999999998,False,x_w_outside_launch_gate,,False,x_w_outside_launch_gate,0.6286697839839932,2.022010712963503,1.4846166024348375,3.964027598098985,-9.192587346501472,-7.16992188695648,0.6623548062608025,-0.15947996220421728,0.08504437102140211,0.04316132893525135,0.6286697839839932,2.022010712963503,1.4846166024348375,0.0691853332267498,-0.16044091597361954,-0.12513874403819525,-0.6606045430623366,-0.0478949039185279,0.0046481438038841055,-0.15947996220421728,0.08504437102140211,0.04316132893525135,0.0,0.0,0.0
358113.5774744,1887864,200.0,0.014698789997597187,0.005,vicon_frame_time,1,200.0,False,0.95,7,False,so3_window,0.2882243600090213,0.1684845013690565,True,tracking,False,False,True,0,1.2999999999999998,False,x_w_outside_launch_gate,,False,x_w_outside_launch_gate,0.6254681717385626,2.0223480600857684,1.4851556708018032,3.893442746849972,-9.188292360466768,-7.11455452657918,0.6600773980481875,-0.16882029647524552,0.07554138233455411,0.06752088146178495,0.6254681717385626,2.0223480600857684,1.4851556708018032,0.06795339517042409,-0.16036595432598677,-0.12417240130147311,-0.6588843748530936,-0.03956309052194485,0.0028833759494370503,-0.16882029647524552,0.07554138233455411,0.06752088146178495,0.0,0.0,0.0
358113.5833144,1887865,200.0,0.01452148250155219,0.005,vicon_frame_time,1,200.0,False,0.95,7,False,so3_window,0.17656832274459636,0.1990978551395514,True,tracking,False,False,True,0,1.2999999999999998,False,x_w_outside_launch_gate,,False,x_w_outside_launch_gate,0.6222965466400279,2.022695366287283,1.4857462847843237,3.87548973252117,-9.197015815248953,-7.065119654973616,0.6574611398794741,-0.14653265749727312,0.05981031656023819,0.0849374521722393,0.6222965466400279,2.022695366287283,1.4857462847843237,0.06764005595972877,-0.16051820733408473,-0.12330960002665536,-0.6566536420178956,-0.03256488070252968,-0.0008206223741058644,-0.14653265749727312,0.05981031656023819,0.0849374521722393,0.0,0.0,0.0
358113.5892002,1887867,200.0,0.014753762499378343,0.01,vicon_frame_time,2,200.0,False,0.95,7,False,so3_window,0.5130754846100265,0.3912061525732645,True,tracking,False,False,True,0,1.2999999999999998,False,x_w_outside_launch_gate,,False,x_w_outside_launch_gate,0.6158986667481616,2.0229662576778447,1.4865082570199002,3.8654035309736092,-8.903214580034797,-7.062956219888058,0.6522494301148745,-0.10815397658955105,0.1937568999449961,0.05061607578686477,0.6158986667481616,2.0229662576778447,1.4865082570199002,0.0674640185337041,-0.15539040843317142,-0.1232718409612592,-0.6509951887901654,-0.039608155831400774,0.008110317433423123,-0.10815397658955105,0.1937568999449961,0.05061607578686477,0.0,0.0,0.0
358113.594985,1887868,200.0,0.014958862500418025,0.005,vicon_frame_time,1,200.0,False,0.95,7,False,so3_window,0.31021153632703663,0.1839427142043674,True,tracking,False,False,True,0,1.2999999999999998,False,x_w_outside_launch_gate,,False,x_w_outside_launch_gate,0.612551326042357,2.0236636263104164,1.4872124525508923,3.8050616051179875,-8.94461430368448,-7.002309927022602,0.6610742590514072,-0.11976121516412115,0.13976158244224038,0.07856978188822929,0.612551326042357,2.0236636263104164,1.4872124525508923,0.0664108532505292,-0.15611296992027413,-0.12221336347162826,-0.6608231883776792,-0.018148949110356586,-0.0015828230839144003,-0.11976121516412115,0.13976158244224038,0.07856978188822929,0.0,0.0,0.0
358113.6009374,1887869,200.0,0.014689852497679517,0.005,vicon_frame_time,1,200.0,False,0.95,7,False,so3_window,0.21519389986386792,0.08614148679206068,True,tracking,False,False,True,0,1.2999999999999998,False,x_w_outside_launch_gate,,False,x_w_outside_launch_gate,0.60953347676951,2.0238416154219805,1.4875558286904287,3.7936857432895064,-8.915034372796466,-6.947635941971153,0.649205926317752,-0.10148099888415416,0.1357210334739095,0.0956887186544964,0.60953347676951,2.0238416154219805,1.4875558286904287,0.06621230700637026,-0.1555967027337659,-0.12125912241729431,-0.6488284787274954,-0.021626035508400265,0.004717472463506317,-0.10148099888415416,0.1357210334739095,0.0956887186544964,0.0,0.0,0.0
358113.6071499,1887870,200.0,0.01481025249769386,0.005,vicon_frame_time,1,200.0,False,0.95,7,False,so3_window,0.29613015627488976,0.2519384479312141,True,tracking,False,False,True,0,1.2999999999999998,False,x_w_outside_launch_gate,,False,x_w_outside_launch_gate,0.6062394015507095,2.024082395051636,1.488059409908989,3.791423319046729,-8.83058285654477,-6.939545615642039,0.6534171618570218,-0.08515700414052445,0.16243397984418237,0.08113039761515606,0.6062394015507095,2.024082395051636,1.488059409908989,0.06617282025425686,-0.15412274571687234,-0.1211179195852905,-0.6529717606708804,-0.023823758581818323,0.003780965841046327,-0.08515700414052445,0.16243397984418237,0.08113039761515606,0.0,0.0,0.0
358113.6129496,1887871,200.0,0.014653357499452475,0.005,vicon_frame_time,1,200.0,False,0.95,7,False,so3_window,0.29237973759725217,0.12544753672058476,True,tracking,False,False,True,0,1.2999999999999998,False,x_w_outside_launch_gate,,False,x_w_outside_launch_gate,0.6032980652584818,2.024556067483079,1.4886214694235842,3.761644693892182,-8.766969697688067,-6.889129976258558,0.6425938922841282,-0.08380205540175766,0.17419958884329922,0.09409418880628277,0.6032980652584818,2.024556067483079,1.4886214694235842,0.06565308519859281,-0.15301248664722866,-0.12023800068355062,-0.6424530789938936,-0.013214862962994574,-0.0025137798234955294,-0.08380205540175766,0.17419958884329922,0.09409418880628277,0.0,0.0,0.0
358113.6188864,1887873,200.0,0.014549664999355803,0.01,vicon_frame_time,2,200.0,False,0.95,7,False,so3_window,0.3430808752387173,0.09919590307838182,True,tracking,False,False,True,0,1.2999999999999998,False,x_w_outside_launch_gate,,False,x_w_outside_launch_gate,0.5971479084922766,2.0250957042796536,1.489552832769208,3.750111187341085,-8.587399076852883,-6.808241307589662,0.6353753603165144,-0.058624358603551516,0.2179581059122196,0.10139447992714103,0.5971479084922766,2.0250957042796536,1.489552832769208,0.06545178753497582,-0.14987838807380438,-0.11882622708772361,-0.6351907231360001,-0.015149829089853035,-0.0022530907336536787,-0.058624358603551516,0.2179581059122196,0.10139447992714103,0.0,0.0,0.0
358113.6250324,1887874,200.0,0.01463286499987334,0.005,vicon_frame_time,1,200.0,False,0.95,7,False,so3_window,0.2053502577748506,0.11639959868616341,True,tracking,False,False,True,0,1.2999999999999998,False,x_w_outside_launch_gate,,False,x_w_outside_launch_gate,0.5941411732173423,2.02552329626589,1.4899793804551729,3.7372884193697327,-8.55709913755859,-6.7575248921093225,0.6303580031616504,-0.05191530912742331,0.20112616353317023,0.1124586644544229,0.5941411732173423,2.02552329626589,1.4899793804551729,0.06522798801465646,-0.14934955436996455,-0.11794105865278226,-0.6303047698036469,-0.008140371003706003,-0.0009185165414617447,-0.05191530912742331,0.20112616353317023,0.1124586644544229,0.0,0.0,0.0
358113.6307522,1887875,200.0,0.014185822497958633,0.005,vicon_frame_time,1,200.0,False,0.95,7,False,so3_window,0.5086117375123902,0.3593677870212038,True,tracking,False,False,True,0,1.2999999999999998,False,x_w_outside_launch_gate,,False,x_w_outside_launch_gate,0.5910538573747433,2.02567472669685,1.490468164773443,3.7875227468454247,-8.42035988026304,-6.756923426645821,0.6291971058729653,-0.013984247589575935,0.24701015428156725,0.08883970360177407,0.5910538573747433,2.02567472669685,1.490468164773443,0.06610474242663233,-0.14696300411342555,-0.11793056110010713,-0.6289895386942147,-0.015938489572842506,-0.0026688578626243298,-0.013984247589575935,0.24701015428156725,0.08883970360177407,0.0,0.0,0.0
358113.6368732,1887876,200.0,0.01551472249963981,0.005,vicon_frame_time,1,200.0,False,0.95,7,False,so3_window,0.4899979993120528,0.18145504683408056,True,tracking,False,False,True,0,1.2999999999999998,False,x_w_outside_launch_gate,,False,x_w_outside_launch_gate,0.5881478225156811,2.026046891458095,1.491070719964497,3.782562561568426,-8.286069447572894,-6.715621059205442,0.6221207241117666,-0.011048342769180448,0.28536951814985617,0.09259780439988012,0.5881478225156811,2.026046891458095,1.491070719964497,0.06601817086203976,-0.14461919390905464,-0.11720969879940402,-0.6219196885568716,-0.011313887702477342,-0.011049538439602893,-0.011048342769180448,0.28536951814985617,0.09259780439988012,0.0,0.0,0.0
358113.6433296,1887877,200.0,0.015130089999340577,0.005,vicon_frame_time,1,200.0,False,0.95,7,False,so3_window,0.15712116661764328,0.25725611611678684,True,tracking,False,False,True,0,1.2999999999999998,False,x_w_outside_launch_gate,,False,x_w_outside_launch_gate,0.5852809827764078,2.0264404190428835,1.491388017012678,3.8095830887369893,-8.269889889814687,-6.687118177136281,0.613035117151131,0.008901311355973524,0.24828488163238796,0.09291520127815754,0.5852809827764078,2.0264404190428835,1.491388017012678,0.06648976802675577,-0.14433680735465737,-0.11671222966098949,-0.6129925450452642,-0.005745609866137156,-0.004379788430599094,0.008901311355973524,0.24828488163238796,0.09291520127815754,0.0,0.0,0.0
358113.6496139,1887879,200.0,0.014605414996907823,0.01,vicon_frame_time,2,200.0,False,0.95,7,False,so3_window,0.355028691779224,0.09834498414597428,True,tracking,False,False,True,0,1.2999999999999998,False,x_w_outside_launch_gate,,False,x_w_outside_launch_gate,0.5796204681444128,2.027169532467994,1.492037756805284,3.7707121056799195,-8.115505625087506,-6.554837106494198,0.5976426993650321,-0.004089931990859313,0.2588579254834873,0.12766962796241604,0.5796204681444128,2.027169532467994,1.492037756805284,0.06581134138892297,-0.1416422936218975,-0.11440348944022194,-0.5976369446394295,0.000808717419582751,0.002494891281178746,-0.004089931990859313,0.2588579254834873,0.12766962796241604,0.0,0.0,0.0
358113.6556628,1887880,200.0,0.01566311499991036,0.005,vicon_frame_time,1,200.0,False,0.95,7,False,so3_window,0.3544781422912702,0.06974264229876728,True,tracking,False,False,True,0,1.2999999999999998,False,x_w_outside_launch_gate,,False,x_w_outside_launch_gate,0.5767353312299348,2.027498771386653,1.4924301302943255,3.745343590226604,-8.026500913553837,-6.509325488404252,0.5950658098478379,-0.014450089663938126,0.26910313082401766,0.12915651029160738,0.5767353312299348,2.027498771386653,1.4924301302943255,0.06536857726791956,-0.14008886835584722,-0.11360916185664216,-0.5950617880399425,0.0009970217002928392,0.0019474116921660567,-0.014450089663938126,0.26910313082401766,0.12915651029160738,0.0,0.0,0.0
358113.6613413,1887881,200.0,0.015332337499955297,0.005,vicon_frame_time,1,200.0,False,0.95,7,False,so3_window,0.2852568180365596,0.035848392151902636,True,tracking,False,False,True,0,1.2999999999999998,False,x_w_outside_launch_gate,,False,x_w_outside_launch_gate,0.5739147275797998,2.0278297337857936,1.4926993867452036,3.737336815626961,-7.958139433830059,-6.464144011964692,0.589526235690387,-0.013045081205329493,0.26563731663062345,0.13101007831279562,0.5739147275797998,2.0278297337857936,1.4926993867452036,0.06522883268869073,-0.13889573545313194,-0.11282059633185959,-0.5894869065503964,0.0019682423515478597,0.006518864545876565,-0.013045081205329493,0.26563731663062345,0.13101007831279562,0.0,0.0,0.0
358113.6677417,1887882,200.0,0.01551543750082315,0.005,vicon_frame_time,1,200.0,False,0.95,7,False,so3_window,0.4202058150426632,0.09524156255891435,True,tracking,False,False,True,0,1.2999999999999998,False,x_w_outside_launch_gate,,False,x_w_outside_launch_gate,0.5713442679582785,2.0280250805511493,1.4927956682590684,3.7489310707529584,-7.855133706867909,-6.404507330126404,0.5727263842342701,0.0006476323166730059,0.2834071928251197,0.13955533334810155,0.5713442679582785,2.0280250805511493,1.4927956682590684,0.06543119061495561,-0.13709794636923212,-0.11177973987881717,-0.5725047091334069,-0.0014105930570090693,0.015870710297949862,0.0006476323166730059,0.2834071928251197,0.13955533334810155,0.0,0.0,0.0
358113.6741157,1887883,200.0,0.015163197494944734,0.005,vicon_frame_time,1,200.0,False,0.95,7,False,so3_window,0.40913547768526387,0.252068623050541,True,tracking,False,False,True,0,1.2999999999999998,False,x_w_outside_launch_gate,,False,x_w_outside_launch_gate,0.5686763414011224,2.028186260435679,1.4929152735454985,3.7804221628961368,-7.742923333054259,-6.421944199602996,0.5640619283413724,0.017484650111179778,0.30065402077576486,0.10197927323290179,0.5686763414011224,2.028186260435679,1.4929152735454985,0.065980813857903,-0.1351395058912903,-0.1120840706624242,-0.5635698539077312,-0.006706548530245717,0.022580987078015133,0.017484650111179778,0.30065402077576486,0.10197927323290179,0.0,0.0,0.0
358113.679905,1887885,200.0,0.015628687499736994,0.01,vicon_frame_time,2,200.0,False,0.95,7,False,so3_window,0.3861911429499688,0.04921170536389696,True,tracking,False,False,True,0,1.2999999999999998,False,x_w_outside_launch_gate,,False,x_w_outside_launch_gate,0.5635609327611637,2.0284146580043365,1.493250141726857,3.83227437032562,-7.556881223634973,-6.320641876367725,0.5437090848412913,0.04609342385357862,0.3110150537127006,0.11718321395980306,0.5635609327611637,2.0284146580043365,1.493250141726857,0.06688580560197455,-0.1318924585345682,-0.11031601158204918,-0.542815689199572,-0.0158727984964582,0.026809527516144953,0.04609342385357862,0.3110150537127006,0.11718321395980306,0.0,0.0,0.0
358113.6863892,1887886,200.0,0.015623387499397947,0.005,vicon_frame_time,1,200.0,False,0.95,7,False,so3_window,0.33432881339793075,0.03805873155571484,True,tracking,False,False,True,0,1.2999999999999998,False,x_w_outside_launch_gate,,False,x_w_outside_launch_gate,0.5609955490505474,2.0287144515582978,1.4935739982233267,3.8174993726185966,-7.476956352363391,-6.268004935987868,0.5384363266300494,0.033820945534493774,0.30759910514857614,0.1248433879769683,0.5609955490505474,2.0287144515582978,1.4935739982233267,0.06662793324501237,-0.13049750637664648,-0.1093973236642447,-0.5379166956445844,-0.011164949945325148,0.020848267899061648,0.033820945534493774,0.30759910514857614,0.1248433879769683,0.0,0.0,0.0
358113.6924049,1887887,200.0,0.015652297498807814,0.005,vicon_frame_time,1,200.0,False,0.95,7,False,so3_window,0.5043542724261462,0.1457245173718619,True,tracking,False,False,True,0,1.2999999999999998,False,x_w_outside_launch_gate,,False,x_w_outside_launch_gate,0.5586726698387721,2.0288515543252768,1.4936513361305013,3.804002736775431,-7.342552414731116,-6.214952509594256,0.5220794447757685,0.0243121116458339,0.3363882179511793,0.12937880766261345,0.5586726698387721,2.0288515543252768,1.4936513361305013,0.06639237251160646,-0.12815171513731816,-0.10847138414750424,-0.521307364789836,-0.012825663201327575,0.02531956628178548,0.0243121116458339,0.3363882179511793,0.12937880766261345,0.0,0.0,0.0
358113.6984159,1887888,200.0,0.015608597497110525,0.005,vicon_frame_time,1,200.0,False,0.95,7,False,so3_window,0.3478447655188743,0.47210519773974036,True,tracking,False,False,True,0,1.2999999999999998,False,x_w_outside_launch_gate,,False,x_w_outside_launch_gate,0.5563335065952253,2.029254994486875,1.4939314684831841,3.7688675360124866,-7.376730788716108,-6.12357387543519,0.5118976363297543,0.0066283498808802285,0.2639612283213706,0.16173912631162612,0.5563335065952253,2.029254994486875,1.4939314684831841,0.06577914757494385,-0.12874824029633425,-0.10687652611545317,-0.5114762241805179,-0.002526606784068705,0.02061257956172987,0.0066283498808802285,0.2639612283213706,0.16173912631162612,0.0,0.0,0.0
358113.7041168,1887889,200.0,0.015405574998355704,0.005,vicon_frame_time,1,200.0,False,0.95,7,False,so3_window,0.25996380921917006,0.12304596869845225,True,tracking,False,False,True,0,1.2999999999999998,False,x_w_outside_launch_gate,,False,x_w_outside_launch_gate,0.5541016118874715,2.029420214218913,1.4939311134998334,3.7879679356987,-7.314926398626058,-6.089032846400247,0.4972677878443727,0.019205682605219224,0.2571589237656765,0.15229962913102132,0.5541016118874715,2.029420214218913,1.4939311134998334,0.06611251243791516,-0.12766955019707593,-0.10627367143176647,-0.49643625610655,-0.004125719508323605,0.02844775718904021,0.019205682605219224,0.2571589237656765,0.15229962913102132,0.0,0.0,0.0
358113.7101374,1887891,200.0,0.015558939997021537,0.01,vicon_frame_time,2,200.0,False,0.95,7,False,so3_window,0.32186784464531326,0.01549587115473064,True,tracking,False,False,True,0,1.2999999999999998,False,x_w_outside_launch_gate,,False,x_w_outside_launch_gate,0.5498915038348913,2.029642679233124,1.4940624684561896,3.7835318604430013,-7.1536020220276635,-5.999229619463773,0.46727607611792915,0.017069053229122808,0.2672502948146579,0.14763549381852914,0.5498915038348913,2.029642679233124,1.4940624684561896,0.06603508831883698,-0.12485390866170665,-0.10470630944280934,-0.46604841712885825,-0.009680901891046962,0.03243584964865885,0.017069053229122808,0.2672502948146579,0.14763549381852914,0.0,0.0,0.0
358113.7158886,1887892,200.0,0.015266639997748155,0.005,vicon_frame_time,1,200.0,False,0.95,7,False,so3_window,0.21966833685061762,0.15865173754896286,True,tracking,False,False,True,0,1.2999999999999998,False,x_w_outside_launch_gate,,False,x_w_outside_launch_gate,0.5479348485595321,2.029761747189255,1.4940745336116117,3.8083708113569648,-7.102492658071239,-5.975098078308478,0.45045862461874914,0.030417612989929517,0.253299191917132,0.13496059188503307,0.5479348485595321,2.029761747189255,1.4940745336116117,0.06646860979502689,-0.12396188198206692,-0.10428513459606892,-0.44894627133091125,-0.010489166266023866,0.0353581015119685,0.030417612989929517,0.253299191917132,0.13496059188503307,0.0,0.0,0.0
358113.7217306,1887893,200.0,0.015093709996966216,0.005,vicon_frame_time,1,200.0,False,0.95,7,False,so3_window,0.3463415185076931,0.07519278415238667,True,tracking,False,False,True,0,1.2999999999999998,False,x_w_outside_launch_gate,,False,x_w_outside_launch_gate,0.5460106660636783,2.0297636026971606,1.4939318293803387,3.7927415748844617,-7.032418971219739,-5.904665089415786,0.4354130510137185,0.021296505986393446,0.25445568807267666,0.15034114867713458,0.5460106660636783,2.0297636026971606,1.4939318293803387,0.06619582815900893,-0.12273886542749679,-0.10305584703787085,-0.432881697123756,-0.015356231428741702,0.044296133517935085,0.021296505986393446,0.25445568807267666,0.15034114867713458,0.0,0.0,0.0
358113.7277932,1887894,200.0,0.015218049998588348,0.005,vicon_frame_time,1,200.0,False,0.95,7,False,so3_window,0.2216203123462626,0.09125732133092167,True,tracking,False,False,True,0,1.2999999999999998,False,x_w_outside_launch_gate,,False,x_w_outside_launch_gate,0.5441904675954041,2.0298515629246907,1.493825870639203,3.8020169314256163,-6.994797096338883,-5.855490927005379,0.41956080611354557,0.026636741145460177,0.2357655265442027,0.1521667588664731,0.5441904675954041,2.0298515629246907,1.493825870639203,0.06635771366994847,-0.12208223984005251,-0.10219759599689882,-0.4164179881452654,-0.015054647598471513,0.048996803583332,0.026636741145460177,0.2357655265442027,0.1521667588664731,0.0,0.0,0.0
358113.7336051,1887895,200.0,0.015113814998913566,0.005,vicon_frame_time,1,200.0,False,0.95,7,False,so3_window,0.433195910430745,0.29450690375840893,True,tracking,False,False,True,0,1.2999999999999998,False,x_w_outside_launch_gate,,False,x_w_outside_launch_gate,0.5423252175692719,2.029731053355367,1.4937646947703647,3.8370175917242872,-6.876249646650844,-5.871570527635387,0.4088863360882329,0.04143090202133,0.26466891257888764,0.11294396673754142,0.5423252175692719,2.029731053355367,1.4937646947703647,0.06696859043253234,-0.1200131965231539,-0.1024782379702982,-0.40495495678109455,-0.024763057543852555,0.05085577449180194,0.04143090202133,0.26466891257888764,0.11294396673754142,0.0,0.0,0.0
358113.7395832,1887896,200.0,0.015130137497984898,0.005,vicon_frame_time,1,200.0,False,0.95,7,False,so3_window,0.411359521318807,0.24966563421286173,True,tracking,False,False,True,0,1.2999999999999998,False,x_w_outside_launch_gate,,False,x_w_outside_launch_gate,0.5406842162750594,2.029813207685082,1.4937006634838548,3.821527412315047,-6.834031713148976,-5.760777800669773,0.39105044246151405,0.033207069214408066,0.24933716161673977,0.15633457541157475,0.5406842162750594,2.029813207685082,1.4937006634838548,0.06669823580011647,-0.11927635458015828,-0.10054454009748515,-0.38710832266052186,-0.021586609294045444,0.05100601313070283,0.033207069214408066,0.24933716161673977,0.15633457541157475,0.0,0.0,0.0
358113.7457922,1887898,200.0,0.015656822500754137,0.01,vicon_frame_time,2,200.0,False,0.95,7,False,so3_window,0.1959673339792185,0.18102158989411132,True,tracking,False,False,True,0,1.2999999999999998,False,x_w_outside_launch_gate,,False,x_w_outside_launch_gate,0.5374024250865723,2.0297762762339167,1.4935333063302232,3.8466254180430015,-6.838550593006761,-5.654377809315455,0.3662135746959647,0.04289692666450205,0.17677805122619106,0.16467945859573033,0.5374024250865723,2.0297762762339167,1.4935333063302232,0.06713627863575367,-0.11935522391217868,-0.09868750992425879,-0.3613729469514562,-0.025330521763156207,0.05366880071720612,0.04289692666450205,0.17677805122619106,0.16467945859573033,0.0,0.0,0.0
358113.7515566,1887899,200.0,0.015220022496218085,0.005,vicon_frame_time,1,200.0,False,0.95,7,False,so3_window,0.233107410924127,0.14470132368597607,True,tracking,False,False,True,0,1.2999999999999998,False,x_w_outside_launch_gate,,False,x_w_outside_launch_gate,0.5358842842347675,2.029483773384236,1.4932431467641836,3.868584297730515,-6.776783339429165,-5.6439805526636055,0.35278869001304114,0.04923989920644061,0.18357274854194547,0.14080683883697157,0.5358842842347675,2.029483773384236,1.4932431467641836,0.06751953338635008,-0.11827718196733539,-0.09850604356250914,-0.34499982946476937,-0.03779497299370503,0.06329705748929232,0.04923989920644061,0.18357274854194547,0.14080683883697157,0.0,0.0,0.0
358113.7575346,1887900,200.0,0.015657244998892705,0.005,vicon_frame_time,1,200.0,False,0.95,7,False,so3_window,0.39951429531470417,0.3500169693452065,True,tracking,False,False,True,0,1.2999999999999998,False,x_w_outside_launch_gate,,False,x_w_outside_launch_gate,0.5345622654813198,2.0296604228271646,1.493218827244327,3.84840782641388,-6.813669619761829,-5.53511617311885,0.3330704624586582,0.036788335994474265,0.13579621862002023,0.18153222541489666,0.5345622654813198,2.0296604228271646,1.493218827244327,0.0671673875304406,-0.11892096900795401,-0.0966060017013124,-0.32705616967649837,-0.026199111368369523,0.05730446232598044,0.036788335994474265,0.13579621862002023,0.18153222541489666,0.0,0.0,0.0
358113.7633142,1887901,200.0,0.015534827500653882,0.005,vicon_frame_time,1,200.0,False,0.95,7,False,so3_window,0.22392882854541013,0.14045094186658172,True,tracking,False,False,True,0,1.2999999999999998,False,x_w_outside_launch_gate,,False,x_w_outside_launch_gate,0.5333166165461578,2.029528432029979,1.4928129093825342,3.8762232964394916,-6.813696869620918,-5.480515236040124,0.31562449388271707,0.050608656372489486,0.11527135073097577,0.18274752566008545,0.5333166165461578,2.029528432029979,1.4928129093825342,0.06765285906537732,-0.11892144460771581,-0.09565303557461435,-0.3064211907023158,-0.029563418332561892,0.06964825427668853,0.050608656372489486,0.11527135073097577,0.18274752566008545,0.0,0.0,0.0
358113.7693228,1887902,200.0,0.015240952497742008,0.005,vicon_frame_time,1,200.0,False,0.95,7,False,so3_window,0.27626610625284737,0.11512937585007531,True,tracking,False,False,True,0,1.2999999999999998,False,x_w_outside_launch_gate,,False,x_w_outside_launch_gate,0.5320943959146147,2.029574261349521,1.4927467901293883,3.8772978074102804,-6.744194868693839,-5.442798033572777,0.2998243007640981,0.045388897392662546,0.1378757933373359,0.17129499089332664,0.5320943959146147,2.029574261349521,1.4927467901293883,0.06767161281966638,-0.11770840585481412,-0.09499474620691783,-0.29195634820736777,-0.02534178922536567,0.06335531381782995,0.045388897392662546,0.1378757933373359,0.17129499089332664,0.0,0.0,0.0
358113.7752668,1887904,200.0,0.01559693000006887,0.01,vicon_frame_time,2,200.0,False,0.95,7,False,so3_window,0.22676203164345415,0.04681905090974308,True,tracking,False,False,True,0,1.2999999999999998,False,x_w_outside_launch_gate,,False,x_w_outside_launch_gate,0.5299246254405259,2.029074337487581,1.4920349559423942,3.9292198977398027,-6.70919595618182,-5.334876834362484,0.270806861322351,0.06532902211476663,0.11885304517846666,0.17460604556422984,0.5299246254405259,2.029074337487581,1.4920349559423942,0.06857782425043446,-0.11709755959686197,-0.09311116594799751,-0.25632432776631797,-0.039952453726998786,0.07770454668550772,0.06532902211476663,0.11885304517846666,0.17460604556422984,0.0,0.0,0.0
358113.7809907,1887905,200.0,0.015284429999777832,0.005,vicon_frame_time,1,200.0,False,0.95,7,False,so3_window,0.8444477179506616,0.7445999158003117,True,tracking,False,False,True,0,1.2999999999999998,False,x_w_outside_launch_gate,,False,x_w_outside_launch_gate,0.529333166980043,2.02923686724978,1.4915575594171866,3.7931303873927593,-6.800761549137489,-5.140333150834681,0.24016917029965384,-0.011423452149977587,0.053460100937514535,0.2612363395296061,0.529333166980043,2.02923686724978,1.4915575594171866,0.06620261421745166,-0.11869568067547931,-0.08971573813147948,-0.22351319646586826,-0.02406824440655439,0.08452100909963552,-0.011423452149977587,0.053460100937514535,0.2612363395296061,0.0,0.0,0.0
358113.7871077,1887906,200.0,0.014815277496676204,0.005,vicon_frame_time,1,200.0,False,0.95,7,False,so3_window,0.1712165578865365,0.08553552484469133,True,tracking,False,False,True,0,1.2999999999999998,False,x_w_outside_launch_gate,,False,x_w_outside_launch_gate,0.5285349203170453,2.0291257334334194,1.4913136296502556,3.770783010167507,-6.787141112397574,-5.096120698590353,0.22401818309192584,-0.019478223475180745,0.054141592868882246,0.24265896060401432,0.5285349203170453,2.0291257334334194,1.4913136296502556,0.06581257890568581,-0.1184579592088082,-0.0889440852694352,-0.2072485828144334,-0.025683681995067036,0.08107107842130154,-0.019478223475180745,0.054141592868882246,0.24265896060401432,0.0,0.0,0.0
358113.7930305,1887907,200.0,0.014692774999030586,0.005,vicon_frame_time,1,200.0,False,0.95,7,False,so3_window,0.16721246235529286,0.037760808380546955,True,tracking,False,False,True,0,1.2999999999999998,False,x_w_outside_launch_gate,,False,x_w_outside_launch_gate,0.5276889211098372,2.029042068520633,1.4910565988293918,3.7723663920360213,-6.768992348722881,-5.052003710135647,0.21363940303032236,-0.01228112528145077,0.05733028899879775,0.22695219660886629,0.5276889211098372,2.029042068520633,1.4910565988293918,0.06584021413260777,-0.11814120352751845,-0.08817409856483627,-0.196751929804503,-0.025814691711609255,0.07914590537223642,-0.01228112528145077,0.05733028899879775,0.22695219660886629,0.0,0.0,0.0
358113.7990855,1887909,200.0,0.014640797498517148,0.01,vicon_frame_time,2,200.0,False,0.95,7,False,so3_window,0.4782627494903388,0.4224919453188243,True,tracking,False,False,True,0,1.2999999999999998,False,x_w_outside_launch_gate,,False,x_w_outside_launch_gate,0.5264846092342736,2.0288248032791594,1.491150218163568,4.007369928919221,-6.658225316214026,-4.988108844995488,0.17558213060007113,0.11675412359238972,0.09972094326454262,0.1885597659346112,0.5264846092342736,2.0288248032791594,1.491150218163568,0.06994179960505154,-0.11620795410757534,-0.08705892279302274,-0.16589780823573821,-0.02783352740583385,0.05032192922362338,0.11675412359238972,0.09972094326454262,0.1885597659346112,0.0,0.0,0.0
358113.8049909,1887910,200.0,0.014887897499223417,0.005,vicon_frame_time,1,200.0,False,0.95,7,False,so3_window,0.2713621558324589,0.11029091676325448,True,tracking,False,False,True,0,1.2999999999999998,False,x_w_outside_launch_gate,,False,x_w_outside_launch_gate,0.5260480023567453,2.028733555721944,1.4908694547908423,4.021128793280399,-6.621191710844605,-4.922728298552915,0.15831498125646035,0.10969739786533611,0.10723844046783151,0.19331413840348094,0.5260480023567453,2.028733555721944,1.4908694547908423,0.07018193708948939,-0.1155615957599947,-0.08591781699084677,-0.14650219364789366,-0.02616249968090857,0.054002445843081184,0.10969739786533611,0.10723844046783151,0.19331413840348094,0.0,0.0,0.0
358113.8109405,1887911,200.0,0.014478627496128445,0.005,vicon_frame_time,1,200.0,False,0.95,7,False,so3_window,0.4673548400027779,0.3937980517965711,True,tracking,False,False,True,0,1.2999999999999998,False,x_w_outside_launch_gate,,False,x_w_outside_launch_gate,0.5257443744147232,2.0284091591555806,1.4905363017179094,4.061133191678447,-6.495397506367659,-4.904446711678801,0.14202606691342193,0.11590314382255347,0.163114679728542,0.16647635239851102,0.5257443744147232,2.0284091591555806,1.4905363017179094,0.07088014555681488,-0.11336607271194499,-0.08559874310740412,-0.12450024379279444,-0.03463966277199527,0.058916778098203886,0.11590314382255347,0.163114679728542,0.16647635239851102,0.0,0.0,0.0
358113.8176073,1887912,200.0,0.014761627500984593,0.005,vicon_frame_time,1,200.0,False,0.95,7,False,so3_window,0.39908509698786404,0.2708259499263052,True,tracking,False,False,True,0,1.2999999999999998,False,x_w_outside_launch_gate,,False,x_w_outside_launch_gate,0.5256623262777209,2.0285117281081018,1.4904665304163314,4.0779039217620525,-6.522090396505372,-4.796433827007318,0.11404819078157423,0.11346579922502069,0.12486779035531101,0.20211088328812465,0.5256623262777209,2.0285117281081018,1.4904665304163314,0.07117285001473705,-0.11383195153172121,-0.08371356263530982,-0.10050502586538615,-0.022255506208415453,0.049096049125724926,0.11346579922502069,0.12486779035531101,0.20211088328812465,0.0,0.0,0.0
358113.8233894,1887913,200.0,0.014562194999268866,0.005,vicon_frame_time,1,200.0,False,0.95,7,False,so3_window,0.26734569208179,0.18080902778477645,True,tracking,False,False,True,0,1.2999999999999998,False,x_w_outside_launch_gate,,False,x_w_outside_launch_gate,0.5255496968824405,2.028482537176853,1.4903378227561586,4.1179208538851615,-6.552303456210236,-4.742917042305492,0.09545845814889406,0.12138073969322272,0.0887330046206583,0.20053504240179962,0.5255496968824405,2.028482537176853,1.4903378227561586,0.0718712772368324,-0.11435926890067272,-0.08277951853718202,-0.08236551387500388,-0.01845795782739229,0.04458187018411082,0.12138073969322272,0.0887330046206583,0.20053504240179962,0.0,0.0,0.0
358113.8295338,1887915,200.0,0.014628737496146373,0.01,vicon_frame_time,2,200.0,False,0.95,7,False,so3_window,0.27982641489323234,0.006423986673716152,True,tracking,False,False,True,0,1.2999999999999998,False,x_w_outside_launch_gate,,False,x_w_outside_launch_gate,0.5258064436855783,2.028333799661282,1.4900803866271064,4.1897626137230315,-6.473503904823904,-4.631061254118268,0.054829893449596885,0.12912935280579016,0.1072483113101774,0.1954855691444205,0.5258064436855783,2.028333799661282,1.4900803866271064,0.07312515248643026,-0.11298395727988675,-0.08082726674590157,-0.03822184761517527,-0.015407919827519354,0.03616633223268851,0.12912935280579016,0.1072483113101774,0.1954855691444205,0.0,0.0,0.0
358113.835516,1887916,200.0,0.014655637497249432,0.005,vicon_frame_time,1,200.0,False,0.95,7,False,so3_window,0.27923941290785753,0.10277207532551157,True,tracking,False,False,True,0,1.2999999999999998,False,x_w_outside_launch_gate,,False,x_w_outside_launch_gate,0.5261288143359208,2.028245502770276,1.4898292011653185,4.200346595879375,-6.418899658842672,-4.574741610025136,0.04263064414148029,0.117443357397432,0.123438384806814,0.19305173261605096,0.5261288143359208,2.028245502770276,1.4898292011653185,0.07330987782303078,-0.11203093340194537,-0.07984430352292504,-0.014015034925650958,-0.014017233350815953,0.03774212215998306,0.117443357397432,0.123438384806814,0.19305173261605096,0.0,0.0,0.0
358113.8415005,1887917,200.0,0.014747317498360174,0.005,vicon_frame_time,1,200.0,False,0.95,7,False,so3_window,0.2648896871475446,0.012843838434777074,True,tracking,False,False,True,0,1.2999999999999998,False,x_w_outside_launch_gate,,False,x_w_outside_launch_gate,0.5266189664119931,2.0281505916374694,1.4896093614930237,4.229671652464649,-6.385249192341655,-4.516554528258212,0.040774386376398714,0.11870479630010489,0.12486205895868717,0.1929873178983939,0.5266189664119931,2.0281505916374694,1.4896093614930237,0.07382169661377747,-0.11144362196667057,-0.07882874736396506,0.012069653763137886,-0.012820995094038026,0.03677629844354205,0.11870479630010489,0.12486205895868717,0.1929873178983939,0.0,0.0,0.0
358113.8475943,1887918,200.0,0.015158282497477606,0.005,vicon_frame_time,1,200.0,False,0.95,7,False,so3_window,0.2118421402212732,0.061836308774634814,True,tracking,False,False,True,0,1.2999999999999998,False,x_w_outside_launch_gate,,False,x_w_outside_launch_gate,0.5271792861856825,2.028053817771679,1.4893189235370656,4.255002372651977,-6.367287268701601,-4.467149800631057,0.0540476424916236,0.1168494591380756,0.11658560843219655,0.18853597588069856,0.5271792861856825,2.028053817771679,1.4893189235370656,0.07426380108294772,-0.11113012725915983,-0.0779664722008202,0.035808330531076814,-0.011561331451886002,0.03879750943732265,0.1168494591380756,0.11658560843219655,0.18853597588069856,0.0,0.0,0.0
358113.8536587,1887919,200.0,0.015163164999508308,0.005,vicon_frame_time,1,200.0,False,0.95,7,False,so3_window,0.29866861326331756,0.06967785213419264,True,tracking,False,False,True,0,1.2999999999999998,False,x_w_outside_launch_gate,,False,x_w_outside_launch_gate,0.5278191400505636,2.0279435176322975,1.48919719787221,4.296795964816745,-6.317823924722566,-4.4156518713228365,0.06664874603103349,0.1249992309532453,0.12807184817943937,0.18466159410706345,0.5278191400505636,2.0279435176322975,1.48919719787221,0.07499323687245862,-0.11026682904767915,-0.07706766377643248,0.056968270206952554,-0.011514749281399556,0.03262027109211928,0.1249992309532453,0.12807184817943937,0.18466159410706345,0.0,0.0,0.0
358113.8594139,1887920,200.0,0.0155115399980269,0.005,vicon_frame_time,1,200.0,False,0.95,7,False,so3_window,0.22927203654107575,0.051860154972585844,True,tracking,False,False,True,0,1.2999999999999998,False,x_w_outside_launch_gate,,False,x_w_outside_launch_gate,0.5285271768228972,2.027880268566678,1.4890435416197088,4.325953876875504,-6.278228999607938,-4.375188590676624,0.0821739356556634,0.12371175522722501,0.13145592471962017,0.1754848171421034,0.5285271768228972,2.027880268566678,1.4890435416197088,0.07550213844089093,-0.1095757672373483,-0.07636144630299757,0.07643329320916747,-0.009119275684848417,0.028763626359106315,0.12371175522722501,0.13145592471962017,0.1754848171421034,0.0,0.0,0.0
358113.8653935,1887922,200.0,0.015623394997615768,0.01,vicon_frame_time,2,200.0,False,0.95,7,False,so3_window,0.2968250665941314,0.07723871531560758,True,tracking,False,False,True,0,1.2999999999999998,False,x_w_outside_launch_gate,,False,x_w_outside_launch_gate,0.5305346919300904,2.027673101448313,1.4885621088616847,4.376795679637291,-6.155183035899694,-4.274730424287613,0.13070108673534522,0.11897393884383665,0.15987349035266868,0.17015725738085974,0.5305346919300904,2.027673101448313,1.4885621088616847,0.07638949529673367,-0.10742821003934999,-0.07460812053899302,0.12746955957244893,-0.007022952738967289,0.028017201698819924,0.11897393884383665,0.15987349035266868,0.17015725738085974,0.0,0.0,0.0
358113.8713797,1887923,200.0,0.015633494998124595,0.005,vicon_frame_time,1,200.0,False,0.95,7,False,so3_window,0.3011516781981404,0.3659259216606283,True,tracking,False,False,True,0,1.2999999999999998,False,x_w_outside_launch_gate,,False,x_w_outside_launch_gate,0.5312583284382328,2.0275198718343925,1.488504527966969,4.453944248322468,-6.13933417856335,-4.319162206923458,0.13386813889580643,0.14126111921870405,0.14044154299358866,0.11546092180921014,0.5312583284382328,2.0275198718343925,1.488504527966969,0.077735991833491,-0.10715159529615192,-0.07538360143851897,0.13181273787851175,-0.009785073074338752,0.02122105297405215,0.14126111921870405,0.14044154299358866,0.11546092180921014,0.0,0.0,0.0
358113.8772674,1887924,200.0,0.015529234999465933,0.005,vicon_frame_time,1,200.0,False,0.95,7,False,so3_window,0.28775013394908494,0.13468570600285426,True,tracking,False,False,True,0,1.2999999999999998,False,x_w_outside_launch_gate,,False,x_w_outside_launch_gate,0.5326737691479528,2.0274029785302496,1.4881299363813678,4.4747185858866505,-6.067063449735388,-4.287523209774644,0.16927872969718752,0.13176019123297547,0.1603780016603781,0.11119145503977865,0.5326737691479528,2.0274029785302496,1.4881299363813678,0.07809857242390672,-0.105890233125288,-0.07483139676624306,0.16702454468939829,-0.0073545614547413625,0.026533002562866972,0.13176019123297547,0.1603780016603781,0.11119145503977865,0.0,0.0,0.0
358113.8832573,1887925,200.0,0.015273482499520602,0.005,vicon_frame_time,1,200.0,False,0.95,7,False,so3_window,0.24470880319796798,0.029300512972759322,True,tracking,False,False,True,0,1.2999999999999998,False,x_w_outside_launch_gate,,False,x_w_outside_launch_gate,0.5341672434907068,2.027328349220478,1.4878387099401111,4.509571702881855,-6.019416956483032,-4.25320443616772,0.19912678561513772,0.132178882934834,0.16283798371673563,0.11028234355717263,0.5341672434907068,2.027328349220478,1.4878387099401111,0.07870687407005583,-0.10505864494100514,-0.07423242117155571,0.197319020716161,-0.0037005072580010294,0.026513903127712624,0.132178882934834,0.16283798371673563,0.11028234355717263,0.0,0.0,0.0
358113.8896223,1887926,200.0,0.01566974749863752,0.005,vicon_frame_time,1,200.0,False,0.95,7,False,so3_window,0.15912593288511406,0.07882465497827444,True,tracking,False,False,True,0,1.2999999999999998,False,x_w_outside_launch_gate,,False,x_w_outside_launch_gate,0.535724451517074,2.02721836291832,1.4876119821429625,4.527125934137387,-5.98837718988034,-4.226582557662339,0.2247548487195018,0.12198122560212919,0.15491346659736083,0.10583431153011348,0.535724451517074,2.02721836291832,1.4876119821429625,0.07901325320312136,-0.10451689881473758,-0.0737677817385709,0.22351237640425306,-0.002490125933262686,0.023468252808552355,0.12198122560212919,0.15491346659736083,0.10583431153011348,0.0,0.0,0.0
358113.8957378,1887928,200.0,0.015514394997602961,0.01,vicon_frame_time,2,200.0,False,0.95,7,False,so3_window,0.18800026235343337,0.07783968914432894,True,tracking,False,False,True,0,1.2999999999999998,False,x_w_outside_launch_gate,,False,x_w_outside_launch_gate,0.5392773472495911,2.027205893513984,1.4871442885857773,4.582673827765746,-5.951543265048528,-4.147543330085421,0.27705985133927075,0.11881542113489187,0.13122854259883082,0.11348746273413178,0.5392773472495911,2.027205893513984,1.4871442885857773,0.07998274683948381,-0.10387402554999037,-0.07238828697912059,0.27639091344115413,0.008269580245952276,0.017373492275849667,0.11881542113489187,0.13122854259883082,0.11348746273413178,0.0,0.0,0.0
358113.9015679,1887929,200.0,0.015675795000583335,0.005,vicon_frame_time,1,200.0,False,0.95,7,False,so3_window,0.2621560207971807,0.1417222163563325,True,tracking,False,False,True,0,1.2999999999999998,False,x_w_outside_launch_gate,,False,x_w_outside_launch_gate,0.5411843832124741,2.0271651621659323,1.4869870919677581,4.602610317820141,-5.879117343840846,-4.148341190794963,0.3003073833003016,0.11056321674002356,0.15132146534667984,0.0907377857159665,0.5411843832124741,2.0271651621659323,1.4869870919677581,0.0803307042322241,-0.10260995476112633,-0.07240221227547439,0.2998902143312308,0.010634985587998153,0.011716692988457868,0.11056321674002356,0.15132146534667984,0.0907377857159665,0.0,0.0,0.0
358113.9074998,1887930,200.0,0.0155733599997247,0.005,vicon_frame_time,1,200.0,False,0.95,7,False,so3_window,0.25884494345801456,0.17197917562660664,True,tracking,False,False,True,0,1.2999999999999998,False,x_w_outside_launch_gate,,False,x_w_outside_launch_gate,0.5432458543848262,2.027087010041309,1.4868854847248898,4.643981219138571,-5.819344918404091,-4.167796778429749,0.32507348952965776,0.11505131854164116,0.15985505521973992,0.06158731726990594,0.5432458543848262,2.027087010041309,1.4868854847248898,0.08105276267474837,-0.10156672913535214,-0.0727417763376117,0.32485297778747574,0.011171755163957166,0.004302127863617861,0.11505131854164116,0.15985505521973992,0.06158731726990594,0.0,0.0,0.0
358113.913559,1887931,200.0,0.015523859997519096,0.005,vicon_frame_time,1,200.0,False,0.95,7,False,so3_window,0.2962722198591363,0.2556634926866519,True,tracking,False,False,True,0,1.2999999999999998,False,x_w_outside_launch_gate,,False,x_w_outside_launch_gate,0.5454492311363062,2.0271189557327904,1.4867415380442885,4.669629596951309,-5.749485928924019,-4.211277438557758,0.3507849802807611,0.10824793132555124,0.17167797434101775,0.022937234442063352,0.5454492311363062,2.0271189557327904,1.4867415380442885,0.08150041131537611,-0.10034745975680881,-0.07350065701778608,0.35036238952241894,0.017207087008595273,-0.0004632012450074968,0.10824793132555124,0.17167797434101775,0.022937234442063352,0.0,0.0,0.0
358113.9196124,1887932,200.0,0.015399707498434447,0.005,vicon_frame_time,1,200.0,False,0.95,7,False,so3_window,0.1969896875551776,0.005858723695652349,True,tracking,False,False,True,0,1.2999999999999998,False,x_w_outside_launch_gate,,False,x_w_outside_launch_gate,0.5478006377970068,2.0269386088459873,1.4863513941563364,4.6909189036989964,-5.697212613446019,-4.215271550480476,0.3788273296470524,0.10236022804881377,0.17318636748979996,0.014328155356783097,0.5478006377970068,2.0269386088459873,1.4863513941563364,0.08187197981359029,-0.099435118290784,-0.07357036742153067,0.3785206828099935,0.013671279867036503,0.006733088397606141,0.10236022804881377,0.17318636748979996,0.014328155356783097,0.0,0.0,0.0
358113.9254252,1887934,200.0,0.015519762500563358,0.01,vicon_frame_time,2,200.0,False,0.95,7,False,so3_window,0.28140405573829036,0.13785989808385185,True,tracking,False,False,True,0,1.2999999999999998,False,x_w_outside_launch_gate,,False,x_w_outside_launch_gate,0.5529994028426142,2.0267856560626027,1.4858826545949577,4.734114229629731,-5.564011854913906,-4.299544974863689,0.4354202549978833,0.09009266198023066,0.18695913210623633,-0.0388023064630151,0.5529994028426142,2.0267856560626027,1.4858826545949577,0.0826258804725537,-0.09711032648824469,-0.07504121614894821,0.435047166675133,0.017869651275465588,0.00233169330187126,0.09009266198023066,0.18695913210623633,-0.0388023064630151,0.0,0.0,0.0
358113.9314239,1887935,200.0,0.015646662499140204,0.005,vicon_frame_time,1,200.0,False,0.95,7,False,so3_window,0.36302908295463715,0.1794290533652662,True,tracking,False,False,True,0,1.2999999999999998,False,x_w_outside_launch_gate,,False,x_w_outside_launch_gate,0.5558962221879646,2.026798883270932,1.485683247909993,4.755203922588176,-5.4869309231844055,-4.368163313862934,0.46758096067868976,0.08350252292008764,0.19720323867427061,-0.07564508367468867,0.5558962221879646,2.026798883270932,1.485683247909993,0.08299396505291323,-0.09576501043905994,-0.07623883209173465,0.4669388071882209,0.02440957106376975,-0.002068325731275092,0.08350252292008764,0.19720323867427061,-0.07564508367468867,0.0,0.0,0.0
358113.9374287,1887936,200.0,0.01569805749753856,0.005,vicon_frame_time,1,200.0,False,0.95,7,False,so3_window,0.26655716117527156,0.009718470343302664,True,tracking,False,False,True,0,1.2999999999999998,False,x_w_outside_launch_gate,,False,x_w_outside_launch_gate,0.558943182397448,2.0266334194228866,1.4852679224620384,4.775211415081981,-5.419158317005297,-4.399073197740026,0.5004214043697078,0.07951625035483487,0.20214136838424893,-0.08415277388288118,0.558943182397448,2.0266334194228866,1.4852679224620384,0.08334316167199818,-0.09458215531857705,-0.07677831133679902,0.49988846825445965,0.022722827288347458,0.00409565349910012,0.07951625035483487,0.20214136838424893,-0.08415277388288118,0.0,0.0,0.0
358113.9435046,1887937,200.0,0.015633275000578213,0.005,vicon_frame_time,1,200.0,False,0.95,7,False,so3_window,0.4335475550341883,0.17178475324704323,True,tracking,False,False,True,0,1.2999999999999998,False,x_w_outside_launch_gate,,False,x_w_outside_launch_gate,0.5620216144536601,2.026583115532838,1.4851369042015379,4.818230646307443,-5.337784395999937,-4.486592610882355,0.5259600897613804,0.08651878449114225,0.21138822045614966,-0.12460289676271447,0.5620216144536601,2.026583115532838,1.4851369042015379,0.08409398889855924,-0.09316191247177574,-0.07830581325554586,0.5252937642384613,0.026174656772528067,-0.00391977254793844,0.08651878449114225,0.21138822045614966,-0.12460289676271447,0.0,0.0,0.0
358113.9495119,1887938,200.0,0.01541828749818285,0.005,vicon_frame_time,1,200.0,False,0.95,7,False,so3_window,0.41559482882285587,0.13963017212329548,True,tracking,False,False,True,0,1.2999999999999998,False,x_w_outside_launch_gate,,False,x_w_outside_launch_gate,0.5654211178363986,2.02650835190565,1.4848454578067851,4.836487884951739,-5.247705711822756,-4.563976294220079,0.56075840874035,0.07856740460390318,0.22460475770712274,-0.1529162055003848,0.5654211178363986,2.02650835190565,1.4848454578067851,0.08441263782522457,-0.09158974284701982,-0.07965641331710982,0.5599636790390686,0.02956245921471476,-0.0040904932732739666,0.07856740460390318,0.22460475770712274,-0.1529162055003848,0.0,0.0,0.0
358113.9552031,1887940,200.0,0.015658217499564652,0.01,vicon_frame_time,2,200.0,False,0.95,7,False,so3_window,0.4347714620182842,0.08357673008979184,True,tracking,False,False,True,0,1.2999999999999998,False,x_w_outside_launch_gate,,False,x_w_outside_launch_gate,0.5726796003378394,2.0263215475302765,1.4841593187663942,4.8715346628364875,-5.073833356760713,-4.742068025746228,0.6273521526980258,0.06512728590900718,0.23988723352795766,-0.20661333984388888,0.5726796003378394,2.0263215475302765,1.4841593187663942,0.08502431949152855,-0.08855509777299053,-0.08276470040281891,0.6263485257117342,0.03544916134538565,-0.001266804441468164,0.06512728590900718,0.23988723352795766,-0.20661333984388888,0.0,0.0,0.0
358113.9612388,1887941,200.0,0.015723617495511443,0.005,vicon_frame_time,1,200.0,False,0.95,7,False,so3_window,0.4786927223440556,0.152702511501918,True,tracking,False,False,True,0,1.2999999999999998,False,x_w_outside_launch_gate,,False,x_w_outside_launch_gate,0.5766659792031397,2.0263045321729596,1.483979038925128,4.8901540547601945,-5.0073701569237095,-4.8622144929512485,0.6651290871625567,0.058963388080257285,0.2325079661713766,-0.2448450121134153,0.5766659792031397,2.0263045321729596,1.483979038925128,0.08534928918531648,-0.08739509610442386,-0.0848616518401859,0.6637254216411846,0.04221172303018024,-0.00913442366824379,0.058963388080257285,0.2325079661713766,-0.2448450121134153,0.0,0.0,0.0
358113.9670743,1887942,200.0,0.015427640000720331,0.005,vicon_frame_time,1,200.0,False,0.95,7,False,so3_window,0.37176549743006576,0.05982978929837654,True,tracking,False,False,True,0,1.2999999999999998,False,x_w_outside_launch_gate,,False,x_w_outside_launch_gate,0.5808129213289797,2.026156211140522,1.4835323252832202,4.906142203951096,-4.945542457430125,-4.948845301836507,0.7027452938972099,0.054065462365987166,0.22530769405234463,-0.2571357628898469,0.5808129213289797,2.026156211140522,1.4835323252832202,0.08562833502999778,-0.0863159991793272,-0.08637364468889963,0.7014021327341838,0.04328420511501113,-0.0035318377901277093,0.054065462365987166,0.22530769405234463,-0.2571357628898469,0.0,0.0,0.0
358113.97298,1887943,200.0,0.014981739996013986,0.005,vicon_frame_time,1,200.0,False,0.95,7,False,so3_window,0.5173104913458999,0.1522572635302145,True,tracking,False,False,True,0,1.2999999999999998,False,x_w_outside_launch_gate,,False,x_w_outside_launch_gate,0.5852224143874394,2.0260459825188004,1.483089198037077,4.908585466842302,-4.870275052629626,-5.07669328297127,0.7435933650035068,0.04011189991884952,0.2250452504976641,-0.29186187535679653,0.5852224143874394,2.0260459825188004,1.483089198037077,0.08567097801194112,-0.0850023351461271,-0.08860501290172884,0.7420676284392704,0.047609758138729176,-0.00019552423688139198,0.04011189991884952,0.2250452504976641,-0.29186187535679653,0.0,0.0,0.0
358113.978809,1887944,200.0,0.014932359999139552,0.005,vicon_frame_time,1,200.0,False,0.95,7,False,so3_window,0.929813814227391,0.5130688574581935,True,tracking,False,False,True,0,1.2999999999999998,False,x_w_outside_launch_gate,,False,x_w_outside_launch_gate,0.5896610505801245,2.0259325262697874,1.482902054370313,4.973830291659256,-4.709042281044361,-5.2839600309307535,0.7756950937928823,0.061316948173230884,0.2706425419145557,-0.371016559250197,0.5896610505801245,2.0259325262697874,1.482902054370313,0.08680971502488388,-0.08218829241984826,-0.09222250008352306,0.773934558770615,0.05165665366237872,-0.007730938318659494,0.061316948173230884,0.2706425419145557,-0.371016559250197,0.0,0.0,0.0
358113.984927,1887946,200.0,0.014808217499038783,0.01,vicon_frame_time,2,200.0,False,0.95,7,False,so3_window,0.4107174325252552,0.11806690072125509,True,tracking,False,False,True,0,1.2999999999999998,False,x_w_outside_launch_gate,,False,x_w_outside_launch_gate,0.5996727568918856,2.025925660158076,1.482130872451488,4.954890932538195,-4.60473810432507,-5.492521360909583,0.8658851584658416,0.024596779262401218,0.2348851600470543,-0.3728484746614627,0.5996727568918856,2.025925660158076,1.482130872451488,0.08647916085000373,-0.0803678411125146,-0.095862581983992,0.8629806500979909,0.07035841183769376,-0.008437955412427645,0.024596779262401218,0.2348851600470543,-0.3728484746614627,0.0,0.0,0.0
358113.9911623,1887947,200.0,0.014917017498036493,0.005,vicon_frame_time,1,200.0,False,0.95,7,False,so3_window,0.709272023521702,0.257662984199915,True,tracking,False,False,True,0,1.2999999999999998,False,x_w_outside_launch_gate,,False,x_w_outside_launch_gate,0.6050544909442923,2.0258679391060763,1.481872693078303,4.983986085659112,-4.4606370700124325,-5.635107661687885,0.9128678459244389,0.030868832632393272,0.27209542596136965,-0.40035350806476644,0.6050544909442923,2.0258679391060763,1.481872693078303,0.08698696706833564,-0.07785280360822977,-0.09835118240081231,0.9095278466194419,0.07676474936261453,-0.013927440605551678,0.030868832632393272,0.27209542596136965,-0.40035350806476644,0.0,0.0,0.0
358113.9970933,1887948,200.0,0.014629857496482348,0.005,vicon_frame_time,1,200.0,False,0.95,7,False,so3_window,0.5364528551104338,0.20362220824199997,True,tracking,False,False,True,0,1.2999999999999998,False,x_w_outside_launch_gate,,False,x_w_outside_launch_gate,0.610657585735149,2.0258703330044288,1.4813073595791737,4.960094743399455,-4.427957437107311,-5.781522844075153,0.9601966442229672,0.005222794108988703,0.23832494592313175,-0.4198818061951782,0.610657585735149,2.0258703330044288,1.4813073595791737,0.08656998448318376,-0.07728243641569232,-0.10090660940837815,0.9562088813971074,0.08715259782514154,-0.0068260828202841295,0.005222794108988703,0.23832494592313175,-0.4198818061951782,0.0,0.0,0.0
358114.0030605,1887949,200.0,0.014665987498347369,0.005,vicon_frame_time,1,200.0,False,0.95,7,False,so3_window,0.5517342988755889,0.026442892493536475,True,tracking,False,False,True,0,1.2999999999999998,False,x_w_outside_launch_gate,,False,x_w_outside_launch_gate,0.6164982821069045,2.0259334496966925,1.4810562782947443,4.976180852753762,-4.367976980473301,-5.928111616615382,1.0065071657600397,0.007171202810783023,0.22600384302145624,-0.4376356170248041,0.6164982821069045,2.0259334496966925,1.4810562782947443,0.08685074005525228,-0.07623557996057917,-0.1034650661356622,1.001552602647788,0.09849272991175759,-0.01575566597386495,0.007171202810783023,0.22600384302145624,-0.4376356170248041,0.0,0.0,0.0
358114.0091336,1887951,200.0,0.01478415999895338,0.01,vicon_frame_time,2,200.0,False,0.95,7,False,so3_window,0.5335434658164058,0.009709159843623435,True,tracking,False,False,True,0,1.2999999999999998,False,x_w_outside_launch_gate,,False,x_w_outside_launch_gate,0.6292688145549983,2.0258224240981995,1.4799577286856522,4.988878004731557,-4.250048362590869,-6.210816863818235,1.1152331646283193,0.0006276891775300192,0.2071318067192307,-0.458495843827665,0.6292688145549983,2.0258224240981995,1.4799577286856522,0.08707234716289092,-0.07417733729620446,-0.10839920351201648,1.109449917671518,0.11322065408480989,-0.0068538422921711195,0.0006276891775300192,0.2071318067192307,-0.458495843827665,0.0,0.0,0.0
358114.0151481,1887952,200.0,0.01506735999805647,0.005,vicon_frame_time,1,200.0,False,0.95,7,False,so3_window,0.5480635481654851,0.12306409116436316,True,tracking,False,False,True,0,1.2999999999999998,False,x_w_outside_launch_gate,,False,x_w_outside_launch_gate,0.6361197045840767,2.025884143989983,1.4794099725696095,4.98250801978136,-4.160723321345947,-6.33931638430541,1.1728468256838342,-0.008665402123356139,0.2179013879049642,-0.46087091737250724,0.6361197045840767,2.025884143989983,1.4794099725696095,0.08696116995220748,-0.07261832122200085,-0.11064194323175158,1.1659928067848937,0.12651447870663068,-0.004953556310517179,-0.008665402123356139,0.2179013879049642,-0.46087091737250724,0.0,0.0,0.0
358114.0210072,1887953,200.0,0.015215557500021747,0.005,vicon_frame_time,1,200.0,False,0.95,7,False,so3_window,0.39259212528205484,0.14536166394840083,True,tracking,False,False,True,0,1.2999999999999998,False,x_w_outside_launch_gate,,False,x_w_outside_launch_gate,0.6435049254846441,2.025889243132756,1.478777173634988,4.977818781487062,-4.111703820362978,-6.440094782142793,1.241643111702629,-0.014178398538638684,0.20491811411726074,-0.44479109503378084,0.6435049254846441,2.025889243132756,1.478777173634988,0.08687932730456138,-0.07176276953216343,-0.11240085808889866,1.2340205743562633,0.13735988263854818,-0.0017611205380579503,-0.014178398538638684,0.20491811411726074,-0.44479109503378084,0.0,0.0,0.0
358114.0269615,1887954,200.0,0.014888357500575,0.005,vicon_frame_time,1,200.0,False,0.95,7,False,so3_window,0.5426142748377243,0.18048616882656854,True,tracking,False,False,True,0,1.2999999999999998,False,x_w_outside_launch_gate,,False,x_w_outside_launch_gate,0.6511122901195354,2.026038510726591,1.4783608624447944,4.98501717638131,-4.007380863348669,-6.555622223796896,1.3042682170954527,-0.0123854834736096,0.22540792048792288,-0.4427185460196081,0.6511122901195354,2.026038510726591,1.4783608624447944,0.08700496299632476,-0.06994199044684724,-0.1144171923221684,1.295174990359214,0.15349987589255323,-0.008666866465530873,-0.0123854834736096,0.22540792048792288,-0.4427185460196081,0.0,0.0,0.0
358114.0329809,1887955,200.0,0.014594157499440694,0.005,vicon_frame_time,1,200.0,False,0.95,7,False,so3_window,0.6332613886608008,0.3705903047611999,True,tracking,False,False,True,0,1.2999999999999998,False,x_w_outside_launch_gate,,False,x_w_outside_launch_gate,0.6592635571328818,2.026291458871949,1.4778516961564176,4.983727863481742,-3.8504208999314296,-6.6464937328112175,1.3774803050881397,-0.014693795777814583,0.27422992662610024,-0.4294086046826466,0.6592635571328818,2.026291458871949,1.4778516961564176,0.08698246024113887,-0.06720252229140655,-0.116003199350724,1.366410201064026,0.17398476645444907,-0.010220292347739315,-0.014693795777814583,0.27422992662610024,-0.4294086046826466,0.0,0.0,0.0
358114.0390568,1887956,200.0,0.015252189996896693,0.005,vicon_frame_time,1,200.0,False,0.95,7,False,so3_window,0.3261303605498258,0.20336760180645921,True,tracking,False,False,True,0,1.2999999999999998,False,x_w_outside_launch_gate,,False,x_w_outside_launch_gate,0.6677629149215374,2.026705952995318,1.4773735660800342,4.993523595322136,-3.844209929350589,-6.739860037845007,1.449946637112082,-0.01019034396293707,0.2274097529620719,-0.41214454042804116,0.6677629149215374,2.026705952995318,1.4773735660800342,0.08715342801439618,-0.06709412040502638,-0.117632748783985,1.436106716410467,0.1991124152135026,-0.017233562058603713,-0.01019034396293707,0.2274097529620719,-0.41214454042804116,0.0,0.0,0.0
358114.044939,1887957,200.0,0.015330160000036602,0.005,vicon_frame_time,1,200.0,False,0.95,7,False,so3_window,0.4303368886555467,0.12716705147881993,True,tracking,False,False,True,0,1.2999999999999998,False,x_w_outside_launch_gate,,False,x_w_outside_launch_gate,0.6767983622221561,2.0272299188438665,1.4769152304993112,5.027703369300228,-3.756591046305646,-6.821864877837901,1.5302655297494698,0.008231702786923563,0.2361306083561916,-0.3953268154810691,0.6767983622221561,2.0272299188438665,1.4769152304993112,0.08774997760790137,-0.06556488240897229,-0.11906400324443212,1.5132008618149062,0.22665619337751441,-0.02372157974640629,0.008231702786923563,0.2361306083561916,-0.3953268154810691,0.0,0.0,0.0
358114.051199,1887959,200.0,0.015588122500405359,0.01,vicon_frame_time,2,200.0,False,0.95,7,False,so3_window,0.3145211595986199,0.14547789783109652,True,tracking,False,False,True,0,1.2999999999999998,False,x_w_outside_launch_gate,,False,x_w_outside_launch_gate,0.6964485844004704,2.0284332525186395,1.4758861745677905,5.0460919124134875,-3.6244197686817694,-6.944162949582915,1.7043266994774582,0.011231282969052826,0.2287108726723948,-0.3470617015882292,0.6964485844004704,2.0284332525186395,1.4758861745677905,0.08807091822987267,-0.06325805843786814,-0.12119850726522285,1.6810099461132602,0.2790562476515619,-0.03259862369257989,0.011231282969052826,0.2287108726723948,-0.3470617015882292,0.0,0.0,0.0
358114.057728,1887960,200.0,0.015639422501765136,0.005,vicon_frame_time,1,200.0,False,0.95,7,False,so3_window,0.21082623206741966,0.24786970416104556,True,tracking,False,False,True,0,1.2999999999999998,False,x_w_outside_launch_gate,,False,x_w_outside_launch_gate,0.7069959653623452,2.0293091451494276,1.4756717501269039,5.014821027004383,-3.5850550383095467,-6.975726619341875,1.7955768958044023,-0.009988761871066055,0.21179790668991666,-0.3094805773022104,0.7069959653623452,2.0293091451494276,1.4756717501269039,0.08752513831946995,-0.06257101428371303,-0.12174939722652889,1.7676090158577513,0.31137476854457147,-0.051966424918208354,-0.009988761871066055,0.21179790668991666,-0.3094805773022104,0.0,0.0,0.0
358114.0635056,1887961,200.0,0.01562532999744906,0.005,vicon_frame_time,1,200.0,False,0.95,7,False,so3_window,0.2282516046374081,0.16301345318197122,True,tracking,False,False,True,0,1.2999999999999998,False,x_w_outside_launch_gate,,False,x_w_outside_launch_gate,0.7182618232073104,2.0303005738617363,1.4753129558173015,5.018337179113835,-3.5331014616655843,-7.0154957053289095,1.899206097428688,-0.007714524765566039,0.20458824725999541,-0.2835459673968825,0.7182618232073104,2.0303005738617363,1.4753129558173015,0.08758650675078083,-0.06166425331308867,-0.12244349871751137,1.866281012229337,0.3464677611729839,-0.06276204561937361,-0.007714524765566039,0.20458824725999541,-0.2835459673968825,0.0,0.0,0.0
358114.0694201,1887962,200.0,0.015673254998719337,0.005,vicon_frame_time,1,200.0,False,0.95,7,False,so3_window,0.10810502880410774,0.24108144784550387,True,tracking,False,False,True,0,1.2999999999999998,False,x_w_outside_launch_gate,,False,x_w_outside_launch_gate,0.7303095257574088,2.0311715919879694,1.474923141939334,5.000264252582371,-3.5081842171307995,-7.017972113328652,2.014255445315107,-0.017032068013164276,0.18480464220199588,-0.23898456257954778,0.7303095257574088,2.0311715919879694,1.474923141939334,0.08727107467733575,-0.06122936535543211,-0.12248672019072959,1.9783410158800703,0.3717557699492696,-0.07203798565754985,-0.017032068013164276,0.18480464220199588,-0.23898456257954778,0.0,0.0,0.0
358114.075554,1887964,200.0,0.015730172498726,0.01,vicon_frame_time,2,200.0,False,0.95,7,False,so3_window,0.14926357465355927,0.2976293108326976,True,tracking,False,False,True,0,1.2999999999999998,False,x_w_outside_launch_gate,,False,x_w_outside_launch_gate,0.7561029994146207,2.0337014120225696,1.4748698966031406,5.023438961299905,-3.587524351723407,-7.04140846048838,2.2417040070561547,-0.000750436773835985,0.08811443533352088,-0.1766376989617207,0.7561029994146207,2.0337014120225696,1.4748698966031406,0.08767554964764734,-0.06261411193304856,-0.12289576161330729,2.1938935719280357,0.4431718972881749,-0.12516596885121817,-0.000750436773835985,0.08811443533352088,-0.1766376989617207,0.0,0.0,0.0
358114.0819612,1887965,200.0,0.015406372496064696,0.005,vicon_frame_time,1,200.0,False,0.95,7,False,so3_window,0.8324540034318753,0.9453092274272619,True,tracking,False,False,True,0,1.2999999999999998,False,x_w_outside_launch_gate,,False,x_w_outside_launch_gate,0.7706006028521935,2.0349478238084746,1.4753416970080102,5.196191807067083,-3.7027027277761464,-6.9345610841417225,2.389877575795838,0.10383484410580224,0.012208671108609848,-0.07943657080654387,0.7706006028521935,2.0349478238084746,1.4753416970080102,0.09069065559847456,-0.06462435382226905,-0.12103092309894059,2.3371430619894693,0.4675525784722036,-0.1751334389837442,0.10383484410580224,0.012208671108609848,-0.07943657080654387,0.0,0.0,0.0
358114.0877763,1887966,200.0,0.015523904998703972,0.005,vicon_frame_time,1,200.0,False,0.95,7,False,so3_window,0.27114460842054705,0.12196165534984776,True,tracking,False,False,True,0,1.2999999999999998,False,x_w_outside_launch_gate,,False,x_w_outside_launch_gate,0.7851635411083842,2.0361962275162426,1.475480534588292,5.192835563827001,-3.6292783308965615,-6.959473929914117,2.5083668827837817,0.0836488095869827,0.05140728702208945,-0.08446945816480557,0.7851635411083842,2.0361962275162426,1.475480534588292,0.09063207810343732,-0.06334285634542924,-0.12146573428371044,2.451834997769214,0.4934139043591813,-0.19222976186192342,0.0836488095869827,0.05140728702208945,-0.08446945816480557,0.0,0.0,0.0
358114.0938279,1887967,200.0,0.01523914999951548,0.005,vicon_frame_time,1,200.0,False,0.95,7,False,so3_window,0.380655693424228,0.470955527607462,True,tracking,False,False,True,0,1.2999999999999998,False,x_w_outside_launch_gate,,False,x_w_outside_launch_gate,0.8004746139541856,2.037704862927656,1.476017573789559,5.195877247887485,-3.7345728214058376,-6.931460735976332,2.634728649426639,0.07252299477454154,-0.016697540014233667,-0.04864665060589405,0.8004746139541856,2.037704862927656,1.476017573789559,0.0906851655050982,-0.06518059188902603,-0.12097681181549635,2.571422871895338,0.5244898818240155,-0.2334305761190824,0.07252299477454154,-0.016697540014233667,-0.04864665060589405,0.0,0.0,0.0
358114.0997909,1887968,200.0,0.015751490000168615,0.005,vicon_frame_time,1,200.0,False,0.95,7,False,so3_window,0.30177567426538204,0.26557375934096994,True,tracking,False,False,True,0,1.2999999999999998,False,x_w_outside_launch_gate,,False,x_w_outside_launch_gate,0.8166709521626236,2.039069105064364,1.4765962347734969,5.2750510014053225,-3.7023633726108907,-6.922651121537697,2.7718553689138656,0.1068312005780934,0.005213589525199312,-0.0371551407858241,0.8166709521626236,2.039069105064364,1.4765962347734969,0.0920670081851469,-0.06461843095730169,-0.12082305503771096,2.704291569010302,0.5472539778477047,-0.2655228421177448,0.1068312005780934,0.005213589525199312,-0.0371551407858241,0.0,0.0,0.0
358114.105895,1887970,200.0,0.01522646749773791,0.01,vicon_frame_time,2,200.0,False,0.95,7,False,so3_window,0.3249312844403672,0.23826289757951896,True,tracking,False,False,True,0,1.2999999999999998,False,x_w_outside_launch_gate,,False,x_w_outside_launch_gate,0.8507769744026681,2.0421697484198438,1.4782298525478383,5.187797001429417,-3.8472826699962153,-6.838944383862981,3.030874606010158,0.0329024044489952,-0.06702630113086641,0.023703229328247914,0.8507769744026681,2.0421697484198438,1.4782298525478383,0.0905441386000323,-0.06714774984635241,-0.11936209685918397,2.952019398369691,0.5956000836078135,-0.34211531595741634,0.0329024044489952,-0.06702630113086641,0.023703229328247914,0.0,0.0,0.0
358114.1119234,1887971,200.0,0.015268367500281026,0.005,vicon_frame_time,1,200.0,False,0.95,7,False,so3_window,0.3843412657110388,0.20958033590622474,True,tracking,False,False,True,0,1.2999999999999998,False,x_w_outside_launch_gate,,False,x_w_outside_launch_gate,0.869341045746824,2.0435056306299657,1.4788248838892737,5.140455518007988,-3.9231323959428788,-6.771400401061941,3.184896177716015,0.0025377121334211675,-0.09627622074349368,0.06277240225519053,0.869341045746824,2.0435056306299657,1.4788248838892737,0.08971787384155006,-0.06847157730085707,-0.1181832319693954,3.1048951304461987,0.608750606035864,-0.3641601178225498,0.0025377121334211675,-0.09627622074349368,0.06277240225519053,0.0,0.0,0.0
358114.1177041,1887972,200.0,0.015684257497961474,0.005,vicon_frame_time,1,200.0,False,0.95,7,False,so3_window,0.26881985808284936,0.4724375796601371,True,tracking,False,False,True,0,1.2999999999999998,False,x_w_outside_launch_gate,,False,x_w_outside_launch_gate,0.8885309030996851,2.0449442976449355,1.4798406865919564,5.132860244387611,-3.859783156543106,-6.72775514271863,3.3334219584713027,-0.000580879403908852,-0.041252478176151915,0.07424266469817059,0.8885309030996851,2.0449442976449355,1.4798406865919564,0.0895853113092846,-0.06736592449469692,-0.1174214785084211,3.250141070071069,0.6255833074361485,-0.3961445485087362,-0.000580879403908852,-0.041252478176151915,0.07424266469817059,0.0,0.0,0.0
358114.1236446,1887973,200.0,0.015638917498463644,0.005,vicon_frame_time,1,200.0,False,0.95,7,False,so3_window,0.3129478380047643,0.3330203495831941,True,tracking,False,False,True,0,1.2999999999999998,False,x_w_outside_launch_gate,,False,x_w_outside_launch_gate,0.9081406032221042,2.0466265823562337,1.4810436234972453,5.043971495460339,-3.8574330701177875,-6.734684659989356,3.4688281575840865,-0.05247109510313411,-0.033371618995100355,0.05774043445861288,0.9081406032221042,2.0466265823562337,1.4810436234972453,0.08803390997252514,-0.06732490774886868,-0.11754242140036908,3.3790648786190585,0.6533778804270379,-0.43334360304502706,-0.05247109510313411,-0.033371618995100355,0.05774043445861288,0.0,0.0,0.0
358114.1297103,1887975,200.0,0.015478167499629054,0.01,vicon_frame_time,2,200.0,False,0.95,7,False,so3_window,0.8851118737258712,0.8884356664087492,True,tracking,False,False,True,0,1.2999999999999998,False,x_w_outside_launch_gate,,False,x_w_outside_launch_gate,0.9505221752391693,2.0489219274162034,1.4818602648449397,4.805251016755754,-3.4593384548142474,-6.924265228214922,3.774915585029547,-0.1666342670760274,0.17323400294466124,-0.07452385054299465,0.9505221752391693,2.0489219274162034,1.4818602648449397,0.08386745162719311,-0.060376845977361704,-0.12085122651370694,3.6905080477016003,0.6841147120343988,-0.40264759371785563,-0.1666342670760274,0.17323400294466124,-0.07452385054299465,0.0,0.0,0.0
358114.1356468,1887976,200.0,0.015384467499194872,0.005,vicon_frame_time,1,200.0,False,0.95,7,False,so3_window,1.1428402787078649,0.9661865554775231,True,tracking,False,False,True,0,1.2999999999999998,False,x_w_outside_launch_gate,,False,x_w_outside_launch_gate,0.9731609191722623,2.050122387565157,1.4818279547049735,4.591689737919608,-3.2160668393640743,-6.962385260604438,3.9431084917930996,-0.2644022431549505,0.283607342896079,-0.09576249391287914,0.9731609191722623,2.050122387565157,1.4818279547049735,0.08014010415673267,-0.056130955311110675,-0.12151654658987088,3.8619397485360176,0.7061642025989439,-0.3672302761159684,-0.2644022431549505,0.283607342896079,-0.09576249391287914,0.0,0.0,0.0
358114.1416718,1887977,200.0,0.01537638999902509,0.005,vicon_frame_time,1,200.0,False,0.95,7,False,so3_window,1.2389175504216328,0.8840016005239169,True,tracking,False,False,True,0,1.2999999999999998,False,x_w_outside_launch_gate,,False,x_w_outside_launch_gate,0.9964180070483324,2.0511739339434003,1.4815323798582467,4.389179683020522,-2.9412133843034276,-7.049153917334923,4.100991170625283,-0.3408651102802295,0.3918103355860994,-0.14257591241318274,0.9964180070483324,2.0511739339434003,1.4815323798582467,0.07660563693034916,-0.05133385755982012,-0.1230309453373506,4.023422608927074,0.7256223208043686,-0.32198033957288164,-0.3408651102802295,0.3918103355860994,-0.14257591241318274,0.0,0.0,0.0
358114.147564,1887978,200.0,0.01562648999710899,0.005,vicon_frame_time,1,200.0,False,0.95,7,False,so3_window,1.2241362014818193,0.4737088873321585,True,tracking,False,False,True,0,1.2999999999999998,False,x_w_outside_launch_gate,,False,x_w_outside_launch_gate,1.0201067019264891,2.052224700538276,1.4809748631962267,4.1960743569820895,-2.6903231704885098,-7.190788294651366,4.243154093154991,-0.40044870595310517,0.46590433232777767,-0.21181101503947816,1.0201067019264891,2.052224700538276,1.4809748631962267,0.07323531318784138,-0.046954997267717236,-0.1255029315555345,4.167485826042541,0.74983755788785,-0.2723273485591461,-0.40044870595310517,0.46590433232777767,-0.21181101503947816,0.0,0.0,0.0
358114.1535937,1887979,200.0,0.01546828499878169,0.005,vicon_frame_time,1,200.0,False,0.95,7,False,so3_window,1.4573429036378867,0.35616755995859384,True,tracking,False,False,True,0,1.2999999999999998,False,x_w_outside_launch_gate,,False,x_w_outside_launch_gate,1.0443308017077504,2.0532519345902527,1.4799481085376858,3.972313869719363,-2.3467138132750445,-7.260109217251228,4.37780973776679,-0.46566055023409203,0.5847857021143018,-0.23093575299035107,1.0443308017077504,2.0532519345902527,1.4799481085376858,0.06932995594923996,-0.04095788264368094,-0.12671280989542222,4.30481557585555,0.7703525515332853,-0.2008429842024175,-0.46566055023409203,0.5847857021143018,-0.23093575299035107,0.0,0.0,0.0
358114.1597277,1887980,200.0,0.015584112499049165,0.005,vicon_frame_time,1,200.0,False,0.95,7,False,so3_window,0.9760329042143686,0.6827561095984946,True,tracking,False,False,True,0,1.2999999999999998,False,x_w_outside_launch_gate,,False,x_w_outside_launch_gate,1.0685869859807,2.05443494990211,1.4786549960242212,3.7085696595674396,-2.2874457811283873,-7.321718819598105,4.484937445311796,-0.5429432241522187,0.519323047153898,-0.23048921958685298,1.0685869859807,2.05443494990211,1.4786549960242212,0.06472675109901704,-0.039923460341543926,-0.12778810030721965,4.411664432576845,0.7938085017090704,-0.14747503283854158,-0.5429432241522187,0.519323047153898,-0.23048921958685298,0.0,0.0,0.0
358114.165625,1887982,200.0,0.01560699749609082,0.01,vicon_frame_time,2,200.0,False,0.95,7,False,so3_window,1.3657909979917133,0.4425597283210716,True,tracking,False,False,True,0,1.2999999999999998,False,x_w_outside_launch_gate,,False,x_w_outside_launch_gate,1.1168595456355703,2.0566965461402003,1.4741406711436023,3.43173555452058,-1.5792160335663097,-7.497398096215884,4.627390232190695,-0.5282941154451767,0.7253430543690916,-0.27562710551459146,1.1168595456355703,2.0566965461402003,1.4741406711436023,0.059895084484137495,-0.027562519386017392,-0.1308542821117218,4.551107240861304,0.8351611405704289,0.05166345356980351,-0.5282941154451767,0.7253430543690916,-0.27562710551459146,0.0,0.0,0.0
358114.1716008,1887983,200.0,0.01550549749810923,0.005,vicon_frame_time,1,200.0,False,0.95,7,False,so3_window,1.0559742518788968,1.9751631607703464,True,tracking,False,False,True,0,1.2999999999999998,False,x_w_outside_launch_gate,,False,x_w_outside_launch_gate,1.141106883492153,2.0574404157687884,1.4738454837278687,3.722278295030947,-1.5527298509107472,-7.424955337753326,4.676612916061648,-0.27005072092417776,0.6224553797756873,-0.1885989517799012,1.141106883492153,2.0574404157687884,1.4738454837278687,0.0649660119238109,-0.027100248292393214,-0.12958991745732318,4.604844790395162,0.8160702208557932,0.011925505337335135,-0.27005072092417776,0.6224553797756873,-0.1885989517799012,0.0,0.0,0.0
358114.177716,1887984,200.0,0.01565924249744957,0.005,vicon_frame_time,1,200.0,False,0.95,7,False,so3_window,1.8000131243223219,1.5935321080091753,True,tracking,False,False,True,0,1.2999999999999998,False,x_w_outside_launch_gate,,False,x_w_outside_launch_gate,1.1651462023006687,2.0585851148124075,1.472513496504842,3.930628127575076,-1.0813916673901527,-7.44885026038662,4.708537088942693,-0.10414192171709044,0.7913953236740836,-0.18933224828616801,1.1651462023006687,2.0585851148124075,1.472513496504842,0.06860240249768479,-0.01887384509958956,-0.13000696253178345,4.634478877012751,0.8294674088679459,0.06253698183841622,-0.10414192171709044,0.7913953236740836,-0.18933224828616801,0.0,0.0,0.0
358114.1834854,1887985,200.0,0.01567184249880474,0.005,vicon_frame_time,1,200.0,False,0.95,7,False,so3_window,1.771804313976395,1.002701887328147,True,tracking,False,False,True,0,1.2999999999999998,False,x_w_outside_launch_gate,,False,x_w_outside_launch_gate,1.1892229030011032,2.0594731456297737,1.4707121618229462,4.035527133121023,-0.5886494586909607,-7.512393647139662,4.735563161322994,-0.026292761543375134,0.9429087811000494,-0.21456530826457787,1.1892229030011032,2.0594731456297737,1.4707121618229462,0.07043323552652936,-0.010273871194239614,-0.1311160038484922,4.65945011750209,0.8348540174018257,0.134543030355431,-0.026292761543375134,0.9429087811000494,-0.21456530826457787,0.0,0.0,0.0
358114.1900287,1887986,200.0,0.015621249999057361,0.005,vicon_frame_time,1,200.0,False,0.95,7,False,so3_window,1.2333458833064412,0.07201727294797784,True,valid_r5_launch_window,True,True,True,1,1.2999999999999998,False,approved_launch_gate,,True,approved_launch_gate,1.2132930526194863,2.060545203099878,1.4691278053358447,4.1522616577798575,-0.2618099200139512,-7.579518128167157,4.756283360821408,0.045716015014208466,0.9726331789865359,-0.23133082117745732,1.2132930526194863,2.060545203099878,1.4691278053358447,0.07247063733257653,-0.004569445118626447,-0.13228754705111445,4.676813349638166,0.8478648974970273,0.17542353509487868,0.045716015014208466,0.9726331789865359,-0.23133082117745732,0.0,0.0,0.0
358114.1961287,1887988,200.0,0.01591964249680887,0.01,vicon_frame_time,2,200.0,False,0.95,7,False,so3_window,1.6516505134549015,0.40445726102538104,True,valid_r5_launch_window,True,True,True,2,1.2999999999999998,False,approved_launch_gate,,True,approved_launch_gate,1.2613096768136094,2.0624763382647906,1.465242983422021,4.282000370668288,0.6598840540257507,-7.74989558012902,4.781529568749395,0.09956962771499875,1.153322678372088,-0.2857108305202707,1.2613096768136094,2.0624763382647906,1.465242983422021,0.07473500503977926,0.011517149424157491,-0.13526119455900742,4.692454662689734,0.8684638088693387,0.299440925910796,0.09956962771499875,1.153322678372088,-0.2857108305202707,0.0,0.0,0.0
